      #Energy        TDOS
     -29.98888       0.00000
     -29.97688       0.00000
     -29.96388       0.00000
     -29.95188       0.00000
     -29.93888       0.00000
     -29.92688       0.00000
     -29.91388       0.00000
     -29.90088       0.00000
     -29.88888       0.00000
     -29.87588       0.00000
     -29.86388       0.00000
     -29.85088       0.00000
     -29.83888       0.00000
     -29.82588       0.00000
     -29.81288       0.00000
     -29.80088       0.00000
     -29.78788       0.00000
     -29.77588       0.00000
     -29.76288       0.00000
     -29.75088       0.00000
     -29.73788       0.00000
     -29.72488       0.00000
     -29.71288       0.00000
     -29.69988       0.00000
     -29.68788       0.00000
     -29.67488       0.00000
     -29.66288       0.00000
     -29.64988       0.00000
     -29.63788       0.00000
     -29.62488       0.00000
     -29.61188       0.00000
     -29.59988       0.00000
     -29.58688       0.00000
     -29.57488       0.00000
     -29.56188       0.00000
     -29.54988       0.00000
     -29.53688       0.00000
     -29.52388       0.00000
     -29.51188       0.00000
     -29.49888       0.00000
     -29.48688       0.00000
     -29.47388       0.00000
     -29.46188       0.00000
     -29.44888       0.00000
     -29.43588       0.00000
     -29.42388       0.00000
     -29.41088       0.00000
     -29.39888       0.00000
     -29.38588       0.00000
     -29.37388       0.00000
     -29.36088       0.00000
     -29.34788       0.00000
     -29.33588       0.00000
     -29.32288       0.00000
     -29.31088       0.00000
     -29.29788       0.00000
     -29.28588       0.00000
     -29.27288       0.00000
     -29.25988       0.00000
     -29.24788       0.00000
     -29.23488       0.00000
     -29.22288       0.00000
     -29.20988       0.00000
     -29.19788       0.00000
     -29.18488       0.00000
     -29.17188       0.00000
     -29.15988       0.00000
     -29.14688       0.00000
     -29.13488       0.00000
     -29.12188       0.00000
     -29.10988       0.00000
     -29.09688       0.00000
     -29.08388       0.00000
     -29.07188       0.00000
     -29.05888       0.00000
     -29.04688       0.00000
     -29.03388       0.00000
     -29.02188       0.00000
     -29.00888       0.00000
     -28.99588       0.00000
     -28.98388       0.00000
     -28.97088       0.00000
     -28.95888       0.00000
     -28.94588       0.00000
     -28.93388       0.00000
     -28.92088       0.00000
     -28.90888       0.00000
     -28.89588       0.00000
     -28.88288       0.00000
     -28.87088       0.00000
     -28.85788       0.00000
     -28.84588       0.00000
     -28.83288       0.00000
     -28.82088       0.00000
     -28.80788       0.00000
     -28.79488       0.00000
     -28.78288       0.00000
     -28.76988       0.00000
     -28.75788       0.00000
     -28.74488       0.00000
     -28.73288       0.00000
     -28.71988       0.00000
     -28.70688       0.00000
     -28.69488       0.00000
     -28.68188       0.00000
     -28.66988       0.00000
     -28.65688       0.00000
     -28.64488       0.00000
     -28.63188       0.00000
     -28.61888       0.00000
     -28.60688       0.00000
     -28.59388       0.00000
     -28.58188       0.00000
     -28.56888       0.00000
     -28.55688       0.00000
     -28.54388       0.00000
     -28.53088       0.00000
     -28.51888       0.00000
     -28.50588       0.00000
     -28.49388       0.00000
     -28.48088       0.00000
     -28.46888       0.00000
     -28.45588       0.00000
     -28.44288       0.00000
     -28.43088       0.00001
     -28.41788       0.00007
     -28.40588       0.00030
     -28.39288       0.00115
     -28.38088       0.00396
     -28.36788       0.01220
     -28.35488       0.03358
     -28.34288       0.08268
     -28.32988       0.18281
     -28.31788       0.36431
     -28.30488       0.65773
     -28.29288       1.08350
     -28.27988       1.64369
     -28.26788       2.32317
     -28.25488       3.10124
     -28.24188       3.96560
     -28.22988       4.91593
     -28.21688       5.95180
     -28.20488       7.05252
     -28.19188       8.16543
     -28.17988       9.21354
     -28.16688      10.11970
     -28.15388      10.83405
     -28.14188      11.35013
     -28.12888      11.70476
     -28.11688      11.96745
     -28.10388      12.22649
     -28.09188      12.57547
     -28.07888      13.09751
     -28.06588      13.84611
     -28.05388      14.82913
     -28.04088      16.01110
     -28.02888      17.34403
     -28.01588      18.81962
     -28.00388      20.51453
     -27.99088      22.59530
     -27.97788      25.27310
     -27.96588      28.72577
     -27.95288      33.02306
     -27.94088      38.09712
     -27.92788      43.77070
     -27.91588      49.82764
     -27.90288      56.09511
     -27.88988      62.49895
     -27.87788      69.07309
     -27.86488      75.91747
     -27.85288      83.12697
     -27.83988      90.73051
     -27.82788      98.66586
     -27.81488     106.80483
     -27.80188     115.01293
     -27.78988     123.20783
     -27.77688     131.38828
     -27.76488     139.62152
     -27.75188     148.00370
     -27.73988     156.61211
     -27.72688     165.47128
     -27.71388     174.54537
     -27.70188     183.75961
     -27.68888     193.04298
     -27.67688     202.37410
     -27.66388     211.80641
     -27.65188     221.44673
     -27.63888     231.39688
     -27.62588     241.68198
     -27.61388     252.20778
     -27.60088     262.77506
     -27.58888     273.13997
     -27.57588     283.08949
     -27.56388     292.48597
     -27.55088     301.25779
     -27.53888     309.34837
     -27.52588     316.66282
     -27.51288     323.05597
     -27.50088     328.37386
     -27.48788     332.52410
     -27.47588     335.52869
     -27.46288     337.53028
     -27.45088     338.75330
     -27.43788     339.44565
     -27.42488     339.83416
     -27.41288     340.10715
     -27.39988     340.42188
     -27.38788     340.91960
     -27.37488     341.73030
     -27.36288     342.95765
     -27.34988     344.64942
     -27.33688     346.76664
     -27.32488     349.17484
     -27.31188     351.66599
     -27.29988     354.00757
     -27.28688     356.00476
     -27.27488     357.54696
     -27.26188     358.62166
     -27.24888     359.29554
     -27.23688     359.67481
     -27.22388     359.86585
     -27.21188     359.95182
     -27.19888     359.98631
     -27.18688     359.99862
     -27.17388     360.00253
     -27.16088     360.00363
     -27.14888     360.00390
     -27.13588     360.00396
     -27.12388     360.00397
     -27.11088     360.00398
     -27.09888     360.00398
     -27.08588     360.00398
     -27.07288     360.00398
     -27.06088     360.00398
     -27.04788     360.00398
     -27.03588     360.00398
     -27.02288     360.00398
     -27.01088     360.00398
     -26.99788     360.00398
     -26.98488     360.00398
     -26.97288     360.00398
     -26.95988     360.00398
     -26.94788     360.00398
     -26.93488     360.00398
     -26.92288     360.00398
     -26.90988     360.00398
     -26.89688     360.00398
     -26.88488     360.00398
     -26.87188     360.00398
     -26.85988     360.00398
     -26.84688     360.00398
     -26.83488     360.00398
     -26.82188     360.00398
     -26.80988     360.00398
     -26.79688     360.00398
     -26.78388     360.00398
     -26.77188     360.00398
     -26.75888     360.00398
     -26.74688     360.00398
     -26.73388     360.00398
     -26.72188     360.00398
     -26.70888     360.00398
     -26.69588     360.00398
     -26.68388     360.00398
     -26.67088     360.00398
     -26.65888     360.00398
     -26.64588     360.00398
     -26.63388     360.00398
     -26.62088     360.00398
     -26.60788     360.00398
     -26.59588     360.00398
     -26.58288     360.00398
     -26.57088     360.00398
     -26.55788     360.00398
     -26.54588     360.00398
     -26.53288     360.00398
     -26.51988     360.00398
     -26.50788     360.00398
     -26.49488     360.00398
     -26.48288     360.00398
     -26.46988     360.00398
     -26.45788     360.00398
     -26.44488     360.00398
     -26.43188     360.00398
     -26.41988     360.00398
     -26.40688     360.00398
     -26.39488     360.00398
     -26.38188     360.00398
     -26.36988     360.00398
     -26.35688     360.00398
     -26.34388     360.00398
     -26.33188     360.00398
     -26.31888     360.00398
     -26.30688     360.00398
     -26.29388     360.00398
     -26.28188     360.00398
     -26.26888     360.00398
     -26.25588     360.00398
     -26.24388     360.00398
     -26.23088     360.00398
     -26.21888     360.00398
     -26.20588     360.00398
     -26.19388     360.00398
     -26.18088     360.00398
     -26.16888     360.00398
     -26.15588     360.00398
     -26.14288     360.00398
     -26.13088     360.00398
     -26.11788     360.00398
     -26.10588     360.00398
     -26.09288     360.00398
     -26.08088     360.00398
     -26.06788     360.00398
     -26.05488     360.00398
     -26.04288     360.00398
     -26.02988     360.00398
     -26.01788     360.00398
     -26.00488     360.00398
     -25.99288     360.00398
     -25.97988     360.00398
     -25.96688     360.00398
     -25.95488     360.00398
     -25.94188     360.00398
     -25.92988     360.00398
     -25.91688     360.00398
     -25.90488     360.00398
     -25.89188     360.00398
     -25.87888     360.00398
     -25.86688     360.00398
     -25.85388     360.00398
     -25.84188     360.00398
     -25.82888     360.00398
     -25.81688     360.00398
     -25.80388     360.00398
     -25.79088     360.00398
     -25.77888     360.00398
     -25.76588     360.00398
     -25.75388     360.00398
     -25.74088     360.00398
     -25.72888     360.00398
     -25.71588     360.00398
     -25.70288     360.00398
     -25.69088     360.00398
     -25.67788     360.00398
     -25.66588     360.00398
     -25.65288     360.00398
     -25.64088     360.00398
     -25.62788     360.00398
     -25.61488     360.00398
     -25.60288     360.00398
     -25.58988     360.00398
     -25.57788     360.00398
     -25.56488     360.00398
     -25.55288     360.00398
     -25.53988     360.00398
     -25.52688     360.00398
     -25.51488     360.00398
     -25.50188     360.00398
     -25.48988     360.00398
     -25.47688     360.00398
     -25.46488     360.00398
     -25.45188     360.00398
     -25.43988     360.00398
     -25.42688     360.00398
     -25.41388     360.00398
     -25.40188     360.00398
     -25.38888     360.00398
     -25.37688     360.00398
     -25.36388     360.00398
     -25.35188     360.00398
     -25.33888     360.00398
     -25.32588     360.00398
     -25.31388     360.00398
     -25.30088     360.00398
     -25.28888     360.00398
     -25.27588     360.00398
     -25.26388     360.00398
     -25.25088     360.00398
     -25.23788     360.00398
     -25.22588     360.00398
     -25.21288     360.00398
     -25.20088     360.00398
     -25.18788     360.00398
     -25.17588     360.00398
     -25.16288     360.00398
     -25.14988     360.00398
     -25.13788     360.00398
     -25.12488     360.00398
     -25.11288     360.00398
     -25.09988     360.00398
     -25.08788     360.00398
     -25.07488     360.00398
     -25.06188     360.00398
     -25.04988     360.00398
     -25.03688     360.00398
     -25.02488     360.00398
     -25.01188     360.00398
     -24.99988     360.00398
     -24.98688     360.00398
     -24.97388     360.00398
     -24.96188     360.00398
     -24.94888     360.00398
     -24.93688     360.00398
     -24.92388     360.00398
     -24.91188     360.00398
     -24.89888     360.00398
     -24.88588     360.00398
     -24.87388     360.00398
     -24.86088     360.00398
     -24.84888     360.00398
     -24.83588     360.00398
     -24.82388     360.00398
     -24.81088     360.00398
     -24.79788     360.00398
     -24.78588     360.00398
     -24.77288     360.00398
     -24.76088     360.00398
     -24.74788     360.00398
     -24.73588     360.00398
     -24.72288     360.00398
     -24.71088     360.00398
     -24.69788     360.00398
     -24.68488     360.00398
     -24.67288     360.00398
     -24.65988     360.00398
     -24.64788     360.00398
     -24.63488     360.00398
     -24.62288     360.00398
     -24.60988     360.00398
     -24.59688     360.00398
     -24.58488     360.00398
     -24.57188     360.00398
     -24.55988     360.00398
     -24.54688     360.00398
     -24.53488     360.00398
     -24.52188     360.00398
     -24.50888     360.00398
     -24.49688     360.00398
     -24.48388     360.00398
     -24.47188     360.00398
     -24.45888     360.00398
     -24.44688     360.00398
     -24.43388     360.00398
     -24.42088     360.00398
     -24.40888     360.00398
     -24.39588     360.00398
     -24.38388     360.00398
     -24.37088     360.00398
     -24.35888     360.00398
     -24.34588     360.00398
     -24.33288     360.00398
     -24.32088     360.00398
     -24.30788     360.00398
     -24.29588     360.00398
     -24.28288     360.00398
     -24.27088     360.00398
     -24.25788     360.00398
     -24.24488     360.00398
     -24.23288     360.00398
     -24.21988     360.00398
     -24.20788     360.00398
     -24.19488     360.00398
     -24.18288     360.00398
     -24.16988     360.00398
     -24.15688     360.00398
     -24.14488     360.00398
     -24.13188     360.00398
     -24.11988     360.00398
     -24.10688     360.00398
     -24.09488     360.00398
     -24.08188     360.00398
     -24.06988     360.00398
     -24.05688     360.00398
     -24.04388     360.00398
     -24.03188     360.00398
     -24.01888     360.00398
     -24.00688     360.00398
     -23.99388     360.00398
     -23.98188     360.00398
     -23.96888     360.00398
     -23.95588     360.00398
     -23.94388     360.00398
     -23.93088     360.00398
     -23.91888     360.00398
     -23.90588     360.00398
     -23.89388     360.00398
     -23.88088     360.00398
     -23.86788     360.00398
     -23.85588     360.00398
     -23.84288     360.00398
     -23.83088     360.00398
     -23.81788     360.00398
     -23.80588     360.00398
     -23.79288     360.00398
     -23.77988     360.00398
     -23.76788     360.00398
     -23.75488     360.00398
     -23.74288     360.00398
     -23.72988     360.00398
     -23.71788     360.00398
     -23.70488     360.00398
     -23.69188     360.00398
     -23.67988     360.00398
     -23.66688     360.00398
     -23.65488     360.00398
     -23.64188     360.00398
     -23.62988     360.00398
     -23.61688     360.00398
     -23.60388     360.00398
     -23.59188     360.00398
     -23.57888     360.00398
     -23.56688     360.00398
     -23.55388     360.00398
     -23.54188     360.00398
     -23.52888     360.00398
     -23.51588     360.00398
     -23.50388     360.00398
     -23.49088     360.00398
     -23.47888     360.00398
     -23.46588     360.00398
     -23.45388     360.00398
     -23.44088     360.00398
     -23.42788     360.00398
     -23.41588     360.00398
     -23.40288     360.00398
     -23.39088     360.00398
     -23.37788     360.00398
     -23.36588     360.00398
     -23.35288     360.00398
     -23.34088     360.00398
     -23.32788     360.00398
     -23.31488     360.00398
     -23.30288     360.00398
     -23.28988     360.00398
     -23.27788     360.00398
     -23.26488     360.00398
     -23.25288     360.00398
     -23.23988     360.00398
     -23.22688     360.00398
     -23.21488     360.00398
     -23.20188     360.00398
     -23.18988     360.00398
     -23.17688     360.00398
     -23.16488     360.00398
     -23.15188     360.00398
     -23.13888     360.00398
     -23.12688     360.00398
     -23.11388     360.00398
     -23.10188     360.00398
     -23.08888     360.00398
     -23.07688     360.00398
     -23.06388     360.00398
     -23.05088     360.00398
     -23.03888     360.00398
     -23.02588     360.00398
     -23.01388     360.00398
     -23.00088     360.00398
     -22.98888     360.00398
     -22.97588     360.00398
     -22.96288     360.00398
     -22.95088     360.00398
     -22.93788     360.00398
     -22.92588     360.00398
     -22.91288     360.00398
     -22.90088     360.00398
     -22.88788     360.00398
     -22.87488     360.00398
     -22.86288     360.00398
     -22.84988     360.00398
     -22.83788     360.00398
     -22.82488     360.00398
     -22.81288     360.00398
     -22.79988     360.00398
     -22.78688     360.00398
     -22.77488     360.00398
     -22.76188     360.00398
     -22.74988     360.00398
     -22.73688     360.00398
     -22.72488     360.00398
     -22.71188     360.00398
     -22.69888     360.00398
     -22.68688     360.00398
     -22.67388     360.00398
     -22.66188     360.00398
     -22.64888     360.00398
     -22.63688     360.00398
     -22.62388     360.00398
     -22.61188     360.00398
     -22.59888     360.00398
     -22.58588     360.00398
     -22.57388     360.00398
     -22.56088     360.00398
     -22.54888     360.00398
     -22.53588     360.00398
     -22.52388     360.00398
     -22.51088     360.00398
     -22.49788     360.00398
     -22.48588     360.00398
     -22.47288     360.00398
     -22.46088     360.00398
     -22.44788     360.00398
     -22.43588     360.00398
     -22.42288     360.00398
     -22.40988     360.00398
     -22.39788     360.00398
     -22.38488     360.00398
     -22.37288     360.00398
     -22.35988     360.00398
     -22.34788     360.00398
     -22.33488     360.00398
     -22.32188     360.00398
     -22.30988     360.00398
     -22.29688     360.00398
     -22.28488     360.00398
     -22.27188     360.00398
     -22.25988     360.00398
     -22.24688     360.00398
     -22.23388     360.00398
     -22.22188     360.00398
     -22.20888     360.00398
     -22.19688     360.00398
     -22.18388     360.00398
     -22.17188     360.00398
     -22.15888     360.00398
     -22.14588     360.00398
     -22.13388     360.00398
     -22.12088     360.00398
     -22.10888     360.00398
     -22.09588     360.00398
     -22.08388     360.00398
     -22.07088     360.00398
     -22.05788     360.00398
     -22.04588     360.00398
     -22.03288     360.00398
     -22.02088     360.00398
     -22.00788     360.00398
     -21.99588     360.00398
     -21.98288     360.00398
     -21.96988     360.00398
     -21.95788     360.00398
     -21.94488     360.00398
     -21.93288     360.00398
     -21.91988     360.00398
     -21.90788     360.00398
     -21.89488     360.00398
     -21.88288     360.00398
     -21.86988     360.00398
     -21.85688     360.00398
     -21.84488     360.00398
     -21.83188     360.00398
     -21.81988     360.00398
     -21.80688     360.00398
     -21.79488     360.00398
     -21.78188     360.00398
     -21.76888     360.00398
     -21.75688     360.00398
     -21.74388     360.00398
     -21.73188     360.00398
     -21.71888     360.00398
     -21.70688     360.00398
     -21.69388     360.00398
     -21.68088     360.00398
     -21.66888     360.00398
     -21.65588     360.00398
     -21.64388     360.00398
     -21.63088     360.00398
     -21.61888     360.00398
     -21.60588     360.00398
     -21.59288     360.00398
     -21.58088     360.00398
     -21.56788     360.00398
     -21.55588     360.00398
     -21.54288     360.00398
     -21.53088     360.00398
     -21.51788     360.00398
     -21.50488     360.00398
     -21.49288     360.00398
     -21.47988     360.00398
     -21.46788     360.00398
     -21.45488     360.00398
     -21.44288     360.00398
     -21.42988     360.00398
     -21.41688     360.00398
     -21.40488     360.00398
     -21.39188     360.00398
     -21.37988     360.00398
     -21.36688     360.00398
     -21.35488     360.00398
     -21.34188     360.00398
     -21.32888     360.00398
     -21.31688     360.00398
     -21.30388     360.00398
     -21.29188     360.00398
     -21.27888     360.00398
     -21.26688     360.00398
     -21.25388     360.00398
     -21.24188     360.00398
     -21.22888     360.00398
     -21.21588     360.00398
     -21.20388     360.00398
     -21.19088     360.00398
     -21.17888     360.00398
     -21.16588     360.00398
     -21.15388     360.00398
     -21.14088     360.00398
     -21.12788     360.00398
     -21.11588     360.00398
     -21.10288     360.00398
     -21.09088     360.00398
     -21.07788     360.00398
     -21.06588     360.00398
     -21.05288     360.00398
     -21.03988     360.00398
     -21.02788     360.00398
     -21.01488     360.00398
     -21.00288     360.00398
     -20.98988     360.00398
     -20.97788     360.00398
     -20.96488     360.00398
     -20.95188     360.00398
     -20.93988     360.00398
     -20.92688     360.00398
     -20.91488     360.00398
     -20.90188     360.00398
     -20.88988     360.00398
     -20.87688     360.00398
     -20.86388     360.00398
     -20.85188     360.00398
     -20.83888     360.00398
     -20.82688     360.00398
     -20.81388     360.00398
     -20.80188     360.00398
     -20.78888     360.00398
     -20.77588     360.00398
     -20.76388     360.00398
     -20.75088     360.00398
     -20.73888     360.00398
     -20.72588     360.00398
     -20.71388     360.00398
     -20.70088     360.00398
     -20.68788     360.00398
     -20.67588     360.00398
     -20.66288     360.00398
     -20.65088     360.00398
     -20.63788     360.00398
     -20.62588     360.00398
     -20.61288     360.00398
     -20.59988     360.00398
     -20.58788     360.00398
     -20.57488     360.00398
     -20.56288     360.00398
     -20.54988     360.00398
     -20.53788     360.00398
     -20.52488     360.00398
     -20.51288     360.00398
     -20.49988     360.00398
     -20.48688     360.00398
     -20.47488     360.00398
     -20.46188     360.00398
     -20.44988     360.00398
     -20.43688     360.00398
     -20.42488     360.00398
     -20.41188     360.00398
     -20.39888     360.00398
     -20.38688     360.00398
     -20.37388     360.00398
     -20.36188     360.00398
     -20.34888     360.00398
     -20.33688     360.00398
     -20.32388     360.00398
     -20.31088     360.00398
     -20.29888     360.00398
     -20.28588     360.00398
     -20.27388     360.00398
     -20.26088     360.00398
     -20.24888     360.00398
     -20.23588     360.00398
     -20.22288     360.00398
     -20.21088     360.00398
     -20.19788     360.00398
     -20.18588     360.00398
     -20.17288     360.00398
     -20.16088     360.00398
     -20.14788     360.00398
     -20.13488     360.00398
     -20.12288     360.00398
     -20.10988     360.00398
     -20.09788     360.00398
     -20.08488     360.00398
     -20.07288     360.00398
     -20.05988     360.00398
     -20.04688     360.00398
     -20.03488     360.00398
     -20.02188     360.00398
     -20.00988     360.00398
     -19.99688     360.00398
     -19.98488     360.00398
     -19.97188     360.00398
     -19.95888     360.00398
     -19.94688     360.00398
     -19.93388     360.00398
     -19.92188     360.00398
     -19.90888     360.00398
     -19.89688     360.00398
     -19.88388     360.00398
     -19.87088     360.00398
     -19.85888     360.00398
     -19.84588     360.00398
     -19.83388     360.00398
     -19.82088     360.00398
     -19.80888     360.00398
     -19.79588     360.00398
     -19.78388     360.00398
     -19.77088     360.00398
     -19.75788     360.00398
     -19.74588     360.00398
     -19.73288     360.00398
     -19.72088     360.00398
     -19.70788     360.00398
     -19.69588     360.00398
     -19.68288     360.00398
     -19.66988     360.00398
     -19.65788     360.00398
     -19.64488     360.00398
     -19.63288     360.00398
     -19.61988     360.00398
     -19.60788     360.00398
     -19.59488     360.00398
     -19.58188     360.00398
     -19.56988     360.00398
     -19.55688     360.00398
     -19.54488     360.00398
     -19.53188     360.00398
     -19.51988     360.00398
     -19.50688     360.00398
     -19.49388     360.00398
     -19.48188     360.00398
     -19.46888     360.00398
     -19.45688     360.00398
     -19.44388     360.00398
     -19.43188     360.00398
     -19.41888     360.00398
     -19.40588     360.00398
     -19.39388     360.00398
     -19.38088     360.00398
     -19.36888     360.00398
     -19.35588     360.00398
     -19.34388     360.00398
     -19.33088     360.00398
     -19.31788     360.00398
     -19.30588     360.00398
     -19.29288     360.00398
     -19.28088     360.00398
     -19.26788     360.00398
     -19.25588     360.00398
     -19.24288     360.00398
     -19.22988     360.00398
     -19.21788     360.00398
     -19.20488     360.00398
     -19.19288     360.00398
     -19.17988     360.00398
     -19.16788     360.00398
     -19.15488     360.00398
     -19.14288     360.00398
     -19.12988     360.00398
     -19.11688     360.00398
     -19.10488     360.00398
     -19.09188     360.00398
     -19.07988     360.00398
     -19.06688     360.00398
     -19.05488     360.00398
     -19.04188     360.00398
     -19.02888     360.00398
     -19.01688     360.00398
     -19.00388     360.00398
     -18.99188     360.00398
     -18.97888     360.00398
     -18.96688     360.00398
     -18.95388     360.00398
     -18.94088     360.00398
     -18.92888     360.00398
     -18.91588     360.00398
     -18.90388     360.00398
     -18.89088     360.00398
     -18.87888     360.00398
     -18.86588     360.00398
     -18.85288     360.00398
     -18.84088     360.00398
     -18.82788     360.00398
     -18.81588     360.00398
     -18.80288     360.00398
     -18.79088     360.00398
     -18.77788     360.00398
     -18.76488     360.00398
     -18.75288     360.00398
     -18.73988     360.00398
     -18.72788     360.00398
     -18.71488     360.00398
     -18.70288     360.00398
     -18.68988     360.00398
     -18.67688     360.00398
     -18.66488     360.00398
     -18.65188     360.00398
     -18.63988     360.00398
     -18.62688     360.00398
     -18.61488     360.00398
     -18.60188     360.00398
     -18.58888     360.00398
     -18.57688     360.00398
     -18.56388     360.00398
     -18.55188     360.00398
     -18.53888     360.00398
     -18.52688     360.00398
     -18.51388     360.00398
     -18.50088     360.00398
     -18.48888     360.00398
     -18.47588     360.00398
     -18.46388     360.00398
     -18.45088     360.00398
     -18.43888     360.00398
     -18.42588     360.00398
     -18.41388     360.00398
     -18.40088     360.00398
     -18.38788     360.00398
     -18.37588     360.00398
     -18.36288     360.00398
     -18.35088     360.00398
     -18.33788     360.00398
     -18.32588     360.00398
     -18.31288     360.00398
     -18.29988     360.00398
     -18.28788     360.00398
     -18.27488     360.00398
     -18.26288     360.00398
     -18.24988     360.00398
     -18.23788     360.00398
     -18.22488     360.00398
     -18.21188     360.00398
     -18.19988     360.00398
     -18.18688     360.00398
     -18.17488     360.00398
     -18.16188     360.00398
     -18.14988     360.00398
     -18.13688     360.00398
     -18.12388     360.00398
     -18.11188     360.00398
     -18.09888     360.00398
     -18.08688     360.00398
     -18.07388     360.00398
     -18.06188     360.00398
     -18.04888     360.00398
     -18.03588     360.00398
     -18.02388     360.00398
     -18.01088     360.00398
     -17.99888     360.00398
     -17.98588     360.00398
     -17.97388     360.00398
     -17.96088     360.00398
     -17.94788     360.00398
     -17.93588     360.00398
     -17.92288     360.00398
     -17.91088     360.00398
     -17.89788     360.00398
     -17.88588     360.00398
     -17.87288     360.00398
     -17.85988     360.00398
     -17.84788     360.00398
     -17.83488     360.00398
     -17.82288     360.00398
     -17.80988     360.00398
     -17.79788     360.00398
     -17.78488     360.00398
     -17.77188     360.00398
     -17.75988     360.00398
     -17.74688     360.00398
     -17.73488     360.00398
     -17.72188     360.00398
     -17.70988     360.00398
     -17.69688     360.00398
     -17.68488     360.00398
     -17.67188     360.00398
     -17.65888     360.00398
     -17.64688     360.00398
     -17.63388     360.00398
     -17.62188     360.00398
     -17.60888     360.00398
     -17.59688     360.00398
     -17.58388     360.00398
     -17.57088     360.00398
     -17.55888     360.00398
     -17.54588     360.00398
     -17.53388     360.00398
     -17.52088     360.00398
     -17.50888     360.00398
     -17.49588     360.00398
     -17.48288     360.00398
     -17.47088     360.00398
     -17.45788     360.00398
     -17.44588     360.00398
     -17.43288     360.00398
     -17.42088     360.00398
     -17.40788     360.00398
     -17.39488     360.00398
     -17.38288     360.00398
     -17.36988     360.00398
     -17.35788     360.00398
     -17.34488     360.00398
     -17.33288     360.00398
     -17.31988     360.00398
     -17.30688     360.00398
     -17.29488     360.00398
     -17.28188     360.00398
     -17.26988     360.00398
     -17.25688     360.00398
     -17.24488     360.00398
     -17.23188     360.00398
     -17.21888     360.00398
     -17.20688     360.00398
     -17.19388     360.00398
     -17.18188     360.00398
     -17.16888     360.00398
     -17.15688     360.00398
     -17.14388     360.00398
     -17.13088     360.00398
     -17.11888     360.00398
     -17.10588     360.00398
     -17.09388     360.00398
     -17.08088     360.00398
     -17.06888     360.00398
     -17.05588     360.00398
     -17.04388     360.00398
     -17.03088     360.00398
     -17.01788     360.00398
     -17.00588     360.00398
     -16.99288     360.00398
     -16.98088     360.00398
     -16.96788     360.00398
     -16.95588     360.00398
     -16.94288     360.00398
     -16.92988     360.00398
     -16.91788     360.00398
     -16.90488     360.00398
     -16.89288     360.00398
     -16.87988     360.00398
     -16.86788     360.00398
     -16.85488     360.00398
     -16.84188     360.00398
     -16.82988     360.00398
     -16.81688     360.00398
     -16.80488     360.00398
     -16.79188     360.00398
     -16.77988     360.00398
     -16.76688     360.00398
     -16.75388     360.00398
     -16.74188     360.00398
     -16.72888     360.00398
     -16.71688     360.00398
     -16.70388     360.00398
     -16.69188     360.00398
     -16.67888     360.00398
     -16.66588     360.00398
     -16.65388     360.00398
     -16.64088     360.00398
     -16.62888     360.00398
     -16.61588     360.00398
     -16.60388     360.00398
     -16.59088     360.00398
     -16.57788     360.00398
     -16.56588     360.00398
     -16.55288     360.00398
     -16.54088     360.00398
     -16.52788     360.00398
     -16.51588     360.00398
     -16.50288     360.00398
     -16.48988     360.00398
     -16.47788     360.00398
     -16.46488     360.00398
     -16.45288     360.00398
     -16.43988     360.00398
     -16.42788     360.00398
     -16.41488     360.00398
     -16.40188     360.00398
     -16.38988     360.00398
     -16.37688     360.00398
     -16.36488     360.00398
     -16.35188     360.00398
     -16.33988     360.00398
     -16.32688     360.00398
     -16.31488     360.00398
     -16.30188     360.00398
     -16.28888     360.00398
     -16.27688     360.00398
     -16.26388     360.00398
     -16.25188     360.00398
     -16.23888     360.00398
     -16.22688     360.00398
     -16.21388     360.00398
     -16.20088     360.00398
     -16.18888     360.00398
     -16.17588     360.00398
     -16.16388     360.00398
     -16.15088     360.00398
     -16.13888     360.00398
     -16.12588     360.00398
     -16.11288     360.00398
     -16.10088     360.00398
     -16.08788     360.00398
     -16.07588     360.00398
     -16.06288     360.00398
     -16.05088     360.00398
     -16.03788     360.00398
     -16.02488     360.00398
     -16.01288     360.00398
     -15.99988     360.00398
     -15.98788     360.00398
     -15.97488     360.00398
     -15.96288     360.00398
     -15.94988     360.00398
     -15.93688     360.00398
     -15.92488     360.00398
     -15.91188     360.00398
     -15.89988     360.00398
     -15.88688     360.00398
     -15.87488     360.00398
     -15.86188     360.00398
     -15.84888     360.00398
     -15.83688     360.00398
     -15.82388     360.00398
     -15.81188     360.00398
     -15.79888     360.00398
     -15.78688     360.00398
     -15.77388     360.00398
     -15.76088     360.00398
     -15.74888     360.00398
     -15.73588     360.00398
     -15.72388     360.00398
     -15.71088     360.00398
     -15.69888     360.00398
     -15.68588     360.00398
     -15.67288     360.00398
     -15.66088     360.00398
     -15.64788     360.00398
     -15.63588     360.00398
     -15.62288     360.00398
     -15.61088     360.00398
     -15.59788     360.00398
     -15.58588     360.00398
     -15.57288     360.00398
     -15.55988     360.00398
     -15.54788     360.00398
     -15.53488     360.00398
     -15.52288     360.00398
     -15.50988     360.00398
     -15.49788     360.00398
     -15.48488     360.00398
     -15.47188     360.00398
     -15.45988     360.00398
     -15.44688     360.00398
     -15.43488     360.00398
     -15.42188     360.00398
     -15.40988     360.00398
     -15.39688     360.00398
     -15.38388     360.00398
     -15.37188     360.00398
     -15.35888     360.00398
     -15.34688     360.00398
     -15.33388     360.00398
     -15.32188     360.00398
     -15.30888     360.00398
     -15.29588     360.00398
     -15.28388     360.00398
     -15.27088     360.00398
     -15.25888     360.00398
     -15.24588     360.00398
     -15.23388     360.00398
     -15.22088     360.00398
     -15.20788     360.00398
     -15.19588     360.00398
     -15.18288     360.00398
     -15.17088     360.00398
     -15.15788     360.00398
     -15.14588     360.00398
     -15.13288     360.00398
     -15.11988     360.00398
     -15.10788     360.00398
     -15.09488     360.00398
     -15.08288     360.00398
     -15.06988     360.00398
     -15.05788     360.00398
     -15.04488     360.00398
     -15.03188     360.00398
     -15.01988     360.00398
     -15.00688     360.00398
     -14.99488     360.00398
     -14.98188     360.00398
     -14.96988     360.00398
     -14.95688     360.00398
     -14.94488     360.00398
     -14.93188     360.00398
     -14.91888     360.00398
     -14.90688     360.00398
     -14.89388     360.00398
     -14.88188     360.00398
     -14.86888     360.00398
     -14.85688     360.00398
     -14.84388     360.00398
     -14.83088     360.00398
     -14.81888     360.00398
     -14.80588     360.00398
     -14.79388     360.00398
     -14.78088     360.00398
     -14.76888     360.00398
     -14.75588     360.00398
     -14.74288     360.00398
     -14.73088     360.00398
     -14.71788     360.00398
     -14.70588     360.00398
     -14.69288     360.00398
     -14.68088     360.00398
     -14.66788     360.00398
     -14.65488     360.00398
     -14.64288     360.00398
     -14.62988     360.00398
     -14.61788     360.00398
     -14.60488     360.00398
     -14.59288     360.00398
     -14.57988     360.00398
     -14.56688     360.00398
     -14.55488     360.00398
     -14.54188     360.00398
     -14.52988     360.00398
     -14.51688     360.00398
     -14.50488     360.00398
     -14.49188     360.00398
     -14.47888     360.00398
     -14.46688     360.00398
     -14.45388     360.00398
     -14.44188     360.00398
     -14.42888     360.00398
     -14.41688     360.00398
     -14.40388     360.00398
     -14.39088     360.00398
     -14.37888     360.00398
     -14.36588     360.00398
     -14.35388     360.00398
     -14.34088     360.00398
     -14.32888     360.00398
     -14.31588     360.00398
     -14.30288     360.00398
     -14.29088     360.00398
     -14.27788     360.00398
     -14.26588     360.00398
     -14.25288     360.00398
     -14.24088     360.00398
     -14.22788     360.00398
     -14.21588     360.00398
     -14.20288     360.00398
     -14.18988     360.00398
     -14.17788     360.00398
     -14.16488     360.00398
     -14.15288     360.00398
     -14.13988     360.00398
     -14.12788     360.00398
     -14.11488     360.00398
     -14.10188     360.00398
     -14.08988     360.00398
     -14.07688     360.00398
     -14.06488     360.00398
     -14.05188     360.00398
     -14.03988     360.00398
     -14.02688     360.00398
     -14.01388     360.00398
     -14.00188     360.00398
     -13.98888     360.00398
     -13.97688     360.00398
     -13.96388     360.00398
     -13.95188     360.00398
     -13.93888     360.00398
     -13.92588     360.00398
     -13.91388     360.00398
     -13.90088     360.00398
     -13.88888     360.00398
     -13.87588     360.00400
     -13.86388     360.00405
     -13.85088     360.00420
     -13.83788     360.00463
     -13.82588     360.00566
     -13.81288     360.00789
     -13.80088     360.01213
     -13.78788     360.01931
     -13.77588     360.03003
     -13.76288     360.04424
     -13.74988     360.06092
     -13.73788     360.07832
     -13.72488     360.09451
     -13.71288     360.10825
     -13.69988     360.11961
     -13.68788     360.13029
     -13.67488     360.14355
     -13.66188     360.16370
     -13.64988     360.19504
     -13.63688     360.24026
     -13.62488     360.29885
     -13.61188     360.36636
     -13.59988     360.43540
     -13.58688     360.49812
     -13.57388     360.54904
     -13.56188     360.58680
     -13.54888     360.61427
     -13.53688     360.63727
     -13.52388     360.66288
     -13.51188     360.69746
     -13.49888     360.74483
     -13.48688     360.80483
     -13.47388     360.87296
     -13.46088     360.94172
     -13.44888     361.00324
     -13.43588     361.05203
     -13.42388     361.08630
     -13.41088     361.10766
     -13.39888     361.11952
     -13.38588     361.12559
     -13.37288     361.12898
     -13.36088     361.13213
     -13.34788     361.13711
     -13.33588     361.14599
     -13.32288     361.16071
     -13.31088     361.18262
     -13.29788     361.21179
     -13.28488     361.24680
     -13.27288     361.28527
     -13.25988     361.32525
     -13.24788     361.36650
     -13.23488     361.41118
     -13.22288     361.46330
     -13.20988     361.52755
     -13.19688     361.60786
     -13.18488     361.70620
     -13.17188     361.82158
     -13.15988     361.94950
     -13.14688     362.08248
     -13.13488     362.21225
     -13.12188     362.33296
     -13.10888     362.44390
     -13.09688     362.54986
     -13.08388     362.65864
     -13.07188     362.77720
     -13.05888     362.90836
     -13.04688     363.04951
     -13.03388     363.19361
     -13.02088     363.33156
     -13.00888     363.45463
     -12.99588     363.55685
     -12.98388     363.63630
     -12.97088     363.69499
     -12.95888     363.73760
     -12.94588     363.76960
     -12.93288     363.79539
     -12.92088     363.81741
     -12.90788     363.83629
     -12.89588     363.85173
     -12.88288     363.86362
     -12.87088     363.87266
     -12.85788     363.88059
     -12.84588     363.89012
     -12.83288     363.90461
     -12.81988     363.92767
     -12.80788     363.96243
     -12.79488     364.01083
     -12.78288     364.07293
     -12.76988     364.14673
     -12.75788     364.22833
     -12.74488     364.31253
     -12.73188     364.39383
     -12.71988     364.46778
     -12.70688     364.53248
     -12.69488     364.58955
     -12.68188     364.64411
     -12.66988     364.70319
     -12.65688     364.77320
     -12.64388     364.85768
     -12.63188     364.95634
     -12.61888     365.06603
     -12.60688     365.18268
     -12.59388     365.30295
     -12.58188     365.42460
     -12.56888     365.54563
     -12.55588     365.66337
     -12.54388     365.77446
     -12.53088     365.87603
     -12.51888     365.96754
     -12.50588     366.05210
     -12.49388     366.13672
     -12.48088     366.23113
     -12.46788     366.34545
     -12.45588     366.48742
     -12.44288     366.65999
     -12.43088     366.86021
     -12.41788     367.07979
     -12.40588     367.30716
     -12.39288     367.53045
     -12.37988     367.73991
     -12.36788     367.92926
     -12.35488     368.09561
     -12.34288     368.23795
     -12.32988     368.35596
     -12.31788     368.44957
     -12.30488     368.51943
     -12.29188     368.56794
     -12.27988     368.59940
     -12.26688     368.61951
     -12.25488     368.63427
     -12.24188     368.64910
     -12.22988     368.66836
     -12.21688     368.69498
     -12.20388     368.73030
     -12.19188     368.77391
     -12.17888     368.82409
     -12.16688     368.87865
     -12.15388     368.93627
     -12.14188     368.99772
     -12.12888     369.06632
     -12.11688     369.14749
     -12.10388     369.24759
     -12.09088     369.37277
     -12.07888     369.52774
     -12.06588     369.71464
     -12.05388     369.93183
     -12.04088     370.17303
     -12.02888     370.42767
     -12.01588     370.68326
     -12.00288     370.92842
     -11.99088     371.15535
     -11.97788     371.36041
     -11.96588     371.54284
     -11.95288     371.70354
     -11.94088     371.84487
     -11.92788     371.97106
     -11.91488     372.08725
     -11.90288     372.19750
     -11.88988     372.30288
     -11.87788     372.40142
     -11.86488     372.49040
     -11.85288     372.56934
     -11.83988     372.64182
     -11.82688     372.71494
     -11.81488     372.79705
     -11.80188     372.89505
     -11.78988     373.01231
     -11.77688     373.14793
     -11.76488     373.29712
     -11.75188     373.45310
     -11.73888     373.60946
     -11.72688     373.76192
     -11.71388     373.90910
     -11.70188     374.05175
     -11.68888     374.19177
     -11.67688     374.33173
     -11.66388     374.47470
     -11.65088     374.62420
     -11.63888     374.78370
     -11.62588     374.95527
     -11.61388     375.13833
     -11.60088     375.32856
     -11.58888     375.51804
     -11.57588     375.69765
     -11.56288     375.86067
     -11.55088     376.00640
     -11.53788     376.14158
     -11.52588     376.27827
     -11.51288     376.42947
     -11.50088     376.60437
     -11.48788     376.80496
     -11.47488     377.02511
     -11.46288     377.25223
     -11.44988     377.47118
     -11.43788     377.66895
     -11.42488     377.83894
     -11.41288     377.98311
     -11.39988     378.11086
     -11.38788     378.23553
     -11.37488     378.36989
     -11.36188     378.52235
     -11.34988     378.69530
     -11.33688     378.88534
     -11.32488     379.08518
     -11.31188     379.28610
     -11.29988     379.47997
     -11.28688     379.66077
     -11.27388     379.82549
     -11.26188     379.97506
     -11.24888     380.11526
     -11.23688     380.25641
     -11.22388     380.41145
     -11.21188     380.59269
     -11.19888     380.80794
     -11.18588     381.05736
     -11.17388     381.33287
     -11.16088     381.61995
     -11.14888     381.90105
     -11.13588     382.16016
     -11.12388     382.38690
     -11.11088     382.57895
     -11.09788     382.74184
     -11.08588     382.88632
     -11.07288     383.02427
     -11.06088     383.16491
     -11.04788     383.31260
     -11.03588     383.46625
     -11.02288     383.62085
     -11.00988     383.76998
     -10.99788     383.90886
     -10.98488     384.03732
     -10.97288     384.16059
     -10.95988     384.28756
     -10.94788     384.42739
     -10.93488     384.58576
     -10.92188     384.76267
     -10.90988     384.95233
     -10.89688     385.14501
     -10.88488     385.32984
     -10.87188     385.49763
     -10.85988     385.64324
     -10.84688     385.76639
     -10.83388     385.87086
     -10.82188     385.96267
     -10.80888     386.04824
     -10.79688     386.13380
     -10.78388     386.22598
     -10.77188     386.33253
     -10.75888     386.46145
     -10.74688     386.61856
     -10.73388     386.80464
     -10.72088     387.01423
     -10.70888     387.23682
     -10.69588     387.45954
     -10.68388     387.66988
     -10.67088     387.85773
     -10.65888     388.01628
     -10.64588     388.14263
     -10.63288     388.23817
     -10.62088     388.30859
     -10.60788     388.36325
     -10.59588     388.41367
     -10.58288     388.47145
     -10.57088     388.54612
     -10.55788     388.64360
     -10.54488     388.76583
     -10.53288     388.91144
     -10.51988     389.07684
     -10.50788     389.25689
     -10.49488     389.44486
     -10.48288     389.63264
     -10.46988     389.81244
     -10.45688     389.97935
     -10.44488     390.13307
     -10.43188     390.27773
     -10.41988     390.41976
     -10.40688     390.56456
     -10.39488     390.71369
     -10.38188     390.86420
     -10.36888     391.01031
     -10.35688     391.14643
     -10.34388     391.27006
     -10.33188     391.38324
     -10.31888     391.49171
     -10.30688     391.60210
     -10.29388     391.71902
     -10.28088     391.84320
     -10.26888     391.97159
     -10.25588     392.09907
     -10.24388     392.22083
     -10.23088     392.33423
     -10.21888     392.43935
     -10.20588     392.53821
     -10.19288     392.63337
     -10.18088     392.72699
     -10.16788     392.82092
     -10.15588     392.91775
     -10.14288     393.02166
     -10.13088     393.13815
     -10.11788     393.27236
     -10.10488     393.42695
     -10.09288     393.60072
     -10.07988     393.78881
     -10.06788     393.98413
     -10.05488     394.17845
     -10.04288     394.36352
     -10.02988     394.53245
     -10.01788     394.68120
     -10.00488     394.81039
      -9.99188     394.92555
      -9.97988     395.03540
      -9.96688     395.14900
      -9.95488     395.27270
      -9.94188     395.40801
      -9.92988     395.55079
      -9.91688     395.69219
      -9.90388     395.82137
      -9.89188     395.92915
      -9.87888     396.01103
      -9.86688     396.06863
      -9.85388     396.10899
      -9.84188     396.14273
      -9.82888     396.18205
      -9.81588     396.23880
      -9.80388     396.32205
      -9.79088     396.43554
      -9.77888     396.57574
      -9.76588     396.73197
      -9.75388     396.88921
      -9.74088     397.03275
      -9.72788     397.15233
      -9.71588     397.24448
      -9.70288     397.31251
      -9.69088     397.36477
      -9.67788     397.41221
      -9.66588     397.46596
      -9.65288     397.53519
      -9.63988     397.62521
      -9.62788     397.73608
      -9.61488     397.86237
      -9.60288     397.99440
      -9.58988     398.12119
      -9.57788     398.23395
      -9.56488     398.32858
      -9.55188     398.40617
      -9.53988     398.47151
      -9.52688     398.53052
      -9.51488     398.58783
      -9.50188     398.64541
      -9.48988     398.70251
      -9.47688     398.75707
      -9.46388     398.80789
      -9.45188     398.85652
      -9.43888     398.90774
      -9.42688     398.96816
      -9.41388     399.04315
      -9.40188     399.13367
      -9.38888     399.23482
      -9.37588     399.33702
      -9.36388     399.42952
      -9.35088     399.50421
      -9.33888     399.55797
      -9.32588     399.59243
      -9.31388     399.61211
      -9.30088     399.62211
      -9.28888     399.62663
      -9.27588     399.62846
      -9.26288     399.62913
      -9.25088     399.62941
      -9.23788     399.62967
      -9.22588     399.63023
      -9.21288     399.63151
      -9.20088     399.63418
      -9.18788     399.63910
      -9.17488     399.64716
      -9.16288     399.65883
      -9.14988     399.67382
      -9.13788     399.69085
      -9.12488     399.70802
      -9.11288     399.72333
      -9.09988     399.73544
      -9.08688     399.74391
      -9.07488     399.74916
      -9.06188     399.75205
      -9.04988     399.75345
      -9.03688     399.75406
      -9.02488     399.75430
      -9.01188     399.75443
      -8.99888     399.75461
      -8.98688     399.75508
      -8.97388     399.75632
      -8.96188     399.75928
      -8.94888     399.76558
      -8.93688     399.77767
      -8.92388     399.79860
      -8.91088     399.83157
      -8.89888     399.87911
      -8.88588     399.94221
      -8.87388     400.01964
      -8.86088     400.10771
      -8.84888     400.20085
      -8.83588     400.29324
      -8.82288     400.38114
      -8.81088     400.46493
      -8.79788     400.54951
      -8.78588     400.64261
      -8.77288     400.75173
      -8.76088     400.88131
      -8.74788     401.03125
      -8.73488     401.19722
      -8.72288     401.37181
      -8.70988     401.54620
      -8.69788     401.71223
      -8.68488     401.86432
      -8.67288     402.00075
      -8.65988     402.12396
      -8.64688     402.23929
      -8.63488     402.35299
      -8.62188     402.47047
      -8.60988     402.59527
      -8.59688     402.72894
      -8.58488     402.87147
      -8.57188     403.02211
      -8.55988     403.17985
      -8.54688     403.34350
      -8.53388     403.51154
      -8.52188     403.68217
      -8.50888     403.85367
      -8.49688     404.02536
      -8.48388     404.19787
      -8.47188     404.37264
      -8.45888     404.55086
      -8.44588     404.73267
      -8.43388     404.91718
      -8.42088     405.10326
      -8.40888     405.29023
      -8.39588     405.47738
      -8.38388     405.66314
      -8.37088     405.84514
      -8.35788     406.02142
      -8.34588     406.19223
      -8.33288     406.36072
      -8.32088     406.53128
      -8.30788     406.70674
      -8.29588     406.88603
      -8.28288     407.06394
      -8.26988     407.23281
      -8.25788     407.38508
      -8.24488     407.51598
      -8.23288     407.62508
      -8.21988     407.71641
      -8.20788     407.79726
      -8.19488     407.87608
      -8.18188     407.96055
      -8.16988     408.05662
      -8.15688     408.16847
      -8.14488     408.29915
      -8.13188     408.45117
      -8.11988     408.62682
      -8.10688     408.82786
      -8.09388     409.05404
      -8.08188     409.30095
      -8.06888     409.55893
      -8.05688     409.81414
      -8.04388     410.05213
      -8.03188     410.26253
      -8.01888     410.44221
      -8.00588     410.59511
      -7.99388     410.72966
      -7.98088     410.85536
      -7.96888     410.97997
      -7.95588     411.10803
      -7.94388     411.24019
      -7.93088     411.37317
      -7.91888     411.50062
      -7.90588     411.61502
      -7.89288     411.71048
      -7.88088     411.78521
      -7.86788     411.84256
      -7.85588     411.88992
      -7.84288     411.93647
      -7.83088     411.99079
      -7.81788     412.05947
      -7.80488     412.14712
      -7.79288     412.25724
      -7.77988     412.39291
      -7.76788     412.55655
      -7.75488     412.74879
      -7.74288     412.96693
      -7.72988     413.20385
      -7.71688     413.44825
      -7.70488     413.68605
      -7.69188     413.90312
      -7.67988     414.08826
      -7.66688     414.23556
      -7.65488     414.34570
      -7.64188     414.42581
      -7.62888     414.48836
      -7.61688     414.54941
      -7.60388     414.62624
      -7.59188     414.73422
      -7.57888     414.88297
      -7.56688     415.07320
      -7.55388     415.29592
      -7.54088     415.53473
      -7.52888     415.77097
      -7.51588     415.98935
      -7.50388     416.18184
      -7.49088     416.34888
      -7.47888     416.49845
      -7.46588     416.64368
      -7.45288     416.79922
      -7.44088     416.97670
      -7.42788     417.18019
      -7.41588     417.40391
      -7.40288     417.63361
      -7.39088     417.85130
      -7.37788     418.04178
      -7.36488     418.19720
      -7.35288     418.31771
      -7.33988     418.40896
      -7.32788     418.47824
      -7.31488     418.53179
      -7.30288     418.57417
      -7.28988     418.60916
      -7.27688     418.64056
      -7.26488     418.67246
      -7.25188     418.70871
      -7.23988     418.75238
      -7.22688     418.80556
      -7.21488     418.86954
      -7.20188     418.94520
      -7.18988     419.03328
      -7.17688     419.13402
      -7.16388     419.24625
      -7.15188     419.36608
      -7.13888     419.48650
      -7.12688     419.59849
      -7.11388     419.69360
      -7.10188     419.76670
      -7.08888     419.81734
      -7.07588     419.84920
      -7.06388     419.86840
      -7.05088     419.88189
      -7.03888     419.89699
      -7.02588     419.92169
      -7.01388     419.96531
      -7.00088     420.03821
      -6.98788     420.15012
      -6.97588     420.30710
      -6.96288     420.50833
      -6.95088     420.74469
      -6.93788     421.00021
      -6.92588     421.25624
      -6.91288     421.49650
      -6.89988     421.71054
      -6.88788     421.89424
      -6.87488     422.04783
      -6.86288     422.17371
      -6.84988     422.27455
      -6.83788     422.35279
      -6.82488     422.41123
      -6.81188     422.45366
      -6.79988     422.48538
      -6.78688     422.51309
      -6.77488     422.54431
      -6.76188     422.58634
      -6.74988     422.64503
      -6.73688     422.72356
      -6.72388     422.82191
      -6.71188     422.93712
      -6.69888     423.06413
      -6.68688     423.19693
      -6.67388     423.32946
      -6.66188     423.45649
      -6.64888     423.57459
      -6.63588     423.68318
      -6.62388     423.78437
      -6.61088     423.88151
      -6.59888     423.97687
      -6.58588     424.06991
      -6.57388     424.15757
      -6.56088     424.23674
      -6.54788     424.30754
      -6.53588     424.37561
      -6.52288     424.45191
      -6.51088     424.54956
      -6.49788     424.67902
      -6.48588     424.84361
      -6.47288     425.03818
      -6.46088     425.25160
      -6.44788     425.47149
      -6.43488     425.68799
      -6.42288     425.89424
      -6.40988     426.08491
      -6.39788     426.25497
      -6.38488     426.40039
      -6.37288     426.52039
      -6.35988     426.61853
      -6.34688     426.70151
      -6.33488     426.77673
      -6.32188     426.85000
      -6.30988     426.92489
      -6.29688     427.00317
      -6.28488     427.08596
      -6.27188     427.17446
      -6.25888     427.27002
      -6.24688     427.37331
      -6.23388     427.48294
      -6.22188     427.59453
      -6.20888     427.70116
      -6.19688     427.79523
      -6.18388     427.87097
      -6.17088     427.92623
      -6.15888     427.96264
      -6.14588     427.98434
      -6.13388     427.99643
      -6.12088     428.00379
      -6.10888     428.01097
      -6.09588     428.02264
      -6.08288     428.04412
      -6.07088     428.08111
      -6.05788     428.13824
      -6.04588     428.21683
      -6.03288     428.31326
      -6.02088     428.41934
      -6.00788     428.52532
      -5.99488     428.62409
      -5.98288     428.71416
      -5.96988     428.79955
      -5.95788     428.88668
      -5.94488     428.98027
      -5.93288     429.08106
      -5.91988     429.18634
      -5.90688     429.29243
      -5.89488     429.39683
      -5.88188     429.49863
      -5.86988     429.59744
      -5.85688     429.69237
      -5.84488     429.78220
      -5.83188     429.86637
      -5.81988     429.94560
      -5.80688     430.02151
      -5.79388     430.09570
      -5.78188     430.16889
      -5.76888     430.24082
      -5.75688     430.31058
      -5.74388     430.37694
      -5.73188     430.43858
      -5.71888     430.49430
      -5.70588     430.54362
      -5.69388     430.58746
      -5.68088     430.62846
      -5.66888     430.67035
      -5.65588     430.71634
      -5.64388     430.76734
      -5.63088     430.82121
      -5.61788     430.87373
      -5.60588     430.92064
      -5.59288     430.95986
      -5.58088     430.99238
      -5.56788     431.02153
      -5.55588     431.05117
      -5.54288     431.08376
      -5.52988     431.11933
      -5.51788     431.15597
      -5.50488     431.19144
      -5.49288     431.22504
      -5.47988     431.25875
      -5.46788     431.29674
      -5.45488     431.34348
      -5.44188     431.40118
      -5.42988     431.46808
      -5.41688     431.53859
      -5.40488     431.60555
      -5.39188     431.66329
      -5.37988     431.70998
      -5.36688     431.74802
      -5.35388     431.78266
      -5.34188     431.81976
      -5.32888     431.86425
      -5.31688     431.91974
      -5.30388     431.98943
      -5.29188     432.07723
      -5.27888     432.18786
      -5.26588     432.32523
      -5.25388     432.48938
      -5.24088     432.67383
      -5.22888     432.86519
      -5.21588     433.04625
      -5.20388     433.20122
      -5.19088     433.32062
      -5.17788     433.40333
      -5.16588     433.45523
      -5.15288     433.48594
      -5.14088     433.50567
      -5.12788     433.52337
      -5.11588     433.54631
      -5.10288     433.58022
      -5.09088     433.62957
      -5.07788     433.69754
      -5.06488     433.78588
      -5.05288     433.89449
      -5.03988     434.02076
      -5.02788     434.15940
      -5.01488     434.30293
      -5.00288     434.44327
      -4.98988     434.57334
      -4.97688     434.68824
      -4.96488     434.78550
      -4.95188     434.86486
      -4.93988     434.92818
      -4.92688     434.97942
      -4.91488     435.02424
      -4.90188     435.06915
      -4.88888     435.12003
      -4.87688     435.18065
      -4.86388     435.25144
      -4.85188     435.32914
      -4.83888     435.40776
      -4.82688     435.48083
      -4.81388     435.54398
      -4.80088     435.59655
      -4.78888     435.64117
      -4.77588     435.68175
      -4.76388     435.72115
      -4.75088     435.75995
      -4.73888     435.79689
      -4.72588     435.83052
      -4.71288     435.86073
      -4.70088     435.88919
      -4.68788     435.91853
      -4.67588     435.95071
      -4.66288     435.98576
      -4.65088     436.02156
      -4.63788     436.05491
      -4.62488     436.08308
      -4.61288     436.10510
      -4.59988     436.12210
      -4.58788     436.13679
      -4.57488     436.15259
      -4.56288     436.17298
      -4.54988     436.20149
      -4.53688     436.24200
      -4.52488     436.29896
      -4.51188     436.37682
      -4.49988     436.47841
      -4.48688     436.60320
      -4.47488     436.74667
      -4.46188     436.90171
      -4.44888     437.06140
      -4.43688     437.22146
      -4.42388     437.38084
      -4.41188     437.54027
      -4.39888     437.70065
      -4.38688     437.86203
      -4.37388     438.02398
      -4.36188     438.18619
      -4.34888     438.34870
      -4.33588     438.51273
      -4.32388     438.68178
      -4.31088     438.86258
      -4.29888     439.06500
      -4.28588     439.30035
      -4.27388     439.57806
      -4.26088     439.90171
      -4.24788     440.26633
      -4.23588     440.65823
      -4.22288     441.05748
      -4.21088     441.44328
      -4.19788     441.79967
      -4.18588     442.11905
      -4.17288     442.40260
      -4.15988     442.65787
      -4.14788     442.89555
      -4.13488     443.12688
      -4.12288     443.36192
      -4.10988     443.60796
      -4.09788     443.86738
      -4.08488     444.13648
      -4.07188     444.40664
      -4.05988     444.66820
      -4.04688     444.91499
      -4.03488     445.14657
      -4.02188     445.36653
      -4.00988     445.57838
      -3.99688     445.78212
      -3.98388     445.97379
      -3.97188     446.14838
      -3.95888     446.30366
      -3.94688     446.44318
      -3.93388     446.57653
      -3.92188     446.71718
      -3.90888     446.87812
      -3.89588     447.06716
      -3.88388     447.28366
      -3.87088     447.51863
      -3.85888     447.75864
      -3.84588     447.99091
      -3.83388     448.20728
      -3.82088     448.40486
      -3.80788     448.58410
      -3.79588     448.74693
      -3.78288     448.89738
      -3.77088     449.04374
      -3.75788     449.19972
      -3.74588     449.38216
      -3.73288     449.60525
      -3.72088     449.87391
      -3.70788     450.18053
      -3.69488     450.50770
      -3.68288     450.83518
      -3.66988     451.14764
      -3.65788     451.43899
      -3.64488     451.71249
      -3.63288     451.97775
      -3.61988     452.24654
      -3.60688     452.52852
      -3.59488     452.82810
      -3.58188     453.14370
      -3.56988     453.46955
      -3.55688     453.79861
      -3.54488     454.12514
      -3.53188     454.44552
      -3.51888     454.75786
      -3.50688     455.06190
      -3.49388     455.35878
      -3.48188     455.65013
      -3.46888     455.93657
      -3.45688     456.21679
      -3.44388     456.48841
      -3.43088     456.75097
      -3.41888     457.00907
      -3.40588     457.27264
      -3.39388     457.55343
      -3.38088     457.85898
      -3.36888     458.18740
      -3.35588     458.52632
      -3.34288     458.85751
      -3.33088     459.16513
      -3.31788     459.44297
      -3.30588     459.69617
      -3.29288     459.93674
      -3.28088     460.17649
      -3.26788     460.42240
      -3.25488     460.67667
      -3.24288     460.94042
      -3.22988     461.21719
      -3.21788     461.51300
      -3.20488     461.83351
      -3.19288     462.17997
      -3.17988     462.54673
      -3.16688     462.92140
      -3.15488     463.28785
      -3.14188     463.63066
      -3.12988     463.93923
      -3.11688     464.20996
      -3.10488     464.44607
      -3.09188     464.65471
      -3.07888     464.84337
      -3.06688     465.01764
      -3.05388     465.18141
      -3.04188     465.33959
      -3.02888     465.50091
      -3.01688     465.67801
      -3.00388     465.88395
      -2.99188     466.12640
      -2.97888     466.40355
      -2.96588     466.70438
      -2.95388     467.01345
      -2.94088     467.31781
      -2.92888     467.61192
      -2.91588     467.89786
      -2.90388     468.18141
      -2.89088     468.46698
      -2.87788     468.75487
      -2.86588     469.04219
      -2.85288     469.32650
      -2.84088     469.60968
      -2.82788     469.89895
      -2.81588     470.20475
      -2.80288     470.53613
      -2.78988     470.89585
      -2.77788     471.27756
      -2.76488     471.66613
      -2.75288     472.04163
      -2.73988     472.38570
      -2.72788     472.68754
      -2.71488     472.94702
      -2.70188     473.17414
      -2.68988     473.38549
      -2.67688     473.59922
      -2.66488     473.83043
      -2.65188     474.08771
      -2.63988     474.37240
      -2.62688     474.68040
      -2.61388     475.00536
      -2.60188     475.34158
      -2.58888     475.68446
      -2.57688     476.02954
      -2.56388     476.37135
      -2.55188     476.70361
      -2.53888     477.02135
      -2.52588     477.32288
      -2.51388     477.61058
      -2.50088     477.89017
      -2.48888     478.16857
      -2.47588     478.45118
      -2.46388     478.73932
      -2.45088     479.02891
      -2.43788     479.31177
      -2.42588     479.57949
      -2.41288     479.82747
      -2.40088     480.05767
      -2.38788     480.27895
      -2.37588     480.50525
      -2.36288     480.75242
      -2.34988     481.03377
      -2.33788     481.35484
      -2.32488     481.70947
      -2.31288     482.08007
      -2.29988     482.44280
      -2.28788     482.77657
      -2.27488     483.07125
      -2.26288     483.33086
      -2.24988     483.57061
      -2.23688     483.80954
      -2.22488     484.06255
      -2.21188     484.33586
      -2.19988     484.62740
      -2.18688     484.93100
      -2.17488     485.24170
      -2.16188     485.55888
      -2.14888     485.88548
      -2.13688     486.22440
      -2.12388     486.57457
      -2.11188     486.92932
      -2.09888     487.27792
      -2.08688     487.60905
      -2.07388     487.91422
      -2.06088     488.19017
      -2.04888     488.43954
      -2.03588     488.66948
      -2.02388     488.88906
      -2.01088     489.10619
      -1.99888     489.32583
      -1.98588     489.55050
      -1.97288     489.78214
      -1.96088     490.02365
      -1.94788     490.27905
      -1.93588     490.55243
      -1.92288     490.84666
      -1.91088     491.16252
      -1.89788     491.49735
      -1.88488     491.84400
      -1.87288     492.19065
      -1.85988     492.52272
      -1.84788     492.82733
      -1.83488     493.09794
      -1.82288     493.33649
      -1.80988     493.55173
      -1.79688     493.75472
      -1.78488     493.95469
      -1.77188     494.15730
      -1.75988     494.36538
      -1.74688     494.58112
      -1.73488     494.80724
      -1.72188     495.04605
      -1.70888     495.29692
      -1.69688     495.55339
      -1.68388     495.80313
      -1.67188     496.03164
      -1.65888     496.22758
      -1.64688     496.38721
      -1.63388     496.51481
      -1.62188     496.61962
      -1.60888     496.71187
      -1.59588     496.80047
      -1.58388     496.89276
      -1.57088     496.99477
      -1.55888     497.11105
      -1.54588     497.24410
      -1.53388     497.39443
      -1.52088     497.56140
      -1.50788     497.74434
      -1.49588     497.94230
      -1.48288     498.15321
      -1.47088     498.37348
      -1.45788     498.59947
      -1.44588     498.83004
      -1.43288     499.06785
      -1.41988     499.31753
      -1.40788     499.58110
      -1.39488     499.85441
      -1.38288     500.12784
      -1.36988     500.39097
      -1.35788     500.63839
      -1.34488     500.87274
      -1.33188     501.10262
      -1.31988     501.33703
      -1.30688     501.57980
      -1.29488     501.82734
      -1.28188     502.07036
      -1.26988     502.29811
      -1.25688     502.50285
      -1.24388     502.68309
      -1.23188     502.84517
      -1.21888     503.00240
      -1.20688     503.17146
      -1.19388     503.36627
      -1.18188     503.59195
      -1.16888     503.84188
      -1.15588     504.10086
      -1.14388     504.35287
      -1.13088     504.58891
      -1.11888     504.81000
      -1.10588     505.02373
      -1.09388     505.23753
      -1.08088     505.45308
      -1.06788     505.66587
      -1.05588     505.86886
      -1.04288     506.05683
      -1.03088     506.22846
      -1.01788     506.38506
      -1.00588     506.52791
      -0.99288     506.65692
      -0.97988     506.77129
      -0.96788     506.87119
      -0.95488     506.95908
      -0.94288     507.03934
      -0.92988     507.11657
      -0.91788     507.19383
      -0.90488     507.27210
      -0.89288     507.35165
      -0.87988     507.43455
      -0.86688     507.52666
      -0.85488     507.63731
      -0.84188     507.77627
      -0.82988     507.94916
      -0.81688     508.15359
      -0.80488     508.37851
      -0.79188     508.60683
      -0.77888     508.82056
      -0.76688     509.00601
      -0.75388     509.15684
      -0.74188     509.27431
      -0.72888     509.36500
      -0.71688     509.43762
      -0.70388     509.50043
      -0.69088     509.56036
      -0.67888     509.62345
      -0.66588     509.69531
      -0.65388     509.78046
      -0.64088     509.88058
      -0.62888     509.99316
      -0.61588     510.11176
      -0.60288     510.22847
      -0.59088     510.33711
      -0.57788     510.43562
      -0.56588     510.52600
      -0.55288     510.61221
      -0.54088     510.69721
      -0.52788     510.78117
      -0.51488     510.86154
      -0.50288     510.93479
      -0.48988     510.99850
      -0.47788     511.05280
      -0.46488     511.10040
      -0.45288     511.14561
      -0.43988     511.19260
      -0.42688     511.24357
      -0.41488     511.29768
      -0.40188     511.35136
      -0.38988     511.39996
      -0.37688     511.43982
      -0.36488     511.46986
      -0.35188     511.49181
      -0.33888     511.50953
      -0.32688     511.52770
      -0.31388     511.55070
      -0.30188     511.58169
      -0.28888     511.62196
      -0.27688     511.67068
      -0.26388     511.72510
      -0.25088     511.78122
      -0.23888     511.83486
      -0.22588     511.88247
      -0.21388     511.92183
      -0.20088     511.95209
      -0.18888     511.97366
      -0.17588     511.98784
      -0.16388     511.99638
      -0.15088     512.00105
      -0.13788     512.00336
      -0.12588     512.00438
      -0.11288     512.00479
      -0.10088     512.00493
      -0.08788     512.00498
      -0.07588     512.00499
      -0.06288     512.00499
      -0.04988     512.00499
      -0.03788     512.00499
      -0.02488     512.00499
      -0.01288     512.00499
       0.00012     512.00499
       0.01212     512.00499
       0.02512     512.00499
       0.03812     512.00499
       0.05012     512.00499
       0.06312     512.00499
       0.07512     512.00499
       0.08812     512.00499
       0.10012     512.00499
       0.11312     512.00499
       0.12612     512.00499
       0.13812     512.00499
       0.15112     512.00499
       0.16312     512.00499
       0.17612     512.00500
       0.18812     512.00502
       0.20112     512.00508
       0.21412     512.00527
       0.22612     512.00579
       0.23912     512.00702
       0.25112     512.00961
       0.26412     512.01443
       0.27612     512.02242
       0.28912     512.03424
       0.30212     512.04998
       0.31412     512.06913
       0.32712     512.09099
       0.33912     512.11532
       0.35212     512.14265
       0.36412     512.17406
       0.37712     512.21022
       0.39012     512.25066
       0.40212     512.29350
       0.41512     512.33609
       0.42712     512.37583
       0.44012     512.41082
       0.45212     512.43994
       0.46512     512.46279
       0.47712     512.47954
       0.49012     512.49085
       0.50312     512.49783
       0.51512     512.50172
       0.52812     512.50368
       0.54012     512.50462
       0.55312     512.50518
       0.56512     512.50589
       0.57812     512.50728
       0.59112     512.51010
       0.60312     512.51524
       0.61612     512.52357
       0.62812     512.53555
       0.64112     512.55084
       0.65312     512.56828
       0.66612     512.58623
       0.67912     512.60343
       0.69112     512.61977
       0.70412     512.63657
       0.71612     512.65616
       0.72912     512.68080
       0.74112     512.71154
       0.75412     512.74773
       0.76712     512.78750
       0.77912     512.82909
       0.79212     512.87213
       0.80412     512.91814
       0.81712     512.96979
       0.82912     513.02943
       0.84212     513.09791
       0.85512     513.17410
       0.86712     513.25556
       0.88012     513.33982
       0.89212     513.42588
       0.90512     513.51470
       0.91712     513.60861
       0.93012     513.70962
       0.94312     513.81799
       0.95512     513.93203
       0.96812     514.04919
       0.98012     514.16727
       0.99312     514.28500
       1.00512     514.40194
       1.01812     514.51824
       1.03112     514.63452
       1.04312     514.75167
       1.05612     514.87014
       1.06812     514.98941
       1.08112     515.10809
       1.09312     515.22469
       1.10612     515.33824
       1.11912     515.44815
       1.13112     515.55355
       1.14412     515.65290
       1.15612     515.74476
       1.16912     515.82893
       1.18112     515.90710
       1.19412     515.98192
       1.20612     516.05532
       1.21912     516.12703
       1.23212     516.19463
       1.24412     516.25485
       1.25712     516.30540
       1.26912     516.34611
       1.28212     516.37871
       1.29412     516.40580
       1.30712     516.42952
       1.32012     516.45098
       1.33212     516.47051
       1.34512     516.48861
       1.35712     516.50676
       1.37012     516.52761
       1.38212     516.55453
       1.39512     516.59045
       1.40812     516.63678
       1.42012     516.69256
       1.43312     516.75461
       1.44512     516.81857
       1.45812     516.88096
       1.47012     516.94126
       1.48312     517.00323
       1.49612     517.07437
       1.50812     517.16319
       1.52112     517.27525
       1.53312     517.40974
       1.54612     517.55855
       1.55812     517.70875
       1.57112     517.84726
       1.58412     517.96518
       1.59612     518.06003
       1.60912     518.13542
       1.62112     518.19899
       1.63412     518.26012
       1.64612     518.32807
       1.65912     518.41015
       1.67212     518.51021
       1.68412     518.62776
       1.69712     518.75850
       1.70912     518.89626
       1.72212     519.03546
       1.73412     519.17283
       1.74712     519.30757
       1.76012     519.44049
       1.77212     519.57290
       1.78512     519.70588
       1.79712     519.83980
       1.81012     519.97404
       1.82212     520.10708
       1.83512     520.23748
       1.84812     520.36530
       1.86012     520.49351
       1.87312     520.62818
       1.88512     520.77700
       1.89812     520.94649
       1.91012     521.13930
       1.92312     521.35259
       1.93512     521.57877
       1.94812     521.80802
       1.96112     522.03156
       1.97312     522.24391
       1.98612     522.44350
       1.99812     522.63210
       2.01112     522.81328
       2.02312     522.99100
       2.03612     523.16904
       2.04912     523.35104
       2.06112     523.54127
       2.07412     523.74526
       2.08612     523.96930
       2.09912     524.21861
       2.11112     524.49462
       2.12412     524.79351
       2.13712     525.10697
       2.14912     525.42465
       2.16212     525.73667
       2.17412     526.03588
       2.18712     526.31874
       2.19912     526.58520
       2.21212     526.83771
       2.22512     527.07991
       2.23712     527.31570
       2.25012     527.54904
       2.26212     527.78508
       2.27512     528.03118
       2.28712     528.29632
       2.30012     528.58849
       2.31312     528.91100
       2.32512     529.26048
       2.33812     529.62743
       2.35012     529.99928
       2.36312     530.36371
       2.37512     530.71080
       2.38812     531.03332
       2.40112     531.32586
       2.41312     531.58453
       2.42612     531.80719
       2.43812     531.99446
       2.45112     532.15094
       2.46312     532.28600
       2.47612     532.41313
       2.48912     532.54724
       2.50112     532.70096
       2.51412     532.88176
       2.52612     533.09128
       2.53912     533.32733
       2.55112     533.58738
       2.56412     533.87049
       2.57612     534.17629
       2.58912     534.50195
       2.60212     534.83993
       2.61412     535.17872
       2.62712     535.50689
       2.63912     535.81772
       2.65212     536.11139
       2.66412     536.39382
       2.67712     536.67278
       2.69012     536.95426
       2.70212     537.24096
       2.71512     537.53293
       2.72712     537.82899
       2.74012     538.12750
       2.75212     538.42539
       2.76512     538.71654
       2.77812     538.99174
       2.79012     539.24104
       2.80312     539.45823
       2.81512     539.64463
       2.82812     539.80966
       2.84012     539.96796
       2.85312     540.13513
       2.86612     540.32448
       2.87812     540.54556
       2.89112     540.80354
       2.90312     541.09859
       2.91612     541.42589
       2.92812     541.77681
       2.94112     542.14181
       2.95412     542.51354
       2.96612     542.88840
       2.97912     543.26591
       2.99112     543.64549
       3.00412     544.02262
       3.01612     544.38693
       3.02912     544.72478
       3.04212     545.02574
       3.05412     545.28931
       3.06712     545.52786
       3.07912     545.76334
       3.09212     546.01931
       3.10412     546.31260
       3.11712     546.64850
       3.13012     547.02111
       3.14212     547.41759
       3.15512     547.82413
       3.16712     548.22967
       3.18012     548.62634
       3.19212     549.00787
       3.20512     549.36746
       3.21812     549.69746
       3.23012     549.99088
       3.24312     550.24389
       3.25512     550.45800
       3.26812     550.64138
       3.28012     550.80861
       3.29312     550.97810
       3.30512     551.16720
       3.31812     551.38640
       3.33112     551.63552
       3.34312     551.90449
       3.35612     552.17925
       3.36812     552.44904
       3.38112     552.71103
       3.39312     552.96970
       3.40612     553.23170
       3.41912     553.50023
       3.43112     553.77204
       3.44412     554.03868
       3.45612     554.29113
       3.46912     554.52447
       3.48112     554.74066
       3.49412     554.94785
       3.50712     555.15750
       3.51912     555.38035
       3.53212     555.62286
       3.54412     555.88467
       3.55712     556.15780
       3.56912     556.42872
       3.58212     556.68280
       3.59512     556.90973
       3.60712     557.10656
       3.62012     557.27674
       3.63212     557.42725
       3.64512     557.56651
       3.65712     557.70433
       3.67012     557.85252
       3.68312     558.02402
       3.69512     558.23009
       3.70812     558.47669
       3.72012     558.76250
       3.73312     559.07981
       3.74512     559.41715
       3.75812     559.76236
       3.77112     560.10436
       3.78312     560.43385
       3.79612     560.74348
       3.80812     561.02842
       3.82112     561.28753
       3.83312     561.52489
       3.84612     561.75063
       3.85912     561.97988
       3.87112     562.22944
       3.88412     562.51280
       3.89612     562.83520
       3.90912     563.19089
       3.92112     563.56457
       3.93412     563.93585
       3.94712     564.28558
       3.95912     564.60087
       3.97212     564.87814
       3.98412     565.12399
       3.99712     565.35343
       4.00912     565.58570
       4.02212     565.83853
       4.03412     566.12321
       4.04712     566.44240
       4.06012     566.79162
       4.07212     567.16316
       4.08512     567.54953
       4.09712     567.94557
       4.11012     568.34847
       4.12212     568.75658
       4.13512     569.16745
       4.14812     569.57563
       4.16012     569.97180
       4.17312     570.34447
       4.18512     570.68414
       4.19812     570.98856
       4.21012     571.26620
       4.22312     571.53606
       4.23612     571.82319
       4.24812     572.15137
       4.26112     572.53497
       4.27312     572.97299
       4.28612     573.44759
       4.29812     573.92923
       4.31112     574.38674
       4.32412     574.79799
       4.33612     575.15658
       4.34912     575.47137
       4.36112     575.76026
       4.37412     576.04237
       4.38612     576.33183
       4.39912     576.63531
       4.41212     576.95280
       4.42412     577.27946
       4.43712     577.60732
       4.44912     577.92682
       4.46212     578.22835
       4.47412     578.50468
       4.48712     578.75423
       4.50012     578.98361
       4.51212     579.20803
       4.52512     579.44866
       4.53712     579.72706
       4.55012     580.05806
       4.56212     580.44468
       4.57512     580.87774
       4.58812     581.34059
       4.60012     581.81582
       4.61312     582.29036
       4.62512     582.75654
       4.63812     583.20990
       4.65012     583.64698
       4.66312     584.06514
       4.67612     584.46408
       4.68812     584.84674
       4.70112     585.21840
       4.71312     585.58441
       4.72612     585.94859
       4.73812     586.31378
       4.75112     586.68362
       4.76312     587.06294
       4.77612     587.45566
       4.78912     587.86144
       4.80112     588.27414
       4.81412     588.68364
       4.82612     589.08006
       4.83912     589.45788
       4.85112     589.81773
       4.86412     590.16582
       4.87712     590.51241
       4.88912     590.87012
       4.90212     591.25196
       4.91412     591.66837
       4.92712     592.12367
       4.93912     592.61342
       4.95212     593.12409
       4.96512     593.63640
       4.97712     594.13130
       4.99012     594.59603
       5.00212     595.02752
       5.01512     595.43136
       5.02712     595.81716
       5.04012     596.19284
       5.05312     596.56067
       5.06512     596.91725
       5.07812     597.25705
       5.09012     597.57718
       5.10312     597.88034
       5.11512     598.17433
       5.12812     598.46863
       5.14112     598.77009
       5.15312     599.08079
       5.16612     599.39879
       5.17812     599.72130
       5.19112     600.04853
       5.20312     600.38506
       5.21612     600.73850
       5.22912     601.11632
       5.24112     601.52274
       5.25412     601.95737
       5.26612     602.41613
       5.27912     602.89337
       5.29112     603.38381
       5.30412     603.88304
       5.31712     604.38649
       5.32912     604.88723
       5.34212     605.37478
       5.35412     605.83599
       5.36712     606.25850
       5.37912     606.63600
       5.39212     606.97253
       5.40412     607.28305
       5.41712     607.58941
       5.43012     607.91300
       5.44212     608.26732
       5.45512     608.65356
       5.46712     609.06110
       5.48012     609.47298
       5.49212     609.87406
       5.50512     610.25810
       5.51812     610.63045
       5.53012     611.00456
       5.54312     611.39458
       5.55512     611.80841
       5.56812     612.24429
       5.58012     612.69250
       5.59312     613.14033
       5.60612     613.57710
       5.61812     613.99727
       5.63112     614.40092
       5.64312     614.79257
       5.65612     615.17982
       5.66812     615.57171
       5.68112     615.97706
       5.69412     616.40239
       5.70612     616.85009
       5.71912     617.31747
       5.73112     617.79709
       5.74412     618.27811
       5.75612     618.74831
       5.76912     619.19695
       5.78212     619.61700
       5.79412     620.00626
       5.80712     620.36686
       5.81912     620.70365
       5.83212     621.02195
       5.84412     621.32568
       5.85712     621.61614
       5.87012     621.89159
       5.88212     622.14812
       5.89512     622.38203
       5.90712     622.59218
       5.92012     622.78166
       5.93212     622.95699
       5.94512     623.12491
       5.95812     623.28881
       5.97012     623.44680
       5.98312     623.59260
       5.99512     623.71862
       6.00812     623.81937
       6.02012     623.89341
       6.03312     623.94324
       6.04612     623.97385
       6.05812     623.99096
       6.07112     623.99964
       6.08312     624.00361
       6.09612     624.00524
       6.10812     624.00585
       6.12112     624.00605
       6.13312     624.00611
       6.14612     624.00612
       6.15912     624.00613
       6.17112     624.00613
       6.18412     624.00613
       6.19612     624.00613
       6.20912     624.00613
       6.22112     624.00613
       6.23412     624.00613
       6.24712     624.00613
       6.25912     624.00613
       6.27212     624.00613
       6.28412     624.00613
       6.29712     624.00613
       6.30912     624.00613
       6.32212     624.00613
       6.33512     624.00613
       6.34712     624.00613
       6.36012     624.00613
       6.37212     624.00613
       6.38512     624.00613
       6.39712     624.00613
       6.41012     624.00613
       6.42312     624.00613
       6.43512     624.00613
       6.44812     624.00613
       6.46012     624.00613
       6.47312     624.00613
       6.48512     624.00613
       6.49812     624.00613
       6.51112     624.00613
       6.52312     624.00613
       6.53612     624.00613
       6.54812     624.00613
       6.56112     624.00613
       6.57312     624.00613
       6.58612     624.00613
       6.59912     624.00613
       6.61112     624.00613
       6.62412     624.00613
       6.63612     624.00613
       6.64912     624.00613
       6.66112     624.00613
       6.67412     624.00613
       6.68712     624.00613
       6.69912     624.00613
       6.71212     624.00613
       6.72412     624.00613
       6.73712     624.00613
       6.74912     624.00613
       6.76212     624.00613
       6.77512     624.00613
       6.78712     624.00613
       6.80012     624.00613
       6.81212     624.00613
       6.82512     624.00613
       6.83712     624.00613
       6.85012     624.00613
       6.86212     624.00613
       6.87512     624.00613
       6.88812     624.00613
       6.90012     624.00613
       6.91312     624.00613
       6.92512     624.00613
       6.93812     624.00613
       6.95012     624.00613
       6.96312     624.00613
       6.97612     624.00613
       6.98812     624.00613
       7.00112     624.00613
       7.01312     624.00613
       7.02612     624.00613
       7.03812     624.00613
       7.05112     624.00613
       7.06412     624.00613
       7.07612     624.00613
       7.08912     624.00613
       7.10112     624.00613
       7.11412     624.00613
       7.12612     624.00613
       7.13912     624.00613
       7.15212     624.00613
       7.16412     624.00613
       7.17712     624.00613
       7.18912     624.00613
       7.20212     624.00613
       7.21412     624.00613
       7.22712     624.00613
       7.24012     624.00613
       7.25212     624.00613
       7.26512     624.00613
       7.27712     624.00613
       7.29012     624.00613
       7.30212     624.00613
       7.31512     624.00613
       7.32812     624.00613
       7.34012     624.00613
       7.35312     624.00613
       7.36512     624.00613
       7.37812     624.00613
       7.39012     624.00613
       7.40312     624.00613
       7.41612     624.00613
       7.42812     624.00613
       7.44112     624.00613
       7.45312     624.00613
       7.46612     624.00613
       7.47812     624.00613
       7.49112     624.00613
       7.50312     624.00613
       7.51612     624.00613
       7.52912     624.00613
       7.54112     624.00613
       7.55412     624.00613
       7.56612     624.00613
       7.57912     624.00613
       7.59112     624.00613
       7.60412     624.00613
       7.61712     624.00613
       7.62912     624.00613
       7.64212     624.00613
       7.65412     624.00613
       7.66712     624.00613
       7.67912     624.00613
       7.69212     624.00613
       7.70512     624.00613
