     #Energy 3&12&21&30_
   -29.98888     0.00000
   -29.97688     0.00000
   -29.96388     0.00000
   -29.95188     0.00000
   -29.93888     0.00000
   -29.92688     0.00000
   -29.91388     0.00000
   -29.90088     0.00000
   -29.88888     0.00000
   -29.87588     0.00000
   -29.86388     0.00000
   -29.85088     0.00000
   -29.83888     0.00000
   -29.82588     0.00000
   -29.81288     0.00000
   -29.80088     0.00000
   -29.78788     0.00000
   -29.77588     0.00000
   -29.76288     0.00000
   -29.75088     0.00000
   -29.73788     0.00000
   -29.72488     0.00000
   -29.71288     0.00000
   -29.69988     0.00000
   -29.68788     0.00000
   -29.67488     0.00000
   -29.66288     0.00000
   -29.64988     0.00000
   -29.63788     0.00000
   -29.62488     0.00000
   -29.61188     0.00000
   -29.59988     0.00000
   -29.58688     0.00000
   -29.57488     0.00000
   -29.56188     0.00000
   -29.54988     0.00000
   -29.53688     0.00000
   -29.52388     0.00000
   -29.51188     0.00000
   -29.49888     0.00000
   -29.48688     0.00000
   -29.47388     0.00000
   -29.46188     0.00000
   -29.44888     0.00000
   -29.43588     0.00000
   -29.42388     0.00000
   -29.41088     0.00000
   -29.39888     0.00000
   -29.38588     0.00000
   -29.37388     0.00000
   -29.36088     0.00000
   -29.34788     0.00000
   -29.33588     0.00000
   -29.32288     0.00000
   -29.31088     0.00000
   -29.29788     0.00000
   -29.28588     0.00000
   -29.27288     0.00000
   -29.25988     0.00000
   -29.24788     0.00000
   -29.23488     0.00000
   -29.22288     0.00000
   -29.20988     0.00000
   -29.19788     0.00000
   -29.18488     0.00000
   -29.17188     0.00000
   -29.15988     0.00000
   -29.14688     0.00000
   -29.13488     0.00000
   -29.12188     0.00000
   -29.10988     0.00000
   -29.09688     0.00000
   -29.08388     0.00000
   -29.07188     0.00000
   -29.05888     0.00000
   -29.04688     0.00000
   -29.03388     0.00000
   -29.02188     0.00000
   -29.00888     0.00000
   -28.99588     0.00000
   -28.98388     0.00000
   -28.97088     0.00000
   -28.95888     0.00000
   -28.94588     0.00000
   -28.93388     0.00000
   -28.92088     0.00000
   -28.90888     0.00000
   -28.89588     0.00000
   -28.88288     0.00000
   -28.87088     0.00000
   -28.85788     0.00000
   -28.84588     0.00000
   -28.83288     0.00000
   -28.82088     0.00000
   -28.80788     0.00000
   -28.79488     0.00000
   -28.78288     0.00000
   -28.76988     0.00000
   -28.75788     0.00000
   -28.74488     0.00000
   -28.73288     0.00000
   -28.71988     0.00000
   -28.70688     0.00000
   -28.69488     0.00000
   -28.68188     0.00000
   -28.66988     0.00000
   -28.65688     0.00000
   -28.64488     0.00000
   -28.63188     0.00000
   -28.61888     0.00000
   -28.60688     0.00000
   -28.59388     0.00000
   -28.58188     0.00000
   -28.56888     0.00000
   -28.55688     0.00000
   -28.54388     0.00000
   -28.53088     0.00000
   -28.51888     0.00000
   -28.50588     0.00000
   -28.49388     0.00000
   -28.48088     0.00000
   -28.46888     0.00000
   -28.45588     0.00000
   -28.44288     0.00000
   -28.43088     0.00000
   -28.41788     0.00000
   -28.40588     0.00000
   -28.39288     0.00000
   -28.38088     0.00000
   -28.36788     0.00000
   -28.35488     0.00000
   -28.34288     0.00000
   -28.32988     0.00000
   -28.31788     0.00000
   -28.30488     0.00000
   -28.29288     0.00000
   -28.27988     0.00000
   -28.26788     0.00000
   -28.25488     0.00000
   -28.24188     0.00000
   -28.22988     0.00000
   -28.21688     0.00000
   -28.20488     0.00000
   -28.19188     0.00000
   -28.17988     0.00000
   -28.16688     0.00000
   -28.15388     0.00000
   -28.14188     0.00002
   -28.12888     0.00012
   -28.11688     0.00063
   -28.10388     0.00279
   -28.09188     0.01108
   -28.07888     0.03909
   -28.06588     0.12282
   -28.05388     0.34423
   -28.04088     0.86306
   -28.02888     1.93907
   -28.01588     3.91566
   -28.00388     7.13330
   -27.99088    11.76971
   -27.97788    17.68448
   -27.96588    24.35577
   -27.95288    31.00859
   -27.94088    36.92013
   -27.92788    41.76257
   -27.91588    45.83710
   -27.90288    50.05364
   -27.88988    55.57614
   -27.87788    63.29125
   -27.86488    73.28605
   -27.85288    84.57006
   -27.83988    95.46396
   -27.82788   104.15455
   -27.81488   109.92514
   -27.80188   113.28534
   -27.78988   115.93920
   -27.77688   119.61715
   -27.76488   125.13777
   -27.75188   131.82553
   -27.73988   137.76659
   -27.72688   140.62274
   -27.71388   138.66539
   -27.70188   131.33167
   -27.68888   119.37143
   -27.67688   104.65611
   -27.66388    89.51108
   -27.65188    76.05279
   -27.63888    65.69395
   -27.62588    58.91205
   -27.61388    55.33228
   -27.60088    54.04753
   -27.58888    54.00449
   -27.57588    54.35651
   -27.56388    54.67125
   -27.55088    54.78068
   -27.53888    54.46451
   -27.52588    53.15020
   -27.51288    50.05807
   -27.50088    44.62203
   -27.48788    36.99173
   -27.47588    28.12414
   -27.46288    19.41417
   -27.45088    12.07749
   -27.43788     6.73964
   -27.42488     3.35940
   -27.41288     1.49214
   -27.39988     0.58949
   -27.38788     0.20677
   -27.37488     0.06435
   -27.36288     0.01774
   -27.34988     0.00433
   -27.33688     0.00094
   -27.32488     0.00018
   -27.31188     0.00003
   -27.29988     0.00000
   -27.28688     0.00000
   -27.27488     0.00000
   -27.26188     0.00000
   -27.24888     0.00000
   -27.23688     0.00000
   -27.22388     0.00000
   -27.21188     0.00000
   -27.19888     0.00000
   -27.18688     0.00000
   -27.17388     0.00000
   -27.16088     0.00000
   -27.14888     0.00000
   -27.13588     0.00000
   -27.12388     0.00000
   -27.11088     0.00000
   -27.09888     0.00000
   -27.08588     0.00000
   -27.07288     0.00000
   -27.06088     0.00000
   -27.04788     0.00000
   -27.03588     0.00000
   -27.02288     0.00000
   -27.01088     0.00000
   -26.99788     0.00000
   -26.98488     0.00000
   -26.97288     0.00000
   -26.95988     0.00000
   -26.94788     0.00000
   -26.93488     0.00000
   -26.92288     0.00000
   -26.90988     0.00000
   -26.89688     0.00000
   -26.88488     0.00000
   -26.87188     0.00000
   -26.85988     0.00000
   -26.84688     0.00000
   -26.83488     0.00000
   -26.82188     0.00000
   -26.80988     0.00000
   -26.79688     0.00000
   -26.78388     0.00000
   -26.77188     0.00000
   -26.75888     0.00000
   -26.74688     0.00000
   -26.73388     0.00000
   -26.72188     0.00000
   -26.70888     0.00000
   -26.69588     0.00000
   -26.68388     0.00000
   -26.67088     0.00000
   -26.65888     0.00000
   -26.64588     0.00000
   -26.63388     0.00000
   -26.62088     0.00000
   -26.60788     0.00000
   -26.59588     0.00000
   -26.58288     0.00000
   -26.57088     0.00000
   -26.55788     0.00000
   -26.54588     0.00000
   -26.53288     0.00000
   -26.51988     0.00000
   -26.50788     0.00000
   -26.49488     0.00000
   -26.48288     0.00000
   -26.46988     0.00000
   -26.45788     0.00000
   -26.44488     0.00000
   -26.43188     0.00000
   -26.41988     0.00000
   -26.40688     0.00000
   -26.39488     0.00000
   -26.38188     0.00000
   -26.36988     0.00000
   -26.35688     0.00000
   -26.34388     0.00000
   -26.33188     0.00000
   -26.31888     0.00000
   -26.30688     0.00000
   -26.29388     0.00000
   -26.28188     0.00000
   -26.26888     0.00000
   -26.25588     0.00000
   -26.24388     0.00000
   -26.23088     0.00000
   -26.21888     0.00000
   -26.20588     0.00000
   -26.19388     0.00000
   -26.18088     0.00000
   -26.16888     0.00000
   -26.15588     0.00000
   -26.14288     0.00000
   -26.13088     0.00000
   -26.11788     0.00000
   -26.10588     0.00000
   -26.09288     0.00000
   -26.08088     0.00000
   -26.06788     0.00000
   -26.05488     0.00000
   -26.04288     0.00000
   -26.02988     0.00000
   -26.01788     0.00000
   -26.00488     0.00000
   -25.99288     0.00000
   -25.97988     0.00000
   -25.96688     0.00000
   -25.95488     0.00000
   -25.94188     0.00000
   -25.92988     0.00000
   -25.91688     0.00000
   -25.90488     0.00000
   -25.89188     0.00000
   -25.87888     0.00000
   -25.86688     0.00000
   -25.85388     0.00000
   -25.84188     0.00000
   -25.82888     0.00000
   -25.81688     0.00000
   -25.80388     0.00000
   -25.79088     0.00000
   -25.77888     0.00000
   -25.76588     0.00000
   -25.75388     0.00000
   -25.74088     0.00000
   -25.72888     0.00000
   -25.71588     0.00000
   -25.70288     0.00000
   -25.69088     0.00000
   -25.67788     0.00000
   -25.66588     0.00000
   -25.65288     0.00000
   -25.64088     0.00000
   -25.62788     0.00000
   -25.61488     0.00000
   -25.60288     0.00000
   -25.58988     0.00000
   -25.57788     0.00000
   -25.56488     0.00000
   -25.55288     0.00000
   -25.53988     0.00000
   -25.52688     0.00000
   -25.51488     0.00000
   -25.50188     0.00000
   -25.48988     0.00000
   -25.47688     0.00000
   -25.46488     0.00000
   -25.45188     0.00000
   -25.43988     0.00000
   -25.42688     0.00000
   -25.41388     0.00000
   -25.40188     0.00000
   -25.38888     0.00000
   -25.37688     0.00000
   -25.36388     0.00000
   -25.35188     0.00000
   -25.33888     0.00000
   -25.32588     0.00000
   -25.31388     0.00000
   -25.30088     0.00000
   -25.28888     0.00000
   -25.27588     0.00000
   -25.26388     0.00000
   -25.25088     0.00000
   -25.23788     0.00000
   -25.22588     0.00000
   -25.21288     0.00000
   -25.20088     0.00000
   -25.18788     0.00000
   -25.17588     0.00000
   -25.16288     0.00000
   -25.14988     0.00000
   -25.13788     0.00000
   -25.12488     0.00000
   -25.11288     0.00000
   -25.09988     0.00000
   -25.08788     0.00000
   -25.07488     0.00000
   -25.06188     0.00000
   -25.04988     0.00000
   -25.03688     0.00000
   -25.02488     0.00000
   -25.01188     0.00000
   -24.99988     0.00000
   -24.98688     0.00000
   -24.97388     0.00000
   -24.96188     0.00000
   -24.94888     0.00000
   -24.93688     0.00000
   -24.92388     0.00000
   -24.91188     0.00000
   -24.89888     0.00000
   -24.88588     0.00000
   -24.87388     0.00000
   -24.86088     0.00000
   -24.84888     0.00000
   -24.83588     0.00000
   -24.82388     0.00000
   -24.81088     0.00000
   -24.79788     0.00000
   -24.78588     0.00000
   -24.77288     0.00000
   -24.76088     0.00000
   -24.74788     0.00000
   -24.73588     0.00000
   -24.72288     0.00000
   -24.71088     0.00000
   -24.69788     0.00000
   -24.68488     0.00000
   -24.67288     0.00000
   -24.65988     0.00000
   -24.64788     0.00000
   -24.63488     0.00000
   -24.62288     0.00000
   -24.60988     0.00000
   -24.59688     0.00000
   -24.58488     0.00000
   -24.57188     0.00000
   -24.55988     0.00000
   -24.54688     0.00000
   -24.53488     0.00000
   -24.52188     0.00000
   -24.50888     0.00000
   -24.49688     0.00000
   -24.48388     0.00000
   -24.47188     0.00000
   -24.45888     0.00000
   -24.44688     0.00000
   -24.43388     0.00000
   -24.42088     0.00000
   -24.40888     0.00000
   -24.39588     0.00000
   -24.38388     0.00000
   -24.37088     0.00000
   -24.35888     0.00000
   -24.34588     0.00000
   -24.33288     0.00000
   -24.32088     0.00000
   -24.30788     0.00000
   -24.29588     0.00000
   -24.28288     0.00000
   -24.27088     0.00000
   -24.25788     0.00000
   -24.24488     0.00000
   -24.23288     0.00000
   -24.21988     0.00000
   -24.20788     0.00000
   -24.19488     0.00000
   -24.18288     0.00000
   -24.16988     0.00000
   -24.15688     0.00000
   -24.14488     0.00000
   -24.13188     0.00000
   -24.11988     0.00000
   -24.10688     0.00000
   -24.09488     0.00000
   -24.08188     0.00000
   -24.06988     0.00000
   -24.05688     0.00000
   -24.04388     0.00000
   -24.03188     0.00000
   -24.01888     0.00000
   -24.00688     0.00000
   -23.99388     0.00000
   -23.98188     0.00000
   -23.96888     0.00000
   -23.95588     0.00000
   -23.94388     0.00000
   -23.93088     0.00000
   -23.91888     0.00000
   -23.90588     0.00000
   -23.89388     0.00000
   -23.88088     0.00000
   -23.86788     0.00000
   -23.85588     0.00000
   -23.84288     0.00000
   -23.83088     0.00000
   -23.81788     0.00000
   -23.80588     0.00000
   -23.79288     0.00000
   -23.77988     0.00000
   -23.76788     0.00000
   -23.75488     0.00000
   -23.74288     0.00000
   -23.72988     0.00000
   -23.71788     0.00000
   -23.70488     0.00000
   -23.69188     0.00000
   -23.67988     0.00000
   -23.66688     0.00000
   -23.65488     0.00000
   -23.64188     0.00000
   -23.62988     0.00000
   -23.61688     0.00000
   -23.60388     0.00000
   -23.59188     0.00000
   -23.57888     0.00000
   -23.56688     0.00000
   -23.55388     0.00000
   -23.54188     0.00000
   -23.52888     0.00000
   -23.51588     0.00000
   -23.50388     0.00000
   -23.49088     0.00000
   -23.47888     0.00000
   -23.46588     0.00000
   -23.45388     0.00000
   -23.44088     0.00000
   -23.42788     0.00000
   -23.41588     0.00000
   -23.40288     0.00000
   -23.39088     0.00000
   -23.37788     0.00000
   -23.36588     0.00000
   -23.35288     0.00000
   -23.34088     0.00000
   -23.32788     0.00000
   -23.31488     0.00000
   -23.30288     0.00000
   -23.28988     0.00000
   -23.27788     0.00000
   -23.26488     0.00000
   -23.25288     0.00000
   -23.23988     0.00000
   -23.22688     0.00000
   -23.21488     0.00000
   -23.20188     0.00000
   -23.18988     0.00000
   -23.17688     0.00000
   -23.16488     0.00000
   -23.15188     0.00000
   -23.13888     0.00000
   -23.12688     0.00000
   -23.11388     0.00000
   -23.10188     0.00000
   -23.08888     0.00000
   -23.07688     0.00000
   -23.06388     0.00000
   -23.05088     0.00000
   -23.03888     0.00000
   -23.02588     0.00000
   -23.01388     0.00000
   -23.00088     0.00000
   -22.98888     0.00000
   -22.97588     0.00000
   -22.96288     0.00000
   -22.95088     0.00000
   -22.93788     0.00000
   -22.92588     0.00000
   -22.91288     0.00000
   -22.90088     0.00000
   -22.88788     0.00000
   -22.87488     0.00000
   -22.86288     0.00000
   -22.84988     0.00000
   -22.83788     0.00000
   -22.82488     0.00000
   -22.81288     0.00000
   -22.79988     0.00000
   -22.78688     0.00000
   -22.77488     0.00000
   -22.76188     0.00000
   -22.74988     0.00000
   -22.73688     0.00000
   -22.72488     0.00000
   -22.71188     0.00000
   -22.69888     0.00000
   -22.68688     0.00000
   -22.67388     0.00000
   -22.66188     0.00000
   -22.64888     0.00000
   -22.63688     0.00000
   -22.62388     0.00000
   -22.61188     0.00000
   -22.59888     0.00000
   -22.58588     0.00000
   -22.57388     0.00000
   -22.56088     0.00000
   -22.54888     0.00000
   -22.53588     0.00000
   -22.52388     0.00000
   -22.51088     0.00000
   -22.49788     0.00000
   -22.48588     0.00000
   -22.47288     0.00000
   -22.46088     0.00000
   -22.44788     0.00000
   -22.43588     0.00000
   -22.42288     0.00000
   -22.40988     0.00000
   -22.39788     0.00000
   -22.38488     0.00000
   -22.37288     0.00000
   -22.35988     0.00000
   -22.34788     0.00000
   -22.33488     0.00000
   -22.32188     0.00000
   -22.30988     0.00000
   -22.29688     0.00000
   -22.28488     0.00000
   -22.27188     0.00000
   -22.25988     0.00000
   -22.24688     0.00000
   -22.23388     0.00000
   -22.22188     0.00000
   -22.20888     0.00000
   -22.19688     0.00000
   -22.18388     0.00000
   -22.17188     0.00000
   -22.15888     0.00000
   -22.14588     0.00000
   -22.13388     0.00000
   -22.12088     0.00000
   -22.10888     0.00000
   -22.09588     0.00000
   -22.08388     0.00000
   -22.07088     0.00000
   -22.05788     0.00000
   -22.04588     0.00000
   -22.03288     0.00000
   -22.02088     0.00000
   -22.00788     0.00000
   -21.99588     0.00000
   -21.98288     0.00000
   -21.96988     0.00000
   -21.95788     0.00000
   -21.94488     0.00000
   -21.93288     0.00000
   -21.91988     0.00000
   -21.90788     0.00000
   -21.89488     0.00000
   -21.88288     0.00000
   -21.86988     0.00000
   -21.85688     0.00000
   -21.84488     0.00000
   -21.83188     0.00000
   -21.81988     0.00000
   -21.80688     0.00000
   -21.79488     0.00000
   -21.78188     0.00000
   -21.76888     0.00000
   -21.75688     0.00000
   -21.74388     0.00000
   -21.73188     0.00000
   -21.71888     0.00000
   -21.70688     0.00000
   -21.69388     0.00000
   -21.68088     0.00000
   -21.66888     0.00000
   -21.65588     0.00000
   -21.64388     0.00000
   -21.63088     0.00000
   -21.61888     0.00000
   -21.60588     0.00000
   -21.59288     0.00000
   -21.58088     0.00000
   -21.56788     0.00000
   -21.55588     0.00000
   -21.54288     0.00000
   -21.53088     0.00000
   -21.51788     0.00000
   -21.50488     0.00000
   -21.49288     0.00000
   -21.47988     0.00000
   -21.46788     0.00000
   -21.45488     0.00000
   -21.44288     0.00000
   -21.42988     0.00000
   -21.41688     0.00000
   -21.40488     0.00000
   -21.39188     0.00000
   -21.37988     0.00000
   -21.36688     0.00000
   -21.35488     0.00000
   -21.34188     0.00000
   -21.32888     0.00000
   -21.31688     0.00000
   -21.30388     0.00000
   -21.29188     0.00000
   -21.27888     0.00000
   -21.26688     0.00000
   -21.25388     0.00000
   -21.24188     0.00000
   -21.22888     0.00000
   -21.21588     0.00000
   -21.20388     0.00000
   -21.19088     0.00000
   -21.17888     0.00000
   -21.16588     0.00000
   -21.15388     0.00000
   -21.14088     0.00000
   -21.12788     0.00000
   -21.11588     0.00000
   -21.10288     0.00000
   -21.09088     0.00000
   -21.07788     0.00000
   -21.06588     0.00000
   -21.05288     0.00000
   -21.03988     0.00000
   -21.02788     0.00000
   -21.01488     0.00000
   -21.00288     0.00000
   -20.98988     0.00000
   -20.97788     0.00000
   -20.96488     0.00000
   -20.95188     0.00000
   -20.93988     0.00000
   -20.92688     0.00000
   -20.91488     0.00000
   -20.90188     0.00000
   -20.88988     0.00000
   -20.87688     0.00000
   -20.86388     0.00000
   -20.85188     0.00000
   -20.83888     0.00000
   -20.82688     0.00000
   -20.81388     0.00000
   -20.80188     0.00000
   -20.78888     0.00000
   -20.77588     0.00000
   -20.76388     0.00000
   -20.75088     0.00000
   -20.73888     0.00000
   -20.72588     0.00000
   -20.71388     0.00000
   -20.70088     0.00000
   -20.68788     0.00000
   -20.67588     0.00000
   -20.66288     0.00000
   -20.65088     0.00000
   -20.63788     0.00000
   -20.62588     0.00000
   -20.61288     0.00000
   -20.59988     0.00000
   -20.58788     0.00000
   -20.57488     0.00000
   -20.56288     0.00000
   -20.54988     0.00000
   -20.53788     0.00000
   -20.52488     0.00000
   -20.51288     0.00000
   -20.49988     0.00000
   -20.48688     0.00000
   -20.47488     0.00000
   -20.46188     0.00000
   -20.44988     0.00000
   -20.43688     0.00000
   -20.42488     0.00000
   -20.41188     0.00000
   -20.39888     0.00000
   -20.38688     0.00000
   -20.37388     0.00000
   -20.36188     0.00000
   -20.34888     0.00000
   -20.33688     0.00000
   -20.32388     0.00000
   -20.31088     0.00000
   -20.29888     0.00000
   -20.28588     0.00000
   -20.27388     0.00000
   -20.26088     0.00000
   -20.24888     0.00000
   -20.23588     0.00000
   -20.22288     0.00000
   -20.21088     0.00000
   -20.19788     0.00000
   -20.18588     0.00000
   -20.17288     0.00000
   -20.16088     0.00000
   -20.14788     0.00000
   -20.13488     0.00000
   -20.12288     0.00000
   -20.10988     0.00000
   -20.09788     0.00000
   -20.08488     0.00000
   -20.07288     0.00000
   -20.05988     0.00000
   -20.04688     0.00000
   -20.03488     0.00000
   -20.02188     0.00000
   -20.00988     0.00000
   -19.99688     0.00000
   -19.98488     0.00000
   -19.97188     0.00000
   -19.95888     0.00000
   -19.94688     0.00000
   -19.93388     0.00000
   -19.92188     0.00000
   -19.90888     0.00000
   -19.89688     0.00000
   -19.88388     0.00000
   -19.87088     0.00000
   -19.85888     0.00000
   -19.84588     0.00000
   -19.83388     0.00000
   -19.82088     0.00000
   -19.80888     0.00000
   -19.79588     0.00000
   -19.78388     0.00000
   -19.77088     0.00000
   -19.75788     0.00000
   -19.74588     0.00000
   -19.73288     0.00000
   -19.72088     0.00000
   -19.70788     0.00000
   -19.69588     0.00000
   -19.68288     0.00000
   -19.66988     0.00000
   -19.65788     0.00000
   -19.64488     0.00000
   -19.63288     0.00000
   -19.61988     0.00000
   -19.60788     0.00000
   -19.59488     0.00000
   -19.58188     0.00000
   -19.56988     0.00000
   -19.55688     0.00000
   -19.54488     0.00000
   -19.53188     0.00000
   -19.51988     0.00000
   -19.50688     0.00000
   -19.49388     0.00000
   -19.48188     0.00000
   -19.46888     0.00000
   -19.45688     0.00000
   -19.44388     0.00000
   -19.43188     0.00000
   -19.41888     0.00000
   -19.40588     0.00000
   -19.39388     0.00000
   -19.38088     0.00000
   -19.36888     0.00000
   -19.35588     0.00000
   -19.34388     0.00000
   -19.33088     0.00000
   -19.31788     0.00000
   -19.30588     0.00000
   -19.29288     0.00000
   -19.28088     0.00000
   -19.26788     0.00000
   -19.25588     0.00000
   -19.24288     0.00000
   -19.22988     0.00000
   -19.21788     0.00000
   -19.20488     0.00000
   -19.19288     0.00000
   -19.17988     0.00000
   -19.16788     0.00000
   -19.15488     0.00000
   -19.14288     0.00000
   -19.12988     0.00000
   -19.11688     0.00000
   -19.10488     0.00000
   -19.09188     0.00000
   -19.07988     0.00000
   -19.06688     0.00000
   -19.05488     0.00000
   -19.04188     0.00000
   -19.02888     0.00000
   -19.01688     0.00000
   -19.00388     0.00000
   -18.99188     0.00000
   -18.97888     0.00000
   -18.96688     0.00000
   -18.95388     0.00000
   -18.94088     0.00000
   -18.92888     0.00000
   -18.91588     0.00000
   -18.90388     0.00000
   -18.89088     0.00000
   -18.87888     0.00000
   -18.86588     0.00000
   -18.85288     0.00000
   -18.84088     0.00000
   -18.82788     0.00000
   -18.81588     0.00000
   -18.80288     0.00000
   -18.79088     0.00000
   -18.77788     0.00000
   -18.76488     0.00000
   -18.75288     0.00000
   -18.73988     0.00000
   -18.72788     0.00000
   -18.71488     0.00000
   -18.70288     0.00000
   -18.68988     0.00000
   -18.67688     0.00000
   -18.66488     0.00000
   -18.65188     0.00000
   -18.63988     0.00000
   -18.62688     0.00000
   -18.61488     0.00000
   -18.60188     0.00000
   -18.58888     0.00000
   -18.57688     0.00000
   -18.56388     0.00000
   -18.55188     0.00000
   -18.53888     0.00000
   -18.52688     0.00000
   -18.51388     0.00000
   -18.50088     0.00000
   -18.48888     0.00000
   -18.47588     0.00000
   -18.46388     0.00000
   -18.45088     0.00000
   -18.43888     0.00000
   -18.42588     0.00000
   -18.41388     0.00000
   -18.40088     0.00000
   -18.38788     0.00000
   -18.37588     0.00000
   -18.36288     0.00000
   -18.35088     0.00000
   -18.33788     0.00000
   -18.32588     0.00000
   -18.31288     0.00000
   -18.29988     0.00000
   -18.28788     0.00000
   -18.27488     0.00000
   -18.26288     0.00000
   -18.24988     0.00000
   -18.23788     0.00000
   -18.22488     0.00000
   -18.21188     0.00000
   -18.19988     0.00000
   -18.18688     0.00000
   -18.17488     0.00000
   -18.16188     0.00000
   -18.14988     0.00000
   -18.13688     0.00000
   -18.12388     0.00000
   -18.11188     0.00000
   -18.09888     0.00000
   -18.08688     0.00000
   -18.07388     0.00000
   -18.06188     0.00000
   -18.04888     0.00000
   -18.03588     0.00000
   -18.02388     0.00000
   -18.01088     0.00000
   -17.99888     0.00000
   -17.98588     0.00000
   -17.97388     0.00000
   -17.96088     0.00000
   -17.94788     0.00000
   -17.93588     0.00000
   -17.92288     0.00000
   -17.91088     0.00000
   -17.89788     0.00000
   -17.88588     0.00000
   -17.87288     0.00000
   -17.85988     0.00000
   -17.84788     0.00000
   -17.83488     0.00000
   -17.82288     0.00000
   -17.80988     0.00000
   -17.79788     0.00000
   -17.78488     0.00000
   -17.77188     0.00000
   -17.75988     0.00000
   -17.74688     0.00000
   -17.73488     0.00000
   -17.72188     0.00000
   -17.70988     0.00000
   -17.69688     0.00000
   -17.68488     0.00000
   -17.67188     0.00000
   -17.65888     0.00000
   -17.64688     0.00000
   -17.63388     0.00000
   -17.62188     0.00000
   -17.60888     0.00000
   -17.59688     0.00000
   -17.58388     0.00000
   -17.57088     0.00000
   -17.55888     0.00000
   -17.54588     0.00000
   -17.53388     0.00000
   -17.52088     0.00000
   -17.50888     0.00000
   -17.49588     0.00000
   -17.48288     0.00000
   -17.47088     0.00000
   -17.45788     0.00000
   -17.44588     0.00000
   -17.43288     0.00000
   -17.42088     0.00000
   -17.40788     0.00000
   -17.39488     0.00000
   -17.38288     0.00000
   -17.36988     0.00000
   -17.35788     0.00000
   -17.34488     0.00000
   -17.33288     0.00000
   -17.31988     0.00000
   -17.30688     0.00000
   -17.29488     0.00000
   -17.28188     0.00000
   -17.26988     0.00000
   -17.25688     0.00000
   -17.24488     0.00000
   -17.23188     0.00000
   -17.21888     0.00000
   -17.20688     0.00000
   -17.19388     0.00000
   -17.18188     0.00000
   -17.16888     0.00000
   -17.15688     0.00000
   -17.14388     0.00000
   -17.13088     0.00000
   -17.11888     0.00000
   -17.10588     0.00000
   -17.09388     0.00000
   -17.08088     0.00000
   -17.06888     0.00000
   -17.05588     0.00000
   -17.04388     0.00000
   -17.03088     0.00000
   -17.01788     0.00000
   -17.00588     0.00000
   -16.99288     0.00000
   -16.98088     0.00000
   -16.96788     0.00000
   -16.95588     0.00000
   -16.94288     0.00000
   -16.92988     0.00000
   -16.91788     0.00000
   -16.90488     0.00000
   -16.89288     0.00000
   -16.87988     0.00000
   -16.86788     0.00000
   -16.85488     0.00000
   -16.84188     0.00000
   -16.82988     0.00000
   -16.81688     0.00000
   -16.80488     0.00000
   -16.79188     0.00000
   -16.77988     0.00000
   -16.76688     0.00000
   -16.75388     0.00000
   -16.74188     0.00000
   -16.72888     0.00000
   -16.71688     0.00000
   -16.70388     0.00000
   -16.69188     0.00000
   -16.67888     0.00000
   -16.66588     0.00000
   -16.65388     0.00000
   -16.64088     0.00000
   -16.62888     0.00000
   -16.61588     0.00000
   -16.60388     0.00000
   -16.59088     0.00000
   -16.57788     0.00000
   -16.56588     0.00000
   -16.55288     0.00000
   -16.54088     0.00000
   -16.52788     0.00000
   -16.51588     0.00000
   -16.50288     0.00000
   -16.48988     0.00000
   -16.47788     0.00000
   -16.46488     0.00000
   -16.45288     0.00000
   -16.43988     0.00000
   -16.42788     0.00000
   -16.41488     0.00000
   -16.40188     0.00000
   -16.38988     0.00000
   -16.37688     0.00000
   -16.36488     0.00000
   -16.35188     0.00000
   -16.33988     0.00000
   -16.32688     0.00000
   -16.31488     0.00000
   -16.30188     0.00000
   -16.28888     0.00000
   -16.27688     0.00000
   -16.26388     0.00000
   -16.25188     0.00000
   -16.23888     0.00000
   -16.22688     0.00000
   -16.21388     0.00000
   -16.20088     0.00000
   -16.18888     0.00000
   -16.17588     0.00000
   -16.16388     0.00000
   -16.15088     0.00000
   -16.13888     0.00000
   -16.12588     0.00000
   -16.11288     0.00000
   -16.10088     0.00000
   -16.08788     0.00000
   -16.07588     0.00000
   -16.06288     0.00000
   -16.05088     0.00000
   -16.03788     0.00000
   -16.02488     0.00000
   -16.01288     0.00000
   -15.99988     0.00000
   -15.98788     0.00000
   -15.97488     0.00000
   -15.96288     0.00000
   -15.94988     0.00000
   -15.93688     0.00000
   -15.92488     0.00000
   -15.91188     0.00000
   -15.89988     0.00000
   -15.88688     0.00000
   -15.87488     0.00000
   -15.86188     0.00000
   -15.84888     0.00000
   -15.83688     0.00000
   -15.82388     0.00000
   -15.81188     0.00000
   -15.79888     0.00000
   -15.78688     0.00000
   -15.77388     0.00000
   -15.76088     0.00000
   -15.74888     0.00000
   -15.73588     0.00000
   -15.72388     0.00000
   -15.71088     0.00000
   -15.69888     0.00000
   -15.68588     0.00000
   -15.67288     0.00000
   -15.66088     0.00000
   -15.64788     0.00000
   -15.63588     0.00000
   -15.62288     0.00000
   -15.61088     0.00000
   -15.59788     0.00000
   -15.58588     0.00000
   -15.57288     0.00000
   -15.55988     0.00000
   -15.54788     0.00000
   -15.53488     0.00000
   -15.52288     0.00000
   -15.50988     0.00000
   -15.49788     0.00000
   -15.48488     0.00000
   -15.47188     0.00000
   -15.45988     0.00000
   -15.44688     0.00000
   -15.43488     0.00000
   -15.42188     0.00000
   -15.40988     0.00000
   -15.39688     0.00000
   -15.38388     0.00000
   -15.37188     0.00000
   -15.35888     0.00000
   -15.34688     0.00000
   -15.33388     0.00000
   -15.32188     0.00000
   -15.30888     0.00000
   -15.29588     0.00000
   -15.28388     0.00000
   -15.27088     0.00000
   -15.25888     0.00000
   -15.24588     0.00000
   -15.23388     0.00000
   -15.22088     0.00000
   -15.20788     0.00000
   -15.19588     0.00000
   -15.18288     0.00000
   -15.17088     0.00000
   -15.15788     0.00000
   -15.14588     0.00000
   -15.13288     0.00000
   -15.11988     0.00000
   -15.10788     0.00000
   -15.09488     0.00000
   -15.08288     0.00000
   -15.06988     0.00000
   -15.05788     0.00000
   -15.04488     0.00000
   -15.03188     0.00000
   -15.01988     0.00000
   -15.00688     0.00000
   -14.99488     0.00000
   -14.98188     0.00000
   -14.96988     0.00000
   -14.95688     0.00000
   -14.94488     0.00000
   -14.93188     0.00000
   -14.91888     0.00000
   -14.90688     0.00000
   -14.89388     0.00000
   -14.88188     0.00000
   -14.86888     0.00000
   -14.85688     0.00000
   -14.84388     0.00000
   -14.83088     0.00000
   -14.81888     0.00000
   -14.80588     0.00000
   -14.79388     0.00000
   -14.78088     0.00000
   -14.76888     0.00000
   -14.75588     0.00000
   -14.74288     0.00000
   -14.73088     0.00000
   -14.71788     0.00000
   -14.70588     0.00000
   -14.69288     0.00000
   -14.68088     0.00000
   -14.66788     0.00000
   -14.65488     0.00000
   -14.64288     0.00000
   -14.62988     0.00000
   -14.61788     0.00000
   -14.60488     0.00000
   -14.59288     0.00000
   -14.57988     0.00000
   -14.56688     0.00000
   -14.55488     0.00000
   -14.54188     0.00000
   -14.52988     0.00000
   -14.51688     0.00000
   -14.50488     0.00000
   -14.49188     0.00000
   -14.47888     0.00000
   -14.46688     0.00000
   -14.45388     0.00000
   -14.44188     0.00000
   -14.42888     0.00000
   -14.41688     0.00000
   -14.40388     0.00000
   -14.39088     0.00000
   -14.37888     0.00000
   -14.36588     0.00000
   -14.35388     0.00000
   -14.34088     0.00000
   -14.32888     0.00000
   -14.31588     0.00000
   -14.30288     0.00000
   -14.29088     0.00000
   -14.27788     0.00000
   -14.26588     0.00000
   -14.25288     0.00000
   -14.24088     0.00000
   -14.22788     0.00000
   -14.21588     0.00000
   -14.20288     0.00000
   -14.18988     0.00000
   -14.17788     0.00000
   -14.16488     0.00000
   -14.15288     0.00000
   -14.13988     0.00000
   -14.12788     0.00000
   -14.11488     0.00000
   -14.10188     0.00000
   -14.08988     0.00000
   -14.07688     0.00000
   -14.06488     0.00000
   -14.05188     0.00000
   -14.03988     0.00000
   -14.02688     0.00000
   -14.01388     0.00000
   -14.00188     0.00000
   -13.98888     0.00000
   -13.97688     0.00000
   -13.96388     0.00000
   -13.95188     0.00000
   -13.93888     0.00000
   -13.92588     0.00000
   -13.91388     0.00000
   -13.90088     0.00001
   -13.88888     0.00004
   -13.87588     0.00015
   -13.86388     0.00050
   -13.85088     0.00150
   -13.83788     0.00398
   -13.82588     0.00935
   -13.81288     0.01936
   -13.80088     0.03537
   -13.78788     0.05703
   -13.77588     0.08115
   -13.76288     0.10192
   -13.74988     0.11307
   -13.73788     0.11108
   -13.72488     0.09758
   -13.71288     0.07946
   -13.69988     0.06687
   -13.68788     0.07066
   -13.67488     0.10003
   -13.66188     0.15933
   -13.64988     0.24409
   -13.63688     0.33823
   -13.62488     0.41649
   -13.61188     0.45320
   -13.59988     0.43638
   -13.58688     0.37207
   -13.57388     0.28431
   -13.56188     0.20256
   -13.54888     0.15158
   -13.53688     0.14521
   -13.52388     0.18513
   -13.51188     0.26081
   -13.49888     0.35007
   -13.48688     0.42353
   -13.47388     0.45486
   -13.46088     0.43180
   -13.44888     0.36167
   -13.43588     0.26743
   -13.42388     0.17454
   -13.41088     0.10071
   -13.39888     0.05185
   -13.38588     0.02537
   -13.37288     0.01563
   -13.36088     0.01852
   -13.34788     0.03268
   -13.33588     0.05822
   -13.32288     0.09397
   -13.31088     0.13529
   -13.29788     0.17439
   -13.28488     0.20400
   -13.27288     0.22239
   -13.25988     0.23624
   -13.24788     0.25844
   -13.23488     0.30182
   -13.22288     0.37288
   -13.20988     0.46967
   -13.19688     0.58200
   -13.18488     0.69494
   -13.17188     0.78806
   -13.15988     0.84095
   -13.14688     0.84188
   -13.13488     0.79667
   -13.12188     0.73281
   -13.10888     0.68820
   -13.09688     0.69305
   -13.08388     0.75319
   -13.07188     0.84934
   -13.05888     0.94665
   -13.04688     1.01006
   -13.03388     1.01582
   -13.02088     0.95545
   -13.00888     0.83813
   -12.99588     0.68561
   -12.98388     0.52738
   -12.97088     0.39060
   -12.95888     0.29134
   -12.94588     0.22981
   -12.93288     0.19416
   -12.92088     0.16861
   -12.90788     0.14200
   -12.89588     0.11190
   -12.88288     0.08329
   -12.87088     0.06466
   -12.85788     0.06441
   -12.84588     0.08901
   -12.83288     0.14162
   -12.81988     0.22015
   -12.80788     0.31584
   -12.79488     0.41347
   -12.78288     0.49557
   -12.76988     0.54683
   -12.75788     0.55877
   -12.74488     0.53155
   -12.73188     0.47429
   -12.71988     0.40420
   -12.70688     0.34386
   -12.69488     0.31710
   -12.68188     0.34033
   -12.66988     0.41584
   -12.65688     0.52962
   -12.64388     0.65693
   -12.63188     0.77176
   -12.61888     0.85900
   -12.60688     0.91581
   -12.59388     0.94659
   -12.58188     0.95532
   -12.56888     0.93952
   -12.55588     0.89487
   -12.54388     0.82226
   -12.53088     0.73348
   -12.51888     0.65343
   -12.50588     0.61207
   -12.49388     0.63705
   -12.48088     0.74275
   -12.46788     0.92363
   -12.45588     1.15367
   -12.44288     1.39112
   -12.43088     1.58890
   -12.41788     1.70934
   -12.40588     1.73374
   -12.39288     1.66677
   -12.37988     1.53186
   -12.36788     1.35839
   -12.35488     1.17069
   -12.34288     0.98016
   -12.32988     0.79035
   -12.31788     0.60405
   -12.30488     0.43067
   -12.29188     0.28422
   -12.27988     0.17718
   -12.26688     0.11506
   -12.25488     0.09582
   -12.24188     0.11271
   -12.22988     0.15662
   -12.21688     0.21679
   -12.20388     0.28079
   -12.19188     0.33619
   -12.17888     0.37437
   -12.16688     0.39463
   -12.15388     0.40729
   -12.14188     0.43049
   -12.12888     0.48329
   -12.11688     0.57923
   -12.10388     0.72321
   -12.09088     0.91164
   -12.07888     1.13206
   -12.06588     1.36447
   -12.05388     1.57822
   -12.04088     1.74162
   -12.02888     1.83152
   -12.01588     1.84484
   -12.00288     1.79920
   -11.99088     1.71778
   -11.97788     1.61764
   -11.96588     1.50637
   -11.95288     1.39169
   -11.94088     1.28984
   -11.92788     1.21622
   -11.91488     1.16960
   -11.90288     1.12524
   -11.88988     1.04860
   -11.87788     0.92332
   -11.86488     0.76710
   -11.85288     0.62697
   -11.83988     0.55888
   -11.82688     0.60315
   -11.81488     0.76873
   -11.80188     1.02696
   -11.78988     1.31520
   -11.77688     1.55504
   -11.76488     1.67909
   -11.75188     1.66071
   -11.73888     1.52073
   -11.72688     1.31491
   -11.71388     1.10688
   -11.70188     0.94707
   -11.68888     0.86418
   -11.67688     0.86383
   -11.66388     0.93180
   -11.65088     1.03650
   -11.63888     1.13633
   -11.62588     1.19493
   -11.61388     1.19296
   -11.60088     1.13039
   -11.58888     1.02230
   -11.57588     0.89420
   -11.56288     0.77688
   -11.55088     0.70187
   -11.53788     0.68880
   -11.52588     0.73667
   -11.51288     0.82056
   -11.50088     0.90255
   -11.48788     0.94735
   -11.47488     0.93432
   -11.46288     0.86114
   -11.44988     0.74529
   -11.43788     0.61904
   -11.42488     0.52151
   -11.41288     0.49150
   -11.39988     0.55474
   -11.38788     0.71525
   -11.37488     0.94869
   -11.36188     1.20356
   -11.34988     1.41524
   -11.33688     1.52608
   -11.32488     1.50888
   -11.31188     1.37685
   -11.29988     1.17591
   -11.28688     0.96487
   -11.27388     0.79421
   -11.26188     0.69751
   -11.24888     0.68649
   -11.23688     0.75345
   -11.22388     0.86909
   -11.21188     0.98995
   -11.19888     1.07179
   -11.18588     1.08806
   -11.17388     1.03574
   -11.16088     0.93012
   -11.14888     0.79410
   -11.13588     0.64808
   -11.12388     0.50959
   -11.11088     0.39301
   -11.09788     0.30946
   -11.08588     0.26386
   -11.07288     0.25315
   -11.06088     0.26754
   -11.04788     0.29342
   -11.03588     0.31733
   -11.02288     0.32971
   -11.00988     0.32906
   -10.99788     0.32378
   -10.98488     0.33020
   -10.97288     0.36492
   -10.95988     0.43482
   -10.94788     0.53049
   -10.93488     0.62770
   -10.92188     0.69800
   -10.90988     0.72115
   -10.89688     0.69316
   -10.88488     0.62363
   -10.87188     0.52967
   -10.85988     0.42968
   -10.84688     0.33896
   -10.83388     0.26926
   -10.82188     0.22877
   -10.80888     0.22309
   -10.79688     0.25665
   -10.78388     0.33234
   -10.77188     0.44868
   -10.75888     0.59656
   -10.74688     0.75926
   -10.73388     0.91523
   -10.72088     1.04163
   -10.70888     1.11613
   -10.69588     1.11933
   -10.68388     1.04169
   -10.67088     0.89179
   -10.65888     0.69745
   -10.64588     0.49733
   -10.63288     0.32684
   -10.62088     0.20776
   -10.60788     0.14661
   -10.59588     0.14017
   -10.58288     0.18222
   -10.57088     0.26769
   -10.55788     0.39308
   -10.54488     0.55240
   -10.53288     0.72991
   -10.51988     0.89587
   -10.50788     1.00993
   -10.49488     1.03808
   -10.48288     0.97005
   -10.46988     0.82906
   -10.45688     0.66337
   -10.44488     0.52369
   -10.43188     0.44207
   -10.41988     0.42279
   -10.40688     0.44511
   -10.39488     0.47560
   -10.38188     0.48368
   -10.36888     0.45438
   -10.35688     0.39329
   -10.34388     0.32087
   -10.33188     0.26050
   -10.31888     0.22710
   -10.30688     0.22233
   -10.29388     0.23627
   -10.28088     0.25331
   -10.26888     0.25865
   -10.25588     0.24406
   -10.24388     0.21024
   -10.23088     0.16541
   -10.21888     0.12106
   -10.20588     0.08770
   -10.19288     0.07300
   -10.18088     0.08235
   -10.16788     0.11947
   -10.15588     0.18546
   -10.14288     0.27615
   -10.13088     0.38029
   -10.11788     0.48134
   -10.10488     0.56248
   -10.09288     0.61358
   -10.07988     0.63190
   -10.06788     0.62103
   -10.05488     0.58617
   -10.04288     0.53347
   -10.02988     0.47195
   -10.01788     0.41499
   -10.00488     0.37748
    -9.99188     0.36953
    -9.97988     0.39151
    -9.96688     0.43314
    -9.95488     0.47692
    -9.94188     0.50354
    -9.92988     0.49780
    -9.91688     0.45375
    -9.90388     0.37727
    -9.89188     0.28412
    -9.87888     0.19336
    -9.86688     0.12048
    -9.85388     0.07355
    -9.84188     0.05400
    -9.82888     0.05974
    -9.81588     0.08729
    -9.80388     0.13187
    -9.79088     0.18622
    -9.77888     0.23996
    -9.76588     0.28113
    -9.75388     0.29952
    -9.74088     0.29004
    -9.72788     0.25514
    -9.71588     0.20407
    -9.70288     0.15018
    -9.69088     0.10663
    -9.67788     0.08357
    -9.66588     0.08698
    -9.65288     0.11916
    -9.63988     0.18002
    -9.62788     0.26817
    -9.61488     0.38151
    -9.60288     0.51551
    -9.58988     0.65886
    -9.57788     0.78961
    -9.56488     0.87790
    -9.55188     0.89710
    -9.53988     0.84119
    -9.52688     0.72868
    -9.51488     0.59326
    -9.50188     0.46677
    -9.48988     0.36585
    -9.47688     0.29515
    -9.46388     0.25480
    -9.45188     0.24793
    -9.43888     0.27766
    -9.42688     0.33857
    -9.41388     0.41142
    -9.40188     0.46723
    -9.38888     0.48003
    -9.37588     0.43973
    -9.36388     0.35727
    -9.35088     0.25693
    -9.33888     0.16338
    -9.32588     0.09190
    -9.31388     0.04571
    -9.30088     0.02011
    -9.28888     0.00783
    -9.27588     0.00270
    -9.26288     0.00082
    -9.25088     0.00022
    -9.23788     0.00005
    -9.22588     0.00001
    -9.21288     0.00000
    -9.20088     0.00000
    -9.18788     0.00000
    -9.17488     0.00000
    -9.16288     0.00000
    -9.14988     0.00000
    -9.13788     0.00000
    -9.12488     0.00000
    -9.11288     0.00000
    -9.09988     0.00000
    -9.08688     0.00000
    -9.07488     0.00000
    -9.06188     0.00001
    -9.04988     0.00003
    -9.03688     0.00013
    -9.02488     0.00056
    -9.01188     0.00208
    -8.99888     0.00680
    -8.98688     0.01969
    -8.97388     0.05035
    -8.96188     0.11402
    -8.94888     0.22878
    -8.93688     0.40773
    -8.92388     0.64747
    -8.91088     0.91957
    -8.89888     1.17494
    -8.88588     1.35984
    -8.87388     1.43712
    -8.86088     1.40040
    -8.84888     1.27496
    -8.83588     1.10814
    -8.82288     0.95779
    -8.81088     0.87716
    -8.79788     0.89906
    -8.78588     1.02341
    -8.77288     1.21892
    -8.76088     1.43484
    -8.74788     1.61962
    -8.73488     1.73364
    -8.72288     1.75510
    -8.70988     1.68421
    -8.69788     1.54552
    -8.68488     1.38609
    -8.67288     1.25882
    -8.65988     1.19794
    -8.64688     1.19995
    -8.63488     1.22877
    -8.62188     1.24022
    -8.60988     1.20889
    -8.59688     1.13936
    -8.58488     1.05584
    -8.57188     0.98484
    -8.55988     0.94189
    -8.54688     0.92894
    -8.53388     0.93884
    -8.52188     0.96477
    -8.50888     1.00716
    -8.49688     1.07809
    -8.48388     1.19147
    -8.47188     1.34995
    -8.45888     1.53262
    -8.44588     1.70312
    -8.43388     1.82805
    -8.42088     1.89489
    -8.40888     1.91383
    -8.39588     1.90141
    -8.38388     1.86754
    -8.37088     1.81548
    -8.35788     1.75154
    -8.34588     1.68897
    -8.33288     1.63947
    -8.32088     1.60333
    -8.30788     1.56614
    -8.29588     1.50763
    -8.28288     1.41244
    -8.26988     1.27545
    -8.25788     1.10641
    -8.24488     0.92829
    -8.23288     0.77313
    -8.21988     0.67051
    -8.20788     0.63766
    -8.19488     0.67445
    -8.18188     0.76655
    -8.16988     0.89360
    -8.15688     1.03591
    -8.14488     1.17682
    -8.13188     1.30557
    -8.11988     1.41916
    -8.10688     1.51909
    -8.09388     1.60500
    -8.08188     1.66683
    -8.06888     1.68597
    -8.05688     1.64399
    -8.04388     1.53548
    -8.03188     1.37273
    -8.01888     1.18391
    -8.00588     1.00116
    -7.99388     0.85273
    -7.98088     0.75412
    -7.96888     0.70569
    -7.95588     0.69421
    -7.94388     0.69621
    -7.93088     0.68545
    -7.91888     0.64270
    -7.90588     0.56384
    -7.89288     0.46293
    -7.88088     0.36642
    -7.86788     0.30294
    -7.85588     0.29123
    -7.84288     0.33608
    -7.83088     0.43119
    -7.81788     0.56638
    -7.80488     0.73451
    -7.79288     0.93056
    -7.77988     1.14313
    -7.76788     1.34884
    -7.75488     1.51276
    -7.74288     1.60082
    -7.72988     1.59158
    -7.71688     1.48487
    -7.70488     1.29942
    -7.69188     1.06558
    -7.67988     0.81838
    -7.66688     0.59096
    -7.65488     0.41161
    -7.64188     0.30301
    -7.62888     0.28350
    -7.61688     0.36588
    -7.60388     0.55173
    -7.59188     0.82208
    -7.57888     1.13138
    -7.56688     1.41481
    -7.55388     1.60962
    -7.54088     1.67880
    -7.52888     1.62424
    -7.51588     1.48174
    -7.50388     1.29919
    -7.49088     1.12067
    -7.47888     0.97847
    -7.46588     0.89182
    -7.45288     0.86863
    -7.44088     0.90078
    -7.42788     0.96303
    -7.41588     1.01635
    -7.40288     1.02501
    -7.39088     0.97164
    -7.37788     0.86577
    -7.36488     0.73437
    -7.35288     0.60636
    -7.33988     0.49704
    -7.32788     0.40713
    -7.31488     0.33062
    -7.30288     0.26578
    -7.28988     0.21704
    -7.27688     0.19163
    -7.26488     0.19298
    -7.25188     0.21815
    -7.23988     0.25949
    -7.22688     0.30878
    -7.21488     0.36100
    -7.20188     0.41577
    -7.18988     0.47502
    -7.17688     0.53792
    -7.16388     0.59459
    -7.15188     0.62777
    -7.13888     0.61796
    -7.12688     0.55678
    -7.11388     0.45366
    -7.10188     0.33171
    -7.08888     0.21782
    -7.07588     0.13165
    -7.06388     0.08197
    -7.05088     0.07027
    -7.03888     0.09605
    -7.02588     0.15956
    -7.01388     0.26004
    -7.00088     0.39196
    -6.98788     0.54105
    -6.97588     0.68567
    -6.96288     0.79988
    -6.95088     0.86192
    -6.93788     0.85906
    -6.92588     0.79304
    -6.91288     0.67955
    -6.89988     0.54083
    -6.88788     0.40128
    -6.87488     0.27908
    -6.86288     0.18367
    -6.84988     0.11631
    -6.83788     0.07311
    -6.82488     0.04916
    -6.81188     0.04143
    -6.79988     0.05013
    -6.78688     0.07771
    -6.77488     0.12617
    -6.76188     0.19353
    -6.74988     0.27193
    -6.73688     0.34889
    -6.72388     0.41205
    -6.71188     0.45394
    -6.69888     0.47448
    -6.68688     0.47654
    -6.67388     0.46430
    -6.66188     0.44044
    -6.64888     0.40866
    -6.63588     0.37535
    -6.62388     0.34682
    -6.61088     0.32542
    -6.59888     0.30742
    -6.58588     0.28557
    -6.57388     0.25498
    -6.56088     0.21825
    -6.54788     0.18616
    -6.53588     0.17353
    -6.52288     0.19182
    -6.51088     0.24259
    -6.49788     0.31436
    -6.48588     0.38630
    -6.47288     0.43709
    -6.46088     0.45466
    -6.44788     0.44043
    -6.43488     0.40524
    -6.42288     0.36152
    -6.40988     0.31776
    -6.39788     0.27920
    -6.38488     0.25047
    -6.37288     0.23586
    -6.35988     0.23689
    -6.34688     0.25009
    -6.33488     0.26828
    -6.32188     0.28433
    -6.30988     0.29530
    -6.29688     0.30325
    -6.28488     0.31370
    -6.27188     0.33201
    -6.25888     0.35933
    -6.24688     0.38980
    -6.23388     0.41125
    -6.22188     0.40995
    -6.20888     0.37801
    -6.19688     0.31798
    -6.18388     0.24189
    -6.17088     0.16555
    -6.15888     0.10167
    -6.14588     0.05616
    -6.13388     0.02861
    -6.12088     0.01549
    -6.10888     0.01328
    -6.09588     0.02015
    -6.08288     0.03570
    -6.07088     0.05934
    -6.05788     0.08829
    -6.04588     0.11701
    -6.03288     0.13902
    -6.02088     0.15060
    -6.00788     0.15399
    -5.99488     0.15729
    -5.98288     0.16994
    -5.96988     0.19665
    -5.95788     0.23379
    -5.94488     0.27195
    -5.93288     0.30250
    -5.91988     0.32339
    -5.90688     0.33874
    -5.89488     0.35288
    -5.88188     0.36447
    -5.86988     0.36696
    -5.85688     0.35479
    -5.84488     0.32942
    -5.83188     0.29942
    -5.81988     0.27508
    -5.80688     0.26192
    -5.79388     0.25875
    -5.78188     0.26000
    -5.76888     0.25946
    -5.75688     0.25298
    -5.74388     0.23896
    -5.73188     0.21745
    -5.71888     0.19032
    -5.70588     0.16159
    -5.69388     0.13714
    -5.68088     0.12245
    -5.66888     0.11957
    -5.65588     0.12494
    -5.64388     0.13115
    -5.63088     0.13087
    -5.61788     0.12157
    -5.60588     0.10718
    -5.59288     0.09603
    -5.58088     0.09613
    -5.56788     0.11059
    -5.55588     0.13529
    -5.54288     0.16046
    -5.52988     0.17578
    -5.51788     0.17642
    -5.50488     0.16700
    -5.49288     0.16005
    -5.47988     0.16992
    -5.46788     0.20418
    -5.45488     0.25781
    -5.44188     0.31340
    -5.42988     0.34863
    -5.41688     0.34736
    -5.40488     0.30822
    -5.39188     0.24484
    -5.37988     0.17806
    -5.36688     0.12620
    -5.35388     0.09898
    -5.34188     0.09766
    -5.32888     0.11917
    -5.31688     0.15994
    -5.30388     0.21741
    -5.29188     0.28839
    -5.27888     0.36596
    -5.26588     0.43810
    -5.25388     0.48878
    -5.24088     0.50308
    -5.22888     0.47363
    -5.21588     0.40507
    -5.20388     0.31306
    -5.19088     0.21801
    -5.17788     0.13748
    -5.16588     0.08133
    -5.15288     0.05212
    -5.14088     0.04873
    -5.12788     0.07014
    -5.11588     0.11716
    -5.10288     0.19137
    -5.09088     0.29263
    -5.07788     0.41558
    -5.06488     0.54732
    -5.05288     0.66813
    -5.03988     0.75647
    -5.02788     0.79660
    -5.01488     0.78572
    -5.00288     0.73282
    -4.98988     0.65317
    -4.97688     0.56001
    -4.96488     0.46365
    -4.95188     0.37315
    -4.93988     0.30086
    -4.92688     0.26231
    -4.91488     0.27208
    -4.90188     0.33753
    -4.88888     0.45227
    -4.87688     0.59252
    -4.86388     0.71964
    -4.85188     0.79242
    -4.83888     0.78717
    -4.82688     0.71076
    -4.81388     0.59751
    -4.80088     0.49229
    -4.78888     0.42454
    -4.77588     0.39646
    -4.76388     0.38752
    -4.75088     0.37160
    -4.73888     0.33380
    -4.72588     0.27719
    -4.71288     0.21739
    -4.70088     0.17059
    -4.68788     0.14408
    -4.67588     0.13399
    -4.66288     0.12989
    -4.65088     0.12208
    -4.63788     0.10675
    -4.62488     0.08706
    -4.61288     0.07005
    -4.59988     0.06272
    -4.58788     0.06893
    -4.57488     0.08881
    -4.56288     0.12024
    -4.54988     0.16152
    -4.53688     0.21340
    -4.52488     0.27799
    -4.51188     0.35490
    -4.49988     0.43748
    -4.48688     0.51320
    -4.47488     0.56998
    -4.46188     0.60390
    -4.44888     0.62160
    -4.43688     0.63499
    -4.42388     0.65203
    -4.41188     0.67197
    -4.39888     0.68847
    -4.38688     0.69668
    -4.37388     0.69703
    -4.36188     0.69410
    -4.34888     0.69410
    -4.33588     0.70563
    -4.32388     0.74118
    -4.31088     0.81505
    -4.29888     0.93688
    -4.28588     1.10338
    -4.27388     1.29550
    -4.26088     1.48238
    -4.24788     1.63027
    -4.23588     1.71519
    -4.22288     1.73228
    -4.21088     1.69477
    -4.19788     1.62659
    -4.18588     1.54884
    -4.17288     1.47423
    -4.15988     1.40529
    -4.14788     1.34335
    -4.13488     1.29218
    -4.12288     1.25633
    -4.10988     1.23439
    -4.09788     1.21427
    -4.08488     1.17890
    -4.07188     1.11643
    -4.05988     1.03266
    -4.04688     0.94619
    -4.03488     0.87739
    -4.02188     0.83339
    -4.00988     0.80358
    -3.99688     0.76853
    -3.98388     0.71543
    -3.97188     0.64937
    -3.95888     0.59372
    -3.94688     0.58037
    -3.93388     0.63615
    -3.92188     0.76985
    -3.90888     0.96454
    -3.89588     1.17728
    -3.88388     1.35315
    -3.87088     1.44500
    -3.85888     1.43514
    -3.84588     1.34090
    -3.83388     1.19991
    -3.82088     1.05098
    -3.80788     0.91938
    -3.79588     0.81797
    -3.78288     0.75898
    -3.77088     0.76089
    -3.75788     0.84247
    -3.74588     1.00405
    -3.73288     1.21477
    -3.72088     1.41962
    -3.70788     1.56145
    -3.69488     1.61099
    -3.68288     1.57504
    -3.66988     1.48644
    -3.65788     1.38547
    -3.64488     1.30209
    -3.63288     1.25287
    -3.61988     1.23896
    -3.60688     1.25096
    -3.59488     1.27403
    -3.58188     1.29518
    -3.56988     1.30981
    -3.55688     1.32081
    -3.54488     1.33411
    -3.53188     1.35649
    -3.51888     1.39448
    -3.50688     1.45719
    -3.49388     1.54537
    -3.48188     1.64487
    -3.46888     1.72619
    -3.45688     1.76155
    -3.44388     1.74417
    -3.43088     1.70142
    -3.41888     1.68047
    -3.40588     1.71918
    -3.39388     1.82365
    -3.38088     1.95575
    -3.36888     2.04977
    -3.35588     2.04835
    -3.34288     1.93267
    -3.33088     1.73905
    -3.31788     1.53958
    -3.30588     1.40235
    -3.29288     1.35966
    -3.28088     1.40140
    -3.26788     1.49675
    -3.25488     1.61946
    -3.24288     1.76091
    -3.22988     1.92467
    -3.21788     2.10999
    -3.20488     2.30229
    -3.19288     2.46732
    -3.17988     2.56203
    -3.16688     2.54786
    -3.15488     2.41076
    -3.14188     2.17252
    -3.12988     1.88692
    -3.11688     1.61819
    -3.10488     1.41422
    -3.09188     1.28737
    -3.07888     1.21506
    -3.06688     1.16178
    -3.05388     1.10668
    -3.04188     1.05925
    -3.02888     1.05175
    -3.01688     1.11455
    -3.00388     1.24840
    -2.99188     1.41843
    -2.97888     1.57304
    -2.96588     1.66984
    -2.95388     1.69830
    -2.94088     1.67804
    -2.92888     1.63979
    -2.91588     1.60393
    -2.90388     1.57037
    -2.89088     1.52223
    -2.87788     1.44850
    -2.86588     1.35866
    -2.85288     1.28539
    -2.84088     1.26992
    -2.82788     1.34091
    -2.81588     1.49774
    -2.80288     1.70327
    -2.78988     1.89201
    -2.77788     1.99266
    -2.76488     1.95631
    -2.75288     1.77938
    -2.73988     1.50680
    -2.72788     1.21480
    -2.71488     0.98091
    -2.70188     0.85747
    -2.68988     0.85798
    -2.67688     0.95980
    -2.66488     1.11921
    -2.65188     1.29189
    -2.63988     1.45023
    -2.62688     1.59345
    -2.61388     1.73590
    -2.60188     1.88880
    -2.58888     2.03849
    -2.57688     2.14732
    -2.56388     2.17477
    -2.55188     2.10492
    -2.53888     1.95988
    -2.52588     1.78894
    -2.51388     1.64824
    -2.50088     1.57247
    -2.48888     1.56812
    -2.47588     1.61358
    -2.46388     1.67270
    -2.45088     1.71382
    -2.43788     1.72156
    -2.42588     1.69901
    -2.41288     1.65679
    -2.40088     1.60827
    -2.38788     1.57118
    -2.37588     1.57124
    -2.36288     1.63078
    -2.34988     1.74734
    -2.33788     1.88174
    -2.32488     1.96785
    -2.31288     1.95073
    -2.29988     1.81846
    -2.28788     1.61462
    -2.27488     1.41600
    -2.26288     1.30094
    -2.24988     1.31477
    -2.23688     1.45444
    -2.22488     1.66872
    -2.21188     1.87949
    -2.19988     2.01556
    -2.18688     2.04641
    -2.17488     1.99432
    -2.16188     1.91832
    -2.14888     1.87371
    -2.13688     1.87971
    -2.12388     1.91033
    -2.11188     1.91609
    -2.09888     1.85283
    -2.08688     1.70677
    -2.07388     1.50022
    -2.06088     1.28164
    -2.04888     1.09989
    -2.03588     0.98408
    -2.02388     0.93400
    -2.01088     0.92647
    -1.99888     0.93594
    -1.98588     0.95190
    -1.97288     0.98432
    -1.96088     1.05420
    -1.94788     1.17869
    -1.93588     1.36043
    -1.92288     1.58415
    -1.91088     1.81724
    -1.89788     2.01446
    -1.88488     2.12605
    -1.87288     2.11481
    -1.85988     1.97653
    -1.84788     1.74651
    -1.83488     1.48774
    -1.82288     1.26187
    -1.80988     1.10361
    -1.79688     1.01222
    -1.78488     0.96542
    -1.77188     0.94001
    -1.75988     0.92661
    -1.74688     0.93110
    -1.73488     0.96211
    -1.72188     1.01740
    -1.70888     1.07437
    -1.69688     1.09723
    -1.68388     1.05531
    -1.67188     0.94330
    -1.65888     0.78669
    -1.64688     0.62674
    -1.63388     0.49858
    -1.62188     0.41806
    -1.60888     0.38379
    -1.59588     0.38784
    -1.58388     0.42425
    -1.57088     0.48958
    -1.55888     0.57954
    -1.54588     0.68755
    -1.53388     0.80557
    -1.52088     0.92321
    -1.50788     1.02759
    -1.49588     1.10085
    -1.48288     1.12774
    -1.47088     1.10405
    -1.45788     1.04609
    -1.44588     0.98553
    -1.43288     0.95751
    -1.41988     0.98058
    -1.40788     1.04688
    -1.39488     1.12739
    -1.38288     1.18869
    -1.36988     1.21171
    -1.35788     1.19841
    -1.34488     1.16518
    -1.33188     1.12952
    -1.31988     1.10042
    -1.30688     1.07783
    -1.29488     1.05811
    -1.28188     1.03754
    -1.26988     1.00998
    -1.25688     0.96968
    -1.24388     0.91652
    -1.23188     0.86391
    -1.21888     0.83629
    -1.20688     0.85453
    -1.19388     0.91618
    -1.18188     0.98947
    -1.16888     1.02690
    -1.15588     0.99464
    -1.14388     0.89297
    -1.13088     0.75527
    -1.11888     0.62765
    -1.10588     0.54300
    -1.09388     0.50880
    -1.08088     0.51197
    -1.06788     0.53333
    -1.05588     0.55813
    -1.04288     0.57733
    -1.03088     0.58312
    -1.01788     0.56632
    -1.00588     0.52248
    -0.99288     0.45577
    -0.97988     0.38237
    -0.96788     0.32148
    -0.95488     0.28627
    -0.94288     0.27663
    -0.92988     0.28019
    -0.91788     0.27990
    -0.90488     0.26469
    -0.89288     0.23426
    -0.87988     0.19944
    -0.86688     0.17540
    -0.85488     0.17359
    -0.84188     0.19633
    -0.82988     0.23594
    -0.81688     0.27816
    -0.80488     0.30817
    -0.79188     0.31603
    -0.77888     0.30009
    -0.76688     0.26623
    -0.75388     0.22454
    -0.74188     0.18509
    -0.72888     0.15468
    -0.71688     0.13627
    -0.70388     0.13050
    -0.69088     0.13809
    -0.67888     0.15995
    -0.66588     0.19513
    -0.65388     0.23782
    -0.64088     0.27734
    -0.62888     0.30192
    -0.61588     0.30447
    -0.60288     0.28670
    -0.59088     0.25824
    -0.57788     0.23153
    -0.56588     0.21574
    -0.55288     0.21245
    -0.54088     0.21634
    -0.52788     0.21901
    -0.51488     0.21404
    -0.50288     0.19996
    -0.48988     0.18034
    -0.47788     0.16177
    -0.46488     0.15078
    -0.45288     0.15085
    -0.43988     0.16016
    -0.42688     0.17151
    -0.41488     0.17561
    -0.40188     0.16596
    -0.38988     0.14249
    -0.37688     0.11185
    -0.36488     0.08390
    -0.35188     0.06755
    -0.33888     0.06787
    -0.32688     0.08513
    -0.31388     0.11513
    -0.30188     0.15019
    -0.28888     0.18104
    -0.27688     0.19921
    -0.26388     0.19969
    -0.25088     0.18256
    -0.23888     0.15253
    -0.22588     0.11680
    -0.21388     0.08228
    -0.20088     0.05349
    -0.18888     0.03220
    -0.17588     0.01795
    -0.16388     0.00925
    -0.15088     0.00438
    -0.13788     0.00190
    -0.12588     0.00074
    -0.11288     0.00026
    -0.10088     0.00008
    -0.08788     0.00002
    -0.07588     0.00001
    -0.06288     0.00000
    -0.04988     0.00000
    -0.03788     0.00000
    -0.02488     0.00000
    -0.01288     0.00000
     0.00012     0.00000
     0.01212     0.00000
     0.02512     0.00000
     0.03812     0.00000
     0.05012     0.00000
     0.06312     0.00000
     0.07512     0.00000
     0.08812     0.00000
     0.10012     0.00000
     0.11312     0.00000
     0.12612     0.00000
     0.13812     0.00000
     0.15112     0.00000
     0.16312     0.00000
     0.17612     0.00000
     0.18812     0.00002
     0.20112     0.00005
     0.21412     0.00015
     0.22612     0.00039
     0.23912     0.00088
     0.25112     0.00179
     0.26412     0.00319
     0.27612     0.00504
     0.28912     0.00707
     0.30212     0.00890
     0.31412     0.01017
     0.32712     0.01086
     0.33912     0.01129
     0.35212     0.01189
     0.36412     0.01290
     0.37712     0.01413
     0.39012     0.01511
     0.40212     0.01539
     0.41512     0.01478
     0.42712     0.01340
     0.44012     0.01151
     0.45212     0.00934
     0.46512     0.00710
     0.47712     0.00500
     0.49012     0.00321
     0.50312     0.00186
     0.51512     0.00097
     0.52812     0.00047
     0.54012     0.00025
     0.55312     0.00026
     0.56512     0.00051
     0.57812     0.00110
     0.59112     0.00218
     0.60312     0.00382
     0.61612     0.00592
     0.62812     0.00813
     0.64112     0.00998
     0.65312     0.01119
     0.66612     0.01204
     0.67912     0.01360
     0.69112     0.01745
     0.70412     0.02497
     0.71612     0.03634
     0.72912     0.04982
     0.74112     0.06204
     0.75412     0.06937
     0.76712     0.06988
     0.77912     0.06449
     0.79212     0.05617
     0.80412     0.04836
     0.81712     0.04297
     0.82912     0.03997
     0.84212     0.03820
     0.85512     0.03664
     0.86712     0.03525
     0.88012     0.03499
     0.89212     0.03716
     0.90512     0.04251
     0.91712     0.05041
     0.93012     0.05886
     0.94312     0.06525
     0.95512     0.06764
     0.96812     0.06552
     0.98012     0.05994
     0.99312     0.05272
     1.00512     0.04556
     1.01812     0.03963
     1.03112     0.03543
     1.04312     0.03285
     1.05612     0.03139
     1.06812     0.03045
     1.08112     0.02957
     1.09312     0.02861
     1.10612     0.02763
     1.11912     0.02667
     1.13112     0.02584
     1.14412     0.02554
     1.15612     0.02682
     1.16912     0.03116
     1.18112     0.03972
     1.19412     0.05222
     1.20612     0.06650
     1.21912     0.07913
     1.23212     0.08741
     1.24412     0.09128
     1.25712     0.09354
     1.26912     0.09784
     1.28212     0.10563
     1.29412     0.11443
     1.30712     0.11895
     1.32012     0.11490
     1.33212     0.10222
     1.34512     0.08582
     1.35712     0.07347
     1.37012     0.07226
     1.38212     0.08590
     1.39512     0.11349
     1.40812     0.14956
     1.42012     0.18534
     1.43312     0.21197
     1.44512     0.22447
     1.45812     0.22562
     1.47012     0.22644
     1.48312     0.24200
     1.49612     0.28307
     1.50812     0.34855
     1.52112     0.42274
     1.53312     0.48112
     1.54612     0.50220
     1.55812     0.47825
     1.57112     0.41844
     1.58412     0.34322
     1.59612     0.27451
     1.60912     0.22840
     1.62112     0.21285
     1.63412     0.22890
     1.64612     0.27133
     1.65912     0.32877
     1.67212     0.38435
     1.68412     0.42084
     1.69712     0.42764
     1.70912     0.40650
     1.72212     0.37086
     1.73412     0.33993
     1.74712     0.32968
     1.76012     0.34605
     1.77212     0.38305
     1.78512     0.42531
     1.79712     0.45514
     1.81012     0.46110
     1.82212     0.44412
     1.83512     0.41841
     1.84812     0.40591
     1.86012     0.42743
     1.87312     0.49335
     1.88512     0.59856
     1.89812     0.72238
     1.91012     0.83683
     1.92312     0.91597
     1.93512     0.94564
     1.94812     0.92734
     1.96112     0.87325
     1.97312     0.80135
     1.98612     0.72824
     1.99812     0.66706
     2.01112     0.62401
     2.02312     0.59987
     2.03612     0.59159
     2.04912     0.59800
     2.06112     0.62322
     2.07412     0.67436
     2.08612     0.75366
     2.09912     0.85132
     2.11112     0.94596
     2.12412     1.01242
     2.13712     1.03388
     2.14912     1.00810
     2.16212     0.94883
     2.17412     0.87940
     2.18712     0.82436
     2.19912     0.80110
     2.21212     0.81314
     2.22512     0.84958
     2.23712     0.89187
     2.25012     0.92390
     2.26212     0.94169
     2.27512     0.95154
     2.28712     0.96418
     2.30012     0.98506
     2.31312     1.01219
     2.32512     1.04083
     2.33812     1.06866
     2.35012     1.09549
     2.36312     1.11793
     2.37512     1.12650
     2.38812     1.10979
     2.40112     1.06097
     2.41312     0.98228
     2.42612     0.88333
     2.43812     0.77691
     2.45112     0.67813
     2.46312     0.60292
     2.47612     0.56531
     2.48912     0.57178
     2.50112     0.61894
     2.51412     0.69770
     2.52612     0.80269
     2.53912     0.93726
     2.55112     1.10701
     2.56412     1.30563
     2.57612     1.50368
     2.58912     1.65299
     2.60212     1.71113
     2.61412     1.66456
     2.62712     1.54120
     2.63912     1.39777
     2.65212     1.29093
     2.66412     1.25408
     2.67712     1.28691
     2.69012     1.36484
     2.70212     1.45346
     2.71512     1.52518
     2.72712     1.56347
     2.74012     1.56102
     2.75212     1.51392
     2.76512     1.41935
     2.77812     1.27968
     2.79012     1.11074
     2.80312     0.94477
     2.81512     0.81906
     2.82812     0.76078
     2.84012     0.77614
     2.85312     0.85306
     2.86612     0.97153
     2.87812     1.11200
     2.89112     1.25600
     2.90312     1.38596
     2.91612     1.48691
     2.92812     1.55266
     2.94112     1.58623
     2.95412     1.59856
     2.96612     1.59813
     2.97912     1.58527
     2.99112     1.54876
     3.00412     1.47260
     3.01612     1.34763
     3.02912     1.18523
     3.04212     1.02254
     3.05412     0.91273
     3.06712     0.90368
     3.07912     1.01653
     3.09212     1.23239
     3.10412     1.49765
     3.11712     1.74414
     3.13012     1.91367
     3.14212     1.98060
     3.15512     1.95317
     3.16712     1.86189
     3.18012     1.73681
     3.19212     1.59595
     3.20512     1.44284
     3.21812     1.27584
     3.23012     1.09861
     3.24312     0.92466
     3.25512     0.77926
     3.26812     0.69351
     3.28012     0.69453
     3.29312     0.79005
     3.30512     0.95660
     3.31812     1.14078
     3.33112     1.27864
     3.34312     1.32747
     3.35612     1.28613
     3.36812     1.19440
     3.38112     1.10575
     3.39312     1.05666
     3.40612     1.05088
     3.41912     1.06484
     3.43112     1.06644
     3.44412     1.03541
     3.45612     0.97333
     3.46912     0.90057
     3.48112     0.84500
     3.49412     0.82792
     3.50712     0.85663
     3.51912     0.92296
     3.53212     1.00636
     3.54412     1.07914
     3.55712     1.11658
     3.56912     1.10825
     3.58212     1.06433
     3.59512     1.00727
     3.60712     0.95480
     3.62012     0.90915
     3.63212     0.86435
     3.64512     0.82375
     3.65712     0.81086
     3.67012     0.86038
     3.68312     0.99440
     3.69512     1.20211
     3.70812     1.43783
     3.72012     1.64008
     3.73312     1.75929
     3.74512     1.77730
     3.75812     1.70756
     3.77112     1.58090
     3.78312     1.42784
     3.79612     1.26919
     3.80812     1.11900
     3.82112     0.99089
     3.83312     0.90234
     3.84612     0.87251
     3.85912     0.91544
     3.87112     1.03101
     3.88412     1.19938
     3.89612     1.38285
     3.90912     1.53586
     3.92112     1.61947
     3.93412     1.61328
     3.94712     1.51952
     3.95912     1.36495
     3.97212     1.19389
     3.98412     1.05942
     3.99712     1.00331
     4.00912     1.04073
     4.02212     1.15492
     4.03412     1.31027
     4.04712     1.47347
     4.06012     1.62836
     4.07212     1.77412
     4.08512     1.91152
     4.09712     2.03138
     4.11012     2.11586
     4.12212     2.14614
     4.13512     2.11372
     4.14812     2.02026
     4.16012     1.87524
     4.17312     1.69318
     4.18512     1.49581
     4.19812     1.31319
     4.21012     1.17725
     4.22312     1.11503
     4.23612     1.14097
     4.24812     1.24976
     4.26112     1.41196
     4.27312     1.57570
     4.28612     1.68259
     4.29812     1.69075
     4.31112     1.59494
     4.32412     1.42915
     4.33612     1.24722
     4.34912     1.09704
     4.36112     1.00284
     4.37412     0.96428
     4.38612     0.96763
     4.39912     0.99782
     4.41212     1.04304
     4.42412     1.09176
     4.43712     1.12767
     4.44912     1.13088
     4.46212     1.08682
     4.47412     0.99705
     4.48712     0.88374
     4.50012     0.78420
     4.51212     0.73529
     4.52512     0.75808
     4.53712     0.84851
     4.55012     0.97934
     4.56212     1.11246
     4.57512     1.21608
     4.58812     1.27646
     4.60012     1.29818
     4.61312     1.29374
     4.62512     1.27056
     4.63812     1.22702
     4.65012     1.15900
     4.66312     1.07015
     4.67612     0.97611
     4.68812     0.89843
     4.70112     0.85403
     4.71312     0.84940
     4.72612     0.88334
     4.73812     0.95242
     4.75112     1.05198
     4.76312     1.16898
     4.77612     1.27762
     4.78912     1.34348
     4.80112     1.33972
     4.81412     1.26372
     4.82612     1.14061
     4.83912     1.01213
     4.85112     0.91859
     4.86412     0.88524
     4.87712     0.91905
     4.88912     1.01178
     4.90212     1.14476
     4.91412     1.29125
     4.92712     1.41960
     4.93912     1.49883
     4.95212     1.50854
     4.96512     1.44814
     4.97712     1.34032
     4.99012     1.22229
     5.00212     1.13079
     5.01512     1.08546
     5.02712     1.08014
     5.04012     1.08878
     5.05312     1.08061
     5.06512     1.03775
     5.07812     0.96425
     5.09012     0.88136
     5.10312     0.81417
     5.11512     0.77814
     5.12812     0.77341
     5.14112     0.78979
     5.15312     0.81550
     5.16612     0.84581
     5.17812     0.88429
     5.19112     0.93780
     5.20312     1.00835
     5.21612     1.08894
     5.22912     1.16639
     5.24112     1.22879
     5.25412     1.27208
     5.26612     1.30171
     5.27912     1.32860
     5.29112     1.36222
     5.30412     1.40354
     5.31712     1.44136
     5.32912     1.45423
     5.34212     1.41941
     5.35412     1.32604
     5.36712     1.18518
     5.37912     1.03021
     5.39212     0.90497
     5.40412     0.84543
     5.41712     0.86592
     5.43012     0.95322
     5.44212     1.07263
     5.45512     1.18017
     5.46712     1.23922
     5.48012     1.23540
     5.49212     1.18130
     5.50512     1.11044
     5.51812     1.05987
     5.53012     1.05182
     5.54312     1.08515
     5.55512     1.13866
     5.56812     1.18552
     5.58012     1.20847
     5.59312     1.20580
     5.60612     1.18706
     5.61812     1.16294
     5.63112     1.13962
     5.64312     1.11892
     5.65612     1.10426
     5.66812     1.10296
     5.68112     1.12337
     5.69412     1.16822
     5.70612     1.22931
     5.71912     1.28874
     5.73112     1.32406
     5.74412     1.31722
     5.75612     1.26216
     5.76912     1.16704
     5.78212     1.05027
     5.79412     0.93261
     5.80712     0.83041
     5.81912     0.75186
     5.83212     0.69678
     5.84412     0.65904
     5.85712     0.62906
     5.87012     0.59829
     5.88212     0.56236
     5.89512     0.52335
     5.90712     0.48863
     5.92012     0.46569
     5.93212     0.45628
     5.94512     0.45354
     5.95812     0.44447
     5.97012     0.41743
     5.98312     0.36812
     5.99512     0.30137
     6.00812     0.22767
     6.02012     0.15806
     6.03312     0.10051
     6.04612     0.05829
     6.05812     0.03068
     6.07112     0.01459
     6.08312     0.00624
     6.09612     0.00239
     6.10812     0.00082
     6.12112     0.00025
     6.13312     0.00007
     6.14612     0.00002
     6.15912     0.00000
     6.17112     0.00000
     6.18412     0.00000
     6.19612     0.00000
     6.20912     0.00000
     6.22112     0.00000
     6.23412     0.00000
     6.24712     0.00000
     6.25912     0.00000
     6.27212     0.00000
     6.28412     0.00000
     6.29712     0.00000
     6.30912     0.00000
     6.32212     0.00000
     6.33512     0.00000
     6.34712     0.00000
     6.36012     0.00000
     6.37212     0.00000
     6.38512     0.00000
     6.39712     0.00000
     6.41012     0.00000
     6.42312     0.00000
     6.43512     0.00000
     6.44812     0.00000
     6.46012     0.00000
     6.47312     0.00000
     6.48512     0.00000
     6.49812     0.00000
     6.51112     0.00000
     6.52312     0.00000
     6.53612     0.00000
     6.54812     0.00000
     6.56112     0.00000
     6.57312     0.00000
     6.58612     0.00000
     6.59912     0.00000
     6.61112     0.00000
     6.62412     0.00000
     6.63612     0.00000
     6.64912     0.00000
     6.66112     0.00000
     6.67412     0.00000
     6.68712     0.00000
     6.69912     0.00000
     6.71212     0.00000
     6.72412     0.00000
     6.73712     0.00000
     6.74912     0.00000
     6.76212     0.00000
     6.77512     0.00000
     6.78712     0.00000
     6.80012     0.00000
     6.81212     0.00000
     6.82512     0.00000
     6.83712     0.00000
     6.85012     0.00000
     6.86212     0.00000
     6.87512     0.00000
     6.88812     0.00000
     6.90012     0.00000
     6.91312     0.00000
     6.92512     0.00000
     6.93812     0.00000
     6.95012     0.00000
     6.96312     0.00000
     6.97612     0.00000
     6.98812     0.00000
     7.00112     0.00000
     7.01312     0.00000
     7.02612     0.00000
     7.03812     0.00000
     7.05112     0.00000
     7.06412     0.00000
     7.07612     0.00000
     7.08912     0.00000
     7.10112     0.00000
     7.11412     0.00000
     7.12612     0.00000
     7.13912     0.00000
     7.15212     0.00000
     7.16412     0.00000
     7.17712     0.00000
     7.18912     0.00000
     7.20212     0.00000
     7.21412     0.00000
     7.22712     0.00000
     7.24012     0.00000
     7.25212     0.00000
     7.26512     0.00000
     7.27712     0.00000
     7.29012     0.00000
     7.30212     0.00000
     7.31512     0.00000
     7.32812     0.00000
     7.34012     0.00000
     7.35312     0.00000
     7.36512     0.00000
     7.37812     0.00000
     7.39012     0.00000
     7.40312     0.00000
     7.41612     0.00000
     7.42812     0.00000
     7.44112     0.00000
     7.45312     0.00000
     7.46612     0.00000
     7.47812     0.00000
     7.49112     0.00000
     7.50312     0.00000
     7.51612     0.00000
     7.52912     0.00000
     7.54112     0.00000
     7.55412     0.00000
     7.56612     0.00000
     7.57912     0.00000
     7.59112     0.00000
     7.60412     0.00000
     7.61712     0.00000
     7.62912     0.00000
     7.64212     0.00000
     7.65412     0.00000
     7.66712     0.00000
     7.67912     0.00000
     7.69212     0.00000
     7.70512     0.00000
