     #Energy 6&15&24&33&
   -29.98888     0.00000
   -29.97688     0.00000
   -29.96388     0.00000
   -29.95188     0.00000
   -29.93888     0.00000
   -29.92688     0.00000
   -29.91388     0.00000
   -29.90088     0.00000
   -29.88888     0.00000
   -29.87588     0.00000
   -29.86388     0.00000
   -29.85088     0.00000
   -29.83888     0.00000
   -29.82588     0.00000
   -29.81288     0.00000
   -29.80088     0.00000
   -29.78788     0.00000
   -29.77588     0.00000
   -29.76288     0.00000
   -29.75088     0.00000
   -29.73788     0.00000
   -29.72488     0.00000
   -29.71288     0.00000
   -29.69988     0.00000
   -29.68788     0.00000
   -29.67488     0.00000
   -29.66288     0.00000
   -29.64988     0.00000
   -29.63788     0.00000
   -29.62488     0.00000
   -29.61188     0.00000
   -29.59988     0.00000
   -29.58688     0.00000
   -29.57488     0.00000
   -29.56188     0.00000
   -29.54988     0.00000
   -29.53688     0.00000
   -29.52388     0.00000
   -29.51188     0.00000
   -29.49888     0.00000
   -29.48688     0.00000
   -29.47388     0.00000
   -29.46188     0.00000
   -29.44888     0.00000
   -29.43588     0.00000
   -29.42388     0.00000
   -29.41088     0.00000
   -29.39888     0.00000
   -29.38588     0.00000
   -29.37388     0.00000
   -29.36088     0.00000
   -29.34788     0.00000
   -29.33588     0.00000
   -29.32288     0.00000
   -29.31088     0.00000
   -29.29788     0.00000
   -29.28588     0.00000
   -29.27288     0.00000
   -29.25988     0.00000
   -29.24788     0.00000
   -29.23488     0.00000
   -29.22288     0.00000
   -29.20988     0.00000
   -29.19788     0.00000
   -29.18488     0.00000
   -29.17188     0.00000
   -29.15988     0.00000
   -29.14688     0.00000
   -29.13488     0.00000
   -29.12188     0.00000
   -29.10988     0.00000
   -29.09688     0.00000
   -29.08388     0.00000
   -29.07188     0.00000
   -29.05888     0.00000
   -29.04688     0.00000
   -29.03388     0.00000
   -29.02188     0.00000
   -29.00888     0.00000
   -28.99588     0.00000
   -28.98388     0.00000
   -28.97088     0.00000
   -28.95888     0.00000
   -28.94588     0.00000
   -28.93388     0.00000
   -28.92088     0.00000
   -28.90888     0.00000
   -28.89588     0.00000
   -28.88288     0.00000
   -28.87088     0.00000
   -28.85788     0.00000
   -28.84588     0.00000
   -28.83288     0.00000
   -28.82088     0.00000
   -28.80788     0.00000
   -28.79488     0.00000
   -28.78288     0.00000
   -28.76988     0.00000
   -28.75788     0.00000
   -28.74488     0.00000
   -28.73288     0.00000
   -28.71988     0.00000
   -28.70688     0.00000
   -28.69488     0.00000
   -28.68188     0.00000
   -28.66988     0.00000
   -28.65688     0.00000
   -28.64488     0.00000
   -28.63188     0.00000
   -28.61888     0.00000
   -28.60688     0.00000
   -28.59388     0.00000
   -28.58188     0.00000
   -28.56888     0.00000
   -28.55688     0.00000
   -28.54388     0.00000
   -28.53088     0.00000
   -28.51888     0.00000
   -28.50588     0.00000
   -28.49388     0.00000
   -28.48088     0.00000
   -28.46888     0.00000
   -28.45588     0.00000
   -28.44288     0.00000
   -28.43088     0.00000
   -28.41788     0.00000
   -28.40588     0.00000
   -28.39288     0.00000
   -28.38088     0.00000
   -28.36788     0.00000
   -28.35488     0.00000
   -28.34288     0.00000
   -28.32988     0.00000
   -28.31788     0.00000
   -28.30488     0.00000
   -28.29288     0.00001
   -28.27988     0.00001
   -28.26788     0.00001
   -28.25488     0.00002
   -28.24188     0.00002
   -28.22988     0.00002
   -28.21688     0.00003
   -28.20488     0.00003
   -28.19188     0.00003
   -28.17988     0.00003
   -28.16688     0.00003
   -28.15388     0.00007
   -28.14188     0.00036
   -28.12888     0.00193
   -28.11688     0.00939
   -28.10388     0.04086
   -28.09188     0.15836
   -28.07888     0.54611
   -28.06588     1.67670
   -28.05388     4.58756
   -28.04088    11.20371
   -28.02888    24.46196
   -28.01588    47.86185
   -28.00388    84.14417
   -27.99088   133.35759
   -27.97788   191.32069
   -27.96588   249.78036
   -27.95288   298.89112
   -27.94088   331.02214
   -27.92788   344.20225
   -27.91588   342.81383
   -27.90288   335.78509
   -27.88988   332.61017
   -27.87788   339.59357
   -27.86488   357.86419
   -27.85288   383.42334
   -27.83988   409.56979
   -27.82788   429.74535
   -27.81488   440.43284
   -27.80188   442.03342
   -27.78988   438.48910
   -27.77688   435.12489
   -27.76488   436.28153
   -27.75188   443.44892
   -27.73988   454.65074
   -27.72688   465.53348
   -27.71388   471.47002
   -27.70188   469.63796
   -27.68888   460.30020
   -27.67688   446.73952
   -27.66388   433.41563
   -27.65188   423.66016
   -27.63888   418.07787
   -27.62588   414.57767
   -27.61388   409.98213
   -27.60088   402.28437
   -27.58888   391.64845
   -27.57588   380.23433
   -27.56388   370.05686
   -27.55088   360.91556
   -27.53888   349.18341
   -27.52588   329.37145
   -27.51288   297.03641
   -27.50088   251.56242
   -27.48788   197.49140
   -27.47588   142.25876
   -27.46288    93.35174
   -27.45088    55.48498
   -27.43788    29.74202
   -27.42488    14.32474
   -27.41288     6.18126
   -27.39988     2.38334
   -27.38788     0.81933
   -27.37488     0.25082
   -27.36288     0.06833
   -27.34988     0.01664
   -27.33688     0.00374
   -27.32488     0.00089
   -27.31188     0.00032
   -27.29988     0.00020
   -27.28688     0.00014
   -27.27488     0.00010
   -27.26188     0.00007
   -27.24888     0.00004
   -27.23688     0.00002
   -27.22388     0.00001
   -27.21188     0.00000
   -27.19888     0.00000
   -27.18688     0.00000
   -27.17388     0.00000
   -27.16088     0.00000
   -27.14888     0.00000
   -27.13588     0.00000
   -27.12388     0.00000
   -27.11088     0.00000
   -27.09888     0.00000
   -27.08588     0.00000
   -27.07288     0.00000
   -27.06088     0.00000
   -27.04788     0.00000
   -27.03588     0.00000
   -27.02288     0.00000
   -27.01088     0.00000
   -26.99788     0.00000
   -26.98488     0.00000
   -26.97288     0.00000
   -26.95988     0.00000
   -26.94788     0.00000
   -26.93488     0.00000
   -26.92288     0.00000
   -26.90988     0.00000
   -26.89688     0.00000
   -26.88488     0.00000
   -26.87188     0.00000
   -26.85988     0.00000
   -26.84688     0.00000
   -26.83488     0.00000
   -26.82188     0.00000
   -26.80988     0.00000
   -26.79688     0.00000
   -26.78388     0.00000
   -26.77188     0.00000
   -26.75888     0.00000
   -26.74688     0.00000
   -26.73388     0.00000
   -26.72188     0.00000
   -26.70888     0.00000
   -26.69588     0.00000
   -26.68388     0.00000
   -26.67088     0.00000
   -26.65888     0.00000
   -26.64588     0.00000
   -26.63388     0.00000
   -26.62088     0.00000
   -26.60788     0.00000
   -26.59588     0.00000
   -26.58288     0.00000
   -26.57088     0.00000
   -26.55788     0.00000
   -26.54588     0.00000
   -26.53288     0.00000
   -26.51988     0.00000
   -26.50788     0.00000
   -26.49488     0.00000
   -26.48288     0.00000
   -26.46988     0.00000
   -26.45788     0.00000
   -26.44488     0.00000
   -26.43188     0.00000
   -26.41988     0.00000
   -26.40688     0.00000
   -26.39488     0.00000
   -26.38188     0.00000
   -26.36988     0.00000
   -26.35688     0.00000
   -26.34388     0.00000
   -26.33188     0.00000
   -26.31888     0.00000
   -26.30688     0.00000
   -26.29388     0.00000
   -26.28188     0.00000
   -26.26888     0.00000
   -26.25588     0.00000
   -26.24388     0.00000
   -26.23088     0.00000
   -26.21888     0.00000
   -26.20588     0.00000
   -26.19388     0.00000
   -26.18088     0.00000
   -26.16888     0.00000
   -26.15588     0.00000
   -26.14288     0.00000
   -26.13088     0.00000
   -26.11788     0.00000
   -26.10588     0.00000
   -26.09288     0.00000
   -26.08088     0.00000
   -26.06788     0.00000
   -26.05488     0.00000
   -26.04288     0.00000
   -26.02988     0.00000
   -26.01788     0.00000
   -26.00488     0.00000
   -25.99288     0.00000
   -25.97988     0.00000
   -25.96688     0.00000
   -25.95488     0.00000
   -25.94188     0.00000
   -25.92988     0.00000
   -25.91688     0.00000
   -25.90488     0.00000
   -25.89188     0.00000
   -25.87888     0.00000
   -25.86688     0.00000
   -25.85388     0.00000
   -25.84188     0.00000
   -25.82888     0.00000
   -25.81688     0.00000
   -25.80388     0.00000
   -25.79088     0.00000
   -25.77888     0.00000
   -25.76588     0.00000
   -25.75388     0.00000
   -25.74088     0.00000
   -25.72888     0.00000
   -25.71588     0.00000
   -25.70288     0.00000
   -25.69088     0.00000
   -25.67788     0.00000
   -25.66588     0.00000
   -25.65288     0.00000
   -25.64088     0.00000
   -25.62788     0.00000
   -25.61488     0.00000
   -25.60288     0.00000
   -25.58988     0.00000
   -25.57788     0.00000
   -25.56488     0.00000
   -25.55288     0.00000
   -25.53988     0.00000
   -25.52688     0.00000
   -25.51488     0.00000
   -25.50188     0.00000
   -25.48988     0.00000
   -25.47688     0.00000
   -25.46488     0.00000
   -25.45188     0.00000
   -25.43988     0.00000
   -25.42688     0.00000
   -25.41388     0.00000
   -25.40188     0.00000
   -25.38888     0.00000
   -25.37688     0.00000
   -25.36388     0.00000
   -25.35188     0.00000
   -25.33888     0.00000
   -25.32588     0.00000
   -25.31388     0.00000
   -25.30088     0.00000
   -25.28888     0.00000
   -25.27588     0.00000
   -25.26388     0.00000
   -25.25088     0.00000
   -25.23788     0.00000
   -25.22588     0.00000
   -25.21288     0.00000
   -25.20088     0.00000
   -25.18788     0.00000
   -25.17588     0.00000
   -25.16288     0.00000
   -25.14988     0.00000
   -25.13788     0.00000
   -25.12488     0.00000
   -25.11288     0.00000
   -25.09988     0.00000
   -25.08788     0.00000
   -25.07488     0.00000
   -25.06188     0.00000
   -25.04988     0.00000
   -25.03688     0.00000
   -25.02488     0.00000
   -25.01188     0.00000
   -24.99988     0.00000
   -24.98688     0.00000
   -24.97388     0.00000
   -24.96188     0.00000
   -24.94888     0.00000
   -24.93688     0.00000
   -24.92388     0.00000
   -24.91188     0.00000
   -24.89888     0.00000
   -24.88588     0.00000
   -24.87388     0.00000
   -24.86088     0.00000
   -24.84888     0.00000
   -24.83588     0.00000
   -24.82388     0.00000
   -24.81088     0.00000
   -24.79788     0.00000
   -24.78588     0.00000
   -24.77288     0.00000
   -24.76088     0.00000
   -24.74788     0.00000
   -24.73588     0.00000
   -24.72288     0.00000
   -24.71088     0.00000
   -24.69788     0.00000
   -24.68488     0.00000
   -24.67288     0.00000
   -24.65988     0.00000
   -24.64788     0.00000
   -24.63488     0.00000
   -24.62288     0.00000
   -24.60988     0.00000
   -24.59688     0.00000
   -24.58488     0.00000
   -24.57188     0.00000
   -24.55988     0.00000
   -24.54688     0.00000
   -24.53488     0.00000
   -24.52188     0.00000
   -24.50888     0.00000
   -24.49688     0.00000
   -24.48388     0.00000
   -24.47188     0.00000
   -24.45888     0.00000
   -24.44688     0.00000
   -24.43388     0.00000
   -24.42088     0.00000
   -24.40888     0.00000
   -24.39588     0.00000
   -24.38388     0.00000
   -24.37088     0.00000
   -24.35888     0.00000
   -24.34588     0.00000
   -24.33288     0.00000
   -24.32088     0.00000
   -24.30788     0.00000
   -24.29588     0.00000
   -24.28288     0.00000
   -24.27088     0.00000
   -24.25788     0.00000
   -24.24488     0.00000
   -24.23288     0.00000
   -24.21988     0.00000
   -24.20788     0.00000
   -24.19488     0.00000
   -24.18288     0.00000
   -24.16988     0.00000
   -24.15688     0.00000
   -24.14488     0.00000
   -24.13188     0.00000
   -24.11988     0.00000
   -24.10688     0.00000
   -24.09488     0.00000
   -24.08188     0.00000
   -24.06988     0.00000
   -24.05688     0.00000
   -24.04388     0.00000
   -24.03188     0.00000
   -24.01888     0.00000
   -24.00688     0.00000
   -23.99388     0.00000
   -23.98188     0.00000
   -23.96888     0.00000
   -23.95588     0.00000
   -23.94388     0.00000
   -23.93088     0.00000
   -23.91888     0.00000
   -23.90588     0.00000
   -23.89388     0.00000
   -23.88088     0.00000
   -23.86788     0.00000
   -23.85588     0.00000
   -23.84288     0.00000
   -23.83088     0.00000
   -23.81788     0.00000
   -23.80588     0.00000
   -23.79288     0.00000
   -23.77988     0.00000
   -23.76788     0.00000
   -23.75488     0.00000
   -23.74288     0.00000
   -23.72988     0.00000
   -23.71788     0.00000
   -23.70488     0.00000
   -23.69188     0.00000
   -23.67988     0.00000
   -23.66688     0.00000
   -23.65488     0.00000
   -23.64188     0.00000
   -23.62988     0.00000
   -23.61688     0.00000
   -23.60388     0.00000
   -23.59188     0.00000
   -23.57888     0.00000
   -23.56688     0.00000
   -23.55388     0.00000
   -23.54188     0.00000
   -23.52888     0.00000
   -23.51588     0.00000
   -23.50388     0.00000
   -23.49088     0.00000
   -23.47888     0.00000
   -23.46588     0.00000
   -23.45388     0.00000
   -23.44088     0.00000
   -23.42788     0.00000
   -23.41588     0.00000
   -23.40288     0.00000
   -23.39088     0.00000
   -23.37788     0.00000
   -23.36588     0.00000
   -23.35288     0.00000
   -23.34088     0.00000
   -23.32788     0.00000
   -23.31488     0.00000
   -23.30288     0.00000
   -23.28988     0.00000
   -23.27788     0.00000
   -23.26488     0.00000
   -23.25288     0.00000
   -23.23988     0.00000
   -23.22688     0.00000
   -23.21488     0.00000
   -23.20188     0.00000
   -23.18988     0.00000
   -23.17688     0.00000
   -23.16488     0.00000
   -23.15188     0.00000
   -23.13888     0.00000
   -23.12688     0.00000
   -23.11388     0.00000
   -23.10188     0.00000
   -23.08888     0.00000
   -23.07688     0.00000
   -23.06388     0.00000
   -23.05088     0.00000
   -23.03888     0.00000
   -23.02588     0.00000
   -23.01388     0.00000
   -23.00088     0.00000
   -22.98888     0.00000
   -22.97588     0.00000
   -22.96288     0.00000
   -22.95088     0.00000
   -22.93788     0.00000
   -22.92588     0.00000
   -22.91288     0.00000
   -22.90088     0.00000
   -22.88788     0.00000
   -22.87488     0.00000
   -22.86288     0.00000
   -22.84988     0.00000
   -22.83788     0.00000
   -22.82488     0.00000
   -22.81288     0.00000
   -22.79988     0.00000
   -22.78688     0.00000
   -22.77488     0.00000
   -22.76188     0.00000
   -22.74988     0.00000
   -22.73688     0.00000
   -22.72488     0.00000
   -22.71188     0.00000
   -22.69888     0.00000
   -22.68688     0.00000
   -22.67388     0.00000
   -22.66188     0.00000
   -22.64888     0.00000
   -22.63688     0.00000
   -22.62388     0.00000
   -22.61188     0.00000
   -22.59888     0.00000
   -22.58588     0.00000
   -22.57388     0.00000
   -22.56088     0.00000
   -22.54888     0.00000
   -22.53588     0.00000
   -22.52388     0.00000
   -22.51088     0.00000
   -22.49788     0.00000
   -22.48588     0.00000
   -22.47288     0.00000
   -22.46088     0.00000
   -22.44788     0.00000
   -22.43588     0.00000
   -22.42288     0.00000
   -22.40988     0.00000
   -22.39788     0.00000
   -22.38488     0.00000
   -22.37288     0.00000
   -22.35988     0.00000
   -22.34788     0.00000
   -22.33488     0.00000
   -22.32188     0.00000
   -22.30988     0.00000
   -22.29688     0.00000
   -22.28488     0.00000
   -22.27188     0.00000
   -22.25988     0.00000
   -22.24688     0.00000
   -22.23388     0.00000
   -22.22188     0.00000
   -22.20888     0.00000
   -22.19688     0.00000
   -22.18388     0.00000
   -22.17188     0.00000
   -22.15888     0.00000
   -22.14588     0.00000
   -22.13388     0.00000
   -22.12088     0.00000
   -22.10888     0.00000
   -22.09588     0.00000
   -22.08388     0.00000
   -22.07088     0.00000
   -22.05788     0.00000
   -22.04588     0.00000
   -22.03288     0.00000
   -22.02088     0.00000
   -22.00788     0.00000
   -21.99588     0.00000
   -21.98288     0.00000
   -21.96988     0.00000
   -21.95788     0.00000
   -21.94488     0.00000
   -21.93288     0.00000
   -21.91988     0.00000
   -21.90788     0.00000
   -21.89488     0.00000
   -21.88288     0.00000
   -21.86988     0.00000
   -21.85688     0.00000
   -21.84488     0.00000
   -21.83188     0.00000
   -21.81988     0.00000
   -21.80688     0.00000
   -21.79488     0.00000
   -21.78188     0.00000
   -21.76888     0.00000
   -21.75688     0.00000
   -21.74388     0.00000
   -21.73188     0.00000
   -21.71888     0.00000
   -21.70688     0.00000
   -21.69388     0.00000
   -21.68088     0.00000
   -21.66888     0.00000
   -21.65588     0.00000
   -21.64388     0.00000
   -21.63088     0.00000
   -21.61888     0.00000
   -21.60588     0.00000
   -21.59288     0.00000
   -21.58088     0.00000
   -21.56788     0.00000
   -21.55588     0.00000
   -21.54288     0.00000
   -21.53088     0.00000
   -21.51788     0.00000
   -21.50488     0.00000
   -21.49288     0.00000
   -21.47988     0.00000
   -21.46788     0.00000
   -21.45488     0.00000
   -21.44288     0.00000
   -21.42988     0.00000
   -21.41688     0.00000
   -21.40488     0.00000
   -21.39188     0.00000
   -21.37988     0.00000
   -21.36688     0.00000
   -21.35488     0.00000
   -21.34188     0.00000
   -21.32888     0.00000
   -21.31688     0.00000
   -21.30388     0.00000
   -21.29188     0.00000
   -21.27888     0.00000
   -21.26688     0.00000
   -21.25388     0.00000
   -21.24188     0.00000
   -21.22888     0.00000
   -21.21588     0.00000
   -21.20388     0.00000
   -21.19088     0.00000
   -21.17888     0.00000
   -21.16588     0.00000
   -21.15388     0.00000
   -21.14088     0.00000
   -21.12788     0.00000
   -21.11588     0.00000
   -21.10288     0.00000
   -21.09088     0.00000
   -21.07788     0.00000
   -21.06588     0.00000
   -21.05288     0.00000
   -21.03988     0.00000
   -21.02788     0.00000
   -21.01488     0.00000
   -21.00288     0.00000
   -20.98988     0.00000
   -20.97788     0.00000
   -20.96488     0.00000
   -20.95188     0.00000
   -20.93988     0.00000
   -20.92688     0.00000
   -20.91488     0.00000
   -20.90188     0.00000
   -20.88988     0.00000
   -20.87688     0.00000
   -20.86388     0.00000
   -20.85188     0.00000
   -20.83888     0.00000
   -20.82688     0.00000
   -20.81388     0.00000
   -20.80188     0.00000
   -20.78888     0.00000
   -20.77588     0.00000
   -20.76388     0.00000
   -20.75088     0.00000
   -20.73888     0.00000
   -20.72588     0.00000
   -20.71388     0.00000
   -20.70088     0.00000
   -20.68788     0.00000
   -20.67588     0.00000
   -20.66288     0.00000
   -20.65088     0.00000
   -20.63788     0.00000
   -20.62588     0.00000
   -20.61288     0.00000
   -20.59988     0.00000
   -20.58788     0.00000
   -20.57488     0.00000
   -20.56288     0.00000
   -20.54988     0.00000
   -20.53788     0.00000
   -20.52488     0.00000
   -20.51288     0.00000
   -20.49988     0.00000
   -20.48688     0.00000
   -20.47488     0.00000
   -20.46188     0.00000
   -20.44988     0.00000
   -20.43688     0.00000
   -20.42488     0.00000
   -20.41188     0.00000
   -20.39888     0.00000
   -20.38688     0.00000
   -20.37388     0.00000
   -20.36188     0.00000
   -20.34888     0.00000
   -20.33688     0.00000
   -20.32388     0.00000
   -20.31088     0.00000
   -20.29888     0.00000
   -20.28588     0.00000
   -20.27388     0.00000
   -20.26088     0.00000
   -20.24888     0.00000
   -20.23588     0.00000
   -20.22288     0.00000
   -20.21088     0.00000
   -20.19788     0.00000
   -20.18588     0.00000
   -20.17288     0.00000
   -20.16088     0.00000
   -20.14788     0.00000
   -20.13488     0.00000
   -20.12288     0.00000
   -20.10988     0.00000
   -20.09788     0.00000
   -20.08488     0.00000
   -20.07288     0.00000
   -20.05988     0.00000
   -20.04688     0.00000
   -20.03488     0.00000
   -20.02188     0.00000
   -20.00988     0.00000
   -19.99688     0.00000
   -19.98488     0.00000
   -19.97188     0.00000
   -19.95888     0.00000
   -19.94688     0.00000
   -19.93388     0.00000
   -19.92188     0.00000
   -19.90888     0.00000
   -19.89688     0.00000
   -19.88388     0.00000
   -19.87088     0.00000
   -19.85888     0.00000
   -19.84588     0.00000
   -19.83388     0.00000
   -19.82088     0.00000
   -19.80888     0.00000
   -19.79588     0.00000
   -19.78388     0.00000
   -19.77088     0.00000
   -19.75788     0.00000
   -19.74588     0.00000
   -19.73288     0.00000
   -19.72088     0.00000
   -19.70788     0.00000
   -19.69588     0.00000
   -19.68288     0.00000
   -19.66988     0.00000
   -19.65788     0.00000
   -19.64488     0.00000
   -19.63288     0.00000
   -19.61988     0.00000
   -19.60788     0.00000
   -19.59488     0.00000
   -19.58188     0.00000
   -19.56988     0.00000
   -19.55688     0.00000
   -19.54488     0.00000
   -19.53188     0.00000
   -19.51988     0.00000
   -19.50688     0.00000
   -19.49388     0.00000
   -19.48188     0.00000
   -19.46888     0.00000
   -19.45688     0.00000
   -19.44388     0.00000
   -19.43188     0.00000
   -19.41888     0.00000
   -19.40588     0.00000
   -19.39388     0.00000
   -19.38088     0.00000
   -19.36888     0.00000
   -19.35588     0.00000
   -19.34388     0.00000
   -19.33088     0.00000
   -19.31788     0.00000
   -19.30588     0.00000
   -19.29288     0.00000
   -19.28088     0.00000
   -19.26788     0.00000
   -19.25588     0.00000
   -19.24288     0.00000
   -19.22988     0.00000
   -19.21788     0.00000
   -19.20488     0.00000
   -19.19288     0.00000
   -19.17988     0.00000
   -19.16788     0.00000
   -19.15488     0.00000
   -19.14288     0.00000
   -19.12988     0.00000
   -19.11688     0.00000
   -19.10488     0.00000
   -19.09188     0.00000
   -19.07988     0.00000
   -19.06688     0.00000
   -19.05488     0.00000
   -19.04188     0.00000
   -19.02888     0.00000
   -19.01688     0.00000
   -19.00388     0.00000
   -18.99188     0.00000
   -18.97888     0.00000
   -18.96688     0.00000
   -18.95388     0.00000
   -18.94088     0.00000
   -18.92888     0.00000
   -18.91588     0.00000
   -18.90388     0.00000
   -18.89088     0.00000
   -18.87888     0.00000
   -18.86588     0.00000
   -18.85288     0.00000
   -18.84088     0.00000
   -18.82788     0.00000
   -18.81588     0.00000
   -18.80288     0.00000
   -18.79088     0.00000
   -18.77788     0.00000
   -18.76488     0.00000
   -18.75288     0.00000
   -18.73988     0.00000
   -18.72788     0.00000
   -18.71488     0.00000
   -18.70288     0.00000
   -18.68988     0.00000
   -18.67688     0.00000
   -18.66488     0.00000
   -18.65188     0.00000
   -18.63988     0.00000
   -18.62688     0.00000
   -18.61488     0.00000
   -18.60188     0.00000
   -18.58888     0.00000
   -18.57688     0.00000
   -18.56388     0.00000
   -18.55188     0.00000
   -18.53888     0.00000
   -18.52688     0.00000
   -18.51388     0.00000
   -18.50088     0.00000
   -18.48888     0.00000
   -18.47588     0.00000
   -18.46388     0.00000
   -18.45088     0.00000
   -18.43888     0.00000
   -18.42588     0.00000
   -18.41388     0.00000
   -18.40088     0.00000
   -18.38788     0.00000
   -18.37588     0.00000
   -18.36288     0.00000
   -18.35088     0.00000
   -18.33788     0.00000
   -18.32588     0.00000
   -18.31288     0.00000
   -18.29988     0.00000
   -18.28788     0.00000
   -18.27488     0.00000
   -18.26288     0.00000
   -18.24988     0.00000
   -18.23788     0.00000
   -18.22488     0.00000
   -18.21188     0.00000
   -18.19988     0.00000
   -18.18688     0.00000
   -18.17488     0.00000
   -18.16188     0.00000
   -18.14988     0.00000
   -18.13688     0.00000
   -18.12388     0.00000
   -18.11188     0.00000
   -18.09888     0.00000
   -18.08688     0.00000
   -18.07388     0.00000
   -18.06188     0.00000
   -18.04888     0.00000
   -18.03588     0.00000
   -18.02388     0.00000
   -18.01088     0.00000
   -17.99888     0.00000
   -17.98588     0.00000
   -17.97388     0.00000
   -17.96088     0.00000
   -17.94788     0.00000
   -17.93588     0.00000
   -17.92288     0.00000
   -17.91088     0.00000
   -17.89788     0.00000
   -17.88588     0.00000
   -17.87288     0.00000
   -17.85988     0.00000
   -17.84788     0.00000
   -17.83488     0.00000
   -17.82288     0.00000
   -17.80988     0.00000
   -17.79788     0.00000
   -17.78488     0.00000
   -17.77188     0.00000
   -17.75988     0.00000
   -17.74688     0.00000
   -17.73488     0.00000
   -17.72188     0.00000
   -17.70988     0.00000
   -17.69688     0.00000
   -17.68488     0.00000
   -17.67188     0.00000
   -17.65888     0.00000
   -17.64688     0.00000
   -17.63388     0.00000
   -17.62188     0.00000
   -17.60888     0.00000
   -17.59688     0.00000
   -17.58388     0.00000
   -17.57088     0.00000
   -17.55888     0.00000
   -17.54588     0.00000
   -17.53388     0.00000
   -17.52088     0.00000
   -17.50888     0.00000
   -17.49588     0.00000
   -17.48288     0.00000
   -17.47088     0.00000
   -17.45788     0.00000
   -17.44588     0.00000
   -17.43288     0.00000
   -17.42088     0.00000
   -17.40788     0.00000
   -17.39488     0.00000
   -17.38288     0.00000
   -17.36988     0.00000
   -17.35788     0.00000
   -17.34488     0.00000
   -17.33288     0.00000
   -17.31988     0.00000
   -17.30688     0.00000
   -17.29488     0.00000
   -17.28188     0.00000
   -17.26988     0.00000
   -17.25688     0.00000
   -17.24488     0.00000
   -17.23188     0.00000
   -17.21888     0.00000
   -17.20688     0.00000
   -17.19388     0.00000
   -17.18188     0.00000
   -17.16888     0.00000
   -17.15688     0.00000
   -17.14388     0.00000
   -17.13088     0.00000
   -17.11888     0.00000
   -17.10588     0.00000
   -17.09388     0.00000
   -17.08088     0.00000
   -17.06888     0.00000
   -17.05588     0.00000
   -17.04388     0.00000
   -17.03088     0.00000
   -17.01788     0.00000
   -17.00588     0.00000
   -16.99288     0.00000
   -16.98088     0.00000
   -16.96788     0.00000
   -16.95588     0.00000
   -16.94288     0.00000
   -16.92988     0.00000
   -16.91788     0.00000
   -16.90488     0.00000
   -16.89288     0.00000
   -16.87988     0.00000
   -16.86788     0.00000
   -16.85488     0.00000
   -16.84188     0.00000
   -16.82988     0.00000
   -16.81688     0.00000
   -16.80488     0.00000
   -16.79188     0.00000
   -16.77988     0.00000
   -16.76688     0.00000
   -16.75388     0.00000
   -16.74188     0.00000
   -16.72888     0.00000
   -16.71688     0.00000
   -16.70388     0.00000
   -16.69188     0.00000
   -16.67888     0.00000
   -16.66588     0.00000
   -16.65388     0.00000
   -16.64088     0.00000
   -16.62888     0.00000
   -16.61588     0.00000
   -16.60388     0.00000
   -16.59088     0.00000
   -16.57788     0.00000
   -16.56588     0.00000
   -16.55288     0.00000
   -16.54088     0.00000
   -16.52788     0.00000
   -16.51588     0.00000
   -16.50288     0.00000
   -16.48988     0.00000
   -16.47788     0.00000
   -16.46488     0.00000
   -16.45288     0.00000
   -16.43988     0.00000
   -16.42788     0.00000
   -16.41488     0.00000
   -16.40188     0.00000
   -16.38988     0.00000
   -16.37688     0.00000
   -16.36488     0.00000
   -16.35188     0.00000
   -16.33988     0.00000
   -16.32688     0.00000
   -16.31488     0.00000
   -16.30188     0.00000
   -16.28888     0.00000
   -16.27688     0.00000
   -16.26388     0.00000
   -16.25188     0.00000
   -16.23888     0.00000
   -16.22688     0.00000
   -16.21388     0.00000
   -16.20088     0.00000
   -16.18888     0.00000
   -16.17588     0.00000
   -16.16388     0.00000
   -16.15088     0.00000
   -16.13888     0.00000
   -16.12588     0.00000
   -16.11288     0.00000
   -16.10088     0.00000
   -16.08788     0.00000
   -16.07588     0.00000
   -16.06288     0.00000
   -16.05088     0.00000
   -16.03788     0.00000
   -16.02488     0.00000
   -16.01288     0.00000
   -15.99988     0.00000
   -15.98788     0.00000
   -15.97488     0.00000
   -15.96288     0.00000
   -15.94988     0.00000
   -15.93688     0.00000
   -15.92488     0.00000
   -15.91188     0.00000
   -15.89988     0.00000
   -15.88688     0.00000
   -15.87488     0.00000
   -15.86188     0.00000
   -15.84888     0.00000
   -15.83688     0.00000
   -15.82388     0.00000
   -15.81188     0.00000
   -15.79888     0.00000
   -15.78688     0.00000
   -15.77388     0.00000
   -15.76088     0.00000
   -15.74888     0.00000
   -15.73588     0.00000
   -15.72388     0.00000
   -15.71088     0.00000
   -15.69888     0.00000
   -15.68588     0.00000
   -15.67288     0.00000
   -15.66088     0.00000
   -15.64788     0.00000
   -15.63588     0.00000
   -15.62288     0.00000
   -15.61088     0.00000
   -15.59788     0.00000
   -15.58588     0.00000
   -15.57288     0.00000
   -15.55988     0.00000
   -15.54788     0.00000
   -15.53488     0.00000
   -15.52288     0.00000
   -15.50988     0.00000
   -15.49788     0.00000
   -15.48488     0.00000
   -15.47188     0.00000
   -15.45988     0.00000
   -15.44688     0.00000
   -15.43488     0.00000
   -15.42188     0.00000
   -15.40988     0.00000
   -15.39688     0.00000
   -15.38388     0.00000
   -15.37188     0.00000
   -15.35888     0.00000
   -15.34688     0.00000
   -15.33388     0.00000
   -15.32188     0.00000
   -15.30888     0.00000
   -15.29588     0.00000
   -15.28388     0.00000
   -15.27088     0.00000
   -15.25888     0.00000
   -15.24588     0.00000
   -15.23388     0.00000
   -15.22088     0.00000
   -15.20788     0.00000
   -15.19588     0.00000
   -15.18288     0.00000
   -15.17088     0.00000
   -15.15788     0.00000
   -15.14588     0.00000
   -15.13288     0.00000
   -15.11988     0.00000
   -15.10788     0.00000
   -15.09488     0.00000
   -15.08288     0.00000
   -15.06988     0.00000
   -15.05788     0.00000
   -15.04488     0.00000
   -15.03188     0.00000
   -15.01988     0.00000
   -15.00688     0.00000
   -14.99488     0.00000
   -14.98188     0.00000
   -14.96988     0.00000
   -14.95688     0.00000
   -14.94488     0.00000
   -14.93188     0.00000
   -14.91888     0.00000
   -14.90688     0.00000
   -14.89388     0.00000
   -14.88188     0.00000
   -14.86888     0.00000
   -14.85688     0.00000
   -14.84388     0.00000
   -14.83088     0.00000
   -14.81888     0.00000
   -14.80588     0.00000
   -14.79388     0.00000
   -14.78088     0.00000
   -14.76888     0.00000
   -14.75588     0.00000
   -14.74288     0.00000
   -14.73088     0.00000
   -14.71788     0.00000
   -14.70588     0.00000
   -14.69288     0.00000
   -14.68088     0.00000
   -14.66788     0.00000
   -14.65488     0.00000
   -14.64288     0.00000
   -14.62988     0.00000
   -14.61788     0.00000
   -14.60488     0.00000
   -14.59288     0.00000
   -14.57988     0.00000
   -14.56688     0.00000
   -14.55488     0.00000
   -14.54188     0.00000
   -14.52988     0.00000
   -14.51688     0.00000
   -14.50488     0.00000
   -14.49188     0.00000
   -14.47888     0.00000
   -14.46688     0.00000
   -14.45388     0.00000
   -14.44188     0.00000
   -14.42888     0.00000
   -14.41688     0.00000
   -14.40388     0.00000
   -14.39088     0.00000
   -14.37888     0.00000
   -14.36588     0.00000
   -14.35388     0.00000
   -14.34088     0.00000
   -14.32888     0.00000
   -14.31588     0.00000
   -14.30288     0.00000
   -14.29088     0.00000
   -14.27788     0.00000
   -14.26588     0.00000
   -14.25288     0.00000
   -14.24088     0.00000
   -14.22788     0.00000
   -14.21588     0.00000
   -14.20288     0.00000
   -14.18988     0.00000
   -14.17788     0.00000
   -14.16488     0.00000
   -14.15288     0.00000
   -14.13988     0.00000
   -14.12788     0.00000
   -14.11488     0.00000
   -14.10188     0.00000
   -14.08988     0.00000
   -14.07688     0.00000
   -14.06488     0.00000
   -14.05188     0.00000
   -14.03988     0.00000
   -14.02688     0.00000
   -14.01388     0.00000
   -14.00188     0.00000
   -13.98888     0.00000
   -13.97688     0.00000
   -13.96388     0.00000
   -13.95188     0.00000
   -13.93888     0.00000
   -13.92588     0.00000
   -13.91388     0.00001
   -13.90088     0.00005
   -13.88888     0.00022
   -13.87588     0.00085
   -13.86388     0.00292
   -13.85088     0.00880
   -13.83788     0.02340
   -13.82588     0.05492
   -13.81288     0.11372
   -13.80088     0.20777
   -13.78788     0.33504
   -13.77588     0.47673
   -13.76288     0.59878
   -13.74988     0.66424
   -13.73788     0.65252
   -13.72488     0.57328
   -13.71288     0.46677
   -13.69988     0.39271
   -13.68788     0.41501
   -13.67488     0.58739
   -13.66188     0.93554
   -13.64988     1.43317
   -13.63688     1.98585
   -13.62488     2.44455
   -13.61188     2.66145
   -13.59988     2.56100
   -13.58688     2.18389
   -13.57388     1.66891
   -13.56188     1.18889
   -13.54888     0.88943
   -13.53688     0.85187
   -13.52388     1.08596
   -13.51188     1.52954
   -13.49888     2.05308
   -13.48688     2.48478
   -13.47388     2.66832
   -13.46088     2.53226
   -13.44888     2.12149
   -13.43588     1.56837
   -13.42388     1.02362
   -13.41088     0.59046
   -13.39888     0.30362
   -13.38588     0.14688
   -13.37288     0.08597
   -13.36088     0.09382
   -13.34788     0.15814
   -13.33588     0.27473
   -13.32288     0.43452
   -13.31088     0.61439
   -13.29788     0.78052
   -13.28488     0.90610
   -13.27288     0.99266
   -13.25988     1.07716
   -13.24788     1.21539
   -13.23488     1.44998
   -13.22288     1.78656
   -13.20988     2.19568
   -13.19688     2.62879
   -13.18488     3.03722
   -13.17188     3.36542
   -13.15988     3.55645
   -13.14688     3.57654
   -13.13488     3.45007
   -13.12188     3.28087
   -13.10888     3.20724
   -13.09688     3.32651
   -13.08388     3.62647
   -13.07188     3.99568
   -13.05888     4.28509
   -13.04688     4.38544
   -13.03388     4.25668
   -13.02088     3.91307
   -13.00888     3.40268
   -12.99588     2.79032
   -12.98388     2.15773
   -12.97088     1.58993
   -12.95888     1.14875
   -12.94588     0.85017
   -12.93288     0.66484
   -12.92088     0.54190
   -12.90788     0.43875
   -12.89588     0.33852
   -12.88288     0.24928
   -12.87088     0.19233
   -12.85788     0.19085
   -12.84588     0.26359
   -12.83288     0.42077
   -12.81988     0.65918
   -12.80788     0.95888
   -12.79488     1.28420
   -12.78288     1.59300
   -12.76988     1.84438
   -12.75788     2.00298
   -12.74488     2.04257
   -12.73188     1.95457
   -12.71988     1.76146
   -12.70688     1.52604
   -12.69488     1.34101
   -12.68188     1.29709
   -12.66988     1.44714
   -12.65688     1.78748
   -12.64388     2.26684
   -12.63188     2.81226
   -12.61888     3.35824
   -12.60688     3.85568
   -12.59388     4.26017
   -12.58188     4.52386
   -12.56888     4.59219
   -12.55588     4.43028
   -12.54388     4.05611
   -12.53088     3.56284
   -12.51888     3.10911
   -12.50588     2.87732
   -12.49388     3.01781
   -12.48088     3.59817
   -12.46788     4.56899
   -12.45588     5.76379
   -12.44288     6.93429
   -12.43088     7.81599
   -12.41788     8.21958
   -12.40588     8.09145
   -12.39288     7.52636
   -12.37988     6.71316
   -12.36788     5.83939
   -12.35488     5.01574
   -12.34288     4.25021
   -12.32988     3.50105
   -12.31788     2.73886
   -12.30488     1.99301
   -12.29188     1.33639
   -12.27988     0.84159
   -12.26688     0.54555
   -12.25488     0.44233
   -12.24188     0.49610
   -12.22988     0.65634
   -12.21688     0.86752
   -12.20388     1.07649
   -12.19188     1.24361
   -12.17888     1.35759
   -12.16688     1.44300
   -12.15388     1.55875
   -12.14188     1.77599
   -12.12888     2.15121
   -12.11688     2.70345
   -12.10388     3.41265
   -12.09088     4.23112
   -12.07888     5.09616
   -12.06588     5.93692
   -12.05388     6.67037
   -12.04088     7.21844
   -12.02888     7.53432
   -12.01588     7.62727
   -12.00288     7.55515
   -11.99088     7.36668
   -11.97788     7.06174
   -11.96588     6.60045
   -11.95288     5.97508
   -11.94088     5.25812
   -11.92788     4.57378
   -11.91488     4.01748
   -11.90288     3.58985
   -11.88988     3.22308
   -11.87788     2.86368
   -11.86488     2.53958
   -11.85288     2.35560
   -11.83988     2.42976
   -11.82688     2.82320
   -11.81488     3.50447
   -11.80188     4.35324
   -11.78988     5.19481
   -11.77688     5.84794
   -11.76488     6.18632
   -11.75188     6.18736
   -11.73888     5.93750
   -11.72688     5.59497
   -11.71388     5.31549
   -11.70188     5.20466
   -11.68888     5.30370
   -11.67688     5.59748
   -11.66388     6.03480
   -11.65088     6.53561
   -11.63888     6.99532
   -11.62588     7.30218
   -11.61388     7.35383
   -11.60088     7.08102
   -11.58888     6.47742
   -11.57588     5.62543
   -11.56288     4.69659
   -11.55088     3.91606
   -11.53788     3.48055
   -11.52588     3.48666
   -11.51288     3.89153
   -11.50088     4.53334
   -11.48788     5.18149
   -11.47488     5.60515
   -11.46288     5.64362
   -11.44988     5.26663
   -11.43788     4.59610
   -11.42488     3.86433
   -11.41288     3.32793
   -11.39988     3.17357
   -11.38788     3.46410
   -11.37488     4.13012
   -11.36188     5.00123
   -11.34988     5.85726
   -11.33688     6.49074
   -11.32488     6.76863
   -11.31188     6.67108
   -11.29988     6.28716
   -11.28688     5.77329
   -11.27388     5.30602
   -11.26188     5.05297
   -11.24888     5.14800
   -11.23688     5.66774
   -11.22388     6.58487
   -11.21188     7.74665
   -11.19888     8.89948
   -11.18588     9.76566
   -11.17388    10.13118
   -11.16088     9.90077
   -11.14888     9.11834
   -11.13588     7.94677
   -11.12388     6.62933
   -11.11088     5.43075
   -11.09788     4.55958
   -11.08588     4.11185
   -11.07288     4.04882
   -11.06088     4.23125
   -11.04788     4.47259
   -11.03588     4.59889
   -11.02288     4.49636
   -11.00988     4.14906
   -10.99788     3.65686
   -10.98488     3.19971
   -10.97288     2.97029
   -10.95988     3.08641
   -10.94788     3.53627
   -10.93488     4.18032
   -10.92188     4.80970
   -10.90988     5.22342
   -10.89688     5.29694
   -10.88488     5.01634
   -10.87188     4.46948
   -10.85988     3.81073
   -10.84688     3.19995
   -10.83388     2.75118
   -10.82188     2.50819
   -10.80888     2.47188
   -10.79688     2.64272
   -10.78388     3.04084
   -10.77188     3.67831
   -10.75888     4.50820
   -10.74688     5.40218
   -10.73388     6.18486
   -10.72088     6.69760
   -10.70888     6.84420
   -10.69588     6.59618
   -10.68388     5.98197
   -10.67088     5.07998
   -10.65888     4.01758
   -10.64588     2.95725
   -10.63288     2.06227
   -10.62088     1.46050
   -10.60788     1.22733
   -10.59588     1.38345
   -10.58288     1.90240
   -10.57088     2.71647
   -10.55788     3.72065
   -10.54488     4.78593
   -10.53288     5.76809
   -10.51988     6.51925
   -10.50788     6.90752
   -10.49488     6.85829
   -10.48288     6.40297
   -10.46988     5.69375
   -10.45688     4.96535
   -10.44488     4.44213
   -10.43188     4.24538
   -10.41988     4.35195
   -10.40688     4.61081
   -10.39488     4.80855
   -10.38188     4.75980
   -10.36888     4.38528
   -10.35688     3.75076
   -10.34388     3.03329
   -10.33188     2.44178
   -10.31888     2.12182
   -10.30688     2.09754
   -10.29388     2.26971
   -10.28088     2.47020
   -10.26888     2.53996
   -10.25588     2.39955
   -10.24388     2.07275
   -10.23088     1.65664
   -10.21888     1.26253
   -10.20588     0.96945
   -10.19288     0.81408
   -10.18088     0.81015
   -10.16788     0.97007
   -10.15588     1.30514
   -10.14288     1.80744
   -10.13088     2.43224
   -10.11788     3.10176
   -10.10488     3.73344
   -10.09288     4.26970
   -10.07988     4.67804
   -10.06788     4.92886
   -10.05488     4.97702
   -10.04288     4.78263
   -10.02988     4.36105
   -10.01788     3.80915
   -10.00488     3.28142
    -9.99188     2.91700
    -9.97988     2.77698
    -9.96688     2.82755
    -9.95488     2.96558
    -9.94188     3.06217
    -9.92988     3.00801
    -9.91688     2.74695
    -9.90388     2.29723
    -9.89188     1.74369
    -9.87888     1.19978
    -9.86688     0.76430
    -9.85388     0.49613
    -9.84188     0.41561
    -9.82888     0.51974
    -9.81588     0.79060
    -9.80388     1.18987
    -9.79088     1.64939
    -9.77888     2.07315
    -9.76588     2.36019
    -9.75388     2.43691
    -9.74088     2.28562
    -9.72788     1.95176
    -9.71588     1.52972
    -9.70288     1.13488
    -9.69088     0.87599
    -9.67788     0.83598
    -9.66588     1.05645
    -9.65288     1.52165
    -9.63988     2.14536
    -9.62788     2.77708
    -9.61488     3.24971
    -9.60288     3.44755
    -9.58988     3.36100
    -9.57788     3.08139
    -9.56488     2.74811
    -9.55188     2.47465
    -9.53988     2.31177
    -9.52688     2.24114
    -9.51488     2.20060
    -9.50188     2.11880
    -9.48988     1.95252
    -9.47688     1.71322
    -9.46388     1.46781
    -9.45188     1.31008
    -9.43888     1.31119
    -9.42688     1.47441
    -9.41388     1.72216
    -9.40188     1.92611
    -9.38888     1.96930
    -9.37588     1.80288
    -9.36388     1.46619
    -9.35088     1.05617
    -9.33888     0.67306
    -9.32588     0.37947
    -9.31388     0.18927
    -9.30088     0.08353
    -9.28888     0.03263
    -9.27588     0.01129
    -9.26288     0.00346
    -9.25088     0.00095
    -9.23788     0.00027
    -9.22588     0.00017
    -9.21288     0.00029
    -9.20088     0.00056
    -9.18788     0.00099
    -9.17488     0.00154
    -9.16288     0.00212
    -9.14988     0.00258
    -9.13788     0.00276
    -9.12488     0.00262
    -9.11288     0.00218
    -9.09988     0.00161
    -9.08688     0.00105
    -9.07488     0.00060
    -9.06188     0.00031
    -9.04988     0.00019
    -9.03688     0.00030
    -9.02488     0.00104
    -9.01188     0.00378
    -8.99888     0.01240
    -8.98688     0.03600
    -8.97388     0.09250
    -8.96188     0.21090
    -8.94888     0.42758
    -8.93688     0.77352
    -8.92388     1.25471
    -8.91088     1.83545
    -8.89888     2.43888
    -8.88588     2.96577
    -8.87388     3.32414
    -8.86088     3.45945
    -8.84888     3.37575
    -8.83588     3.14882
    -8.82288     2.91658
    -8.81088     2.84190
    -8.79788     3.04058
    -8.78588     3.52622
    -8.77288     4.20421
    -8.76088     4.91608
    -8.74788     5.51270
    -8.73488     5.90043
    -8.72288     6.05130
    -8.70988     5.99246
    -8.69788     5.78934
    -8.68488     5.53395
    -8.67288     5.32028
    -8.65988     5.21162
    -8.64688     5.21706
    -8.63488     5.29275
    -8.62188     5.36507
    -8.60988     5.36690
    -8.59688     5.26605
    -8.58488     5.07883
    -8.57188     4.85344
    -8.55988     4.64094
    -8.54688     4.46708
    -8.53388     4.32442
    -8.52188     4.20202
    -8.50888     4.11789
    -8.49688     4.13256
    -8.48388     4.31656
    -8.47188     4.69391
    -8.45888     5.20829
    -8.44588     5.74669
    -8.43388     6.20334
    -8.42088     6.52679
    -8.40888     6.71744
    -8.39588     6.77445
    -8.38388     6.67465
    -8.37088     6.39746
    -8.35788     5.97536
    -8.34588     5.50547
    -8.33288     5.10067
    -8.32088     4.82311
    -8.30788     4.65497
    -8.29588     4.52016
    -8.28288     4.33080
    -8.26988     4.02699
    -8.25788     3.60434
    -8.24488     3.11984
    -8.23288     2.67519
    -8.21988     2.37570
    -8.20788     2.28905
    -8.19488     2.42528
    -8.18188     2.75144
    -8.16988     3.21857
    -8.15688     3.78647
    -8.14488     4.43027
    -8.13188     5.13833
    -8.11988     5.90529
    -8.10688     6.70391
    -8.09388     7.45687
    -8.08188     8.02193
    -8.06888     8.23519
    -8.05688     7.99608
    -8.04388     7.33950
    -8.03188     6.43783
    -8.01888     5.52538
    -8.00588     4.79548
    -7.99388     4.34280
    -7.98088     4.16253
    -7.96888     4.18468
    -7.95588     4.30678
    -7.94388     4.40605
    -7.93088     4.35550
    -7.91888     4.06093
    -7.90588     3.51468
    -7.89288     2.81186
    -7.88088     2.11988
    -7.86788     1.60728
    -7.85588     1.37672
    -7.84288     1.44242
    -7.83088     1.75128
    -7.81788     2.22823
    -7.80488     2.82231
    -7.79288     3.52215
    -7.77988     4.33710
    -7.76788     5.25918
    -7.75488     6.22274
    -7.74288     7.09210
    -7.72988     7.68276
    -7.71688     7.81655
    -7.70488     7.39696
    -7.69188     6.46266
    -7.67988     5.18844
    -7.66688     3.82969
    -7.65488     2.63783
    -7.64188     1.80259
    -7.62888     1.43189
    -7.61688     1.56580
    -7.60388     2.18034
    -7.59188     3.17365
    -7.57888     4.35059
    -7.56688     5.44828
    -7.55388     6.20865
    -7.54088     6.47158
    -7.52888     6.23046
    -7.51588     5.62222
    -7.50388     4.85857
    -7.49088     4.15616
    -7.47888     3.68386
    -7.46588     3.53754
    -7.45288     3.72344
    -7.44088     4.14569
    -7.42788     4.62329
    -7.41588     4.93959
    -7.40288     4.93078
    -7.39088     4.55626
    -7.37788     3.91184
    -7.36488     3.16715
    -7.35288     2.47949
    -7.33988     1.92689
    -7.32788     1.50888
    -7.31488     1.18837
    -7.30288     0.94034
    -7.28988     0.76845
    -7.27688     0.69326
    -7.26488     0.72977
    -7.25188     0.87533
    -7.23988     1.10962
    -7.22688     1.40150
    -7.21488     1.71675
    -7.20188     2.02533
    -7.18988     2.30469
    -7.17688     2.53594
    -7.16388     2.68955
    -7.15188     2.72194
    -7.13888     2.58737
    -7.12688     2.27291
    -7.11388     1.82064
    -7.10188     1.31718
    -7.08888     0.85960
    -7.07588     0.51847
    -7.06388     0.32638
    -7.05088     0.29314
    -7.03888     0.42989
    -7.02588     0.76252
    -7.01388     1.32338
    -7.00088     2.12419
    -6.98788     3.11980
    -6.97588     4.18952
    -6.96288     5.14636
    -6.95088     5.80035
    -6.93788     6.02836
    -6.92588     5.82660
    -6.91288     5.30516
    -6.89988     4.62048
    -6.88788     3.90937
    -6.87488     3.24533
    -6.86288     2.64560
    -6.84988     2.10036
    -6.83788     1.60527
    -6.82488     1.17446
    -6.81188     0.83888
    -6.79988     0.63428
    -6.78688     0.59060
    -6.77488     0.72111
    -6.76188     1.01519
    -6.74988     1.43432
    -6.73688     1.91641
    -6.72388     2.39032
    -6.71188     2.79274
    -6.69888     3.07934
    -6.68688     3.22080
    -6.67388     3.20586
    -6.66188     3.04723
    -6.64888     2.79266
    -6.63588     2.52075
    -6.62388     2.30462
    -6.61088     2.17188
    -6.59888     2.08886
    -6.58588     1.98655
    -6.57388     1.81488
    -6.56088     1.58817
    -6.54788     1.39084
    -6.53588     1.34074
    -6.52288     1.52899
    -6.51088     1.96672
    -6.49788     2.56652
    -6.48588     3.17589
    -6.47288     3.64968
    -6.46088     3.91766
    -6.44788     3.99825
    -6.43488     3.94950
    -6.42288     3.80579
    -6.40988     3.55875
    -6.39788     3.19904
    -6.38488     2.76292
    -6.37288     2.33654
    -6.35988     2.00698
    -6.34688     1.81574
    -6.33488     1.74667
    -6.32188     1.75519
    -6.30988     1.80822
    -6.29688     1.90373
    -6.28488     2.06577
    -6.27188     2.31809
    -6.25888     2.65222
    -6.24688     3.00460
    -6.23388     3.26322
    -6.22188     3.31067
    -6.20888     3.08377
    -6.19688     2.60799
    -6.18388     1.98936
    -6.17088     1.36346
    -6.15888     0.83790
    -6.14588     0.46302
    -6.13388     0.23660
    -6.12088     0.13013
    -6.10888     0.11581
    -6.09588     0.18042
    -6.08288     0.32284
    -6.07088     0.53889
    -6.05788     0.80403
    -6.04588     1.06669
    -6.03288     1.26341
    -6.02088     1.35274
    -6.00788     1.34466
    -5.99488     1.30262
    -5.98288     1.30857
    -5.96988     1.41315
    -5.95788     1.60517
    -5.94488     1.82627
    -5.93288     2.01673
    -5.91988     2.15734
    -5.90688     2.26934
    -5.89488     2.37503
    -5.88188     2.45994
    -5.86988     2.47656
    -5.85688     2.38632
    -5.84488     2.20131
    -5.83188     1.98513
    -5.81988     1.81349
    -5.80688     1.73051
    -5.79388     1.73230
    -5.78188     1.78078
    -5.76888     1.82993
    -5.75688     1.84412
    -5.74388     1.80155
    -5.73188     1.69434
    -5.71888     1.53138
    -5.70588     1.34688
    -5.69388     1.19593
    -5.68088     1.13234
    -5.66888     1.17464
    -5.65588     1.28658
    -5.64388     1.38954
    -5.63088     1.40510
    -5.61788     1.30089
    -5.60588     1.10974
    -5.59288     0.91001
    -5.58088     0.78118
    -5.56788     0.76309
    -5.55588     0.83806
    -5.54288     0.94491
    -5.52988     1.01494
    -5.51788     1.01270
    -5.50488     0.95983
    -5.49288     0.92597
    -5.47988     0.99305
    -5.46788     1.20401
    -5.45488     1.52800
    -5.44188     1.86160
    -5.42988     2.07355
    -5.41688     2.06913
    -5.40488     1.84225
    -5.39188     1.47664
    -5.37988     1.09945
    -5.36688     0.82105
    -5.35388     0.69687
    -5.34188     0.72926
    -5.32888     0.89377
    -5.31688     1.16948
    -5.30388     1.55316
    -5.29188     2.04919
    -5.27888     2.64041
    -5.26588     3.25981
    -5.25388     3.78458
    -5.24088     4.06558
    -5.22888     3.99248
    -5.21588     3.55222
    -5.20388     2.84631
    -5.19088     2.04694
    -5.17788     1.32520
    -5.16588     0.79177
    -5.15288     0.48457
    -5.14088     0.39194
    -5.12788     0.48523
    -5.11588     0.73813
    -5.10288     1.12876
    -5.09088     1.63446
    -5.07788     2.22463
    -5.06488     2.85403
    -5.05288     3.45480
    -5.03988     3.94120
    -5.02788     4.22934
    -5.01488     4.27164
    -5.00288     4.07613
    -4.98988     3.69615
    -4.97688     3.20228
    -4.96488     2.65999
    -4.95188     2.13077
    -4.93988     1.68116
    -4.92688     1.38024
    -4.91488     1.28116
    -4.90188     1.39933
    -4.88888     1.69764
    -4.87688     2.08499
    -4.86388     2.43182
    -4.85188     2.61101
    -4.83888     2.55215
    -4.82688     2.28112
    -4.81388     1.90753
    -4.80088     1.56955
    -4.78888     1.35621
    -4.77588     1.27116
    -4.76388     1.24722
    -4.75088     1.20119
    -4.73888     1.08737
    -4.72588     0.91894
    -4.71288     0.74874
    -4.70088     0.62920
    -4.68788     0.57981
    -4.67588     0.57998
    -4.66288     0.58636
    -4.65088     0.56097
    -4.63788     0.49185
    -4.62488     0.39587
    -4.61288     0.30653
    -4.59988     0.25724
    -4.58788     0.27130
    -4.57488     0.36340
    -4.56288     0.54931
    -4.54988     0.85450
    -4.53688     1.31044
    -4.52488     1.93085
    -4.51188     2.67876
    -4.49988     3.45102
    -4.48688     4.10561
    -4.47488     4.52854
    -4.46188     4.69505
    -4.44888     4.67933
    -4.43688     4.59339
    -4.42388     4.51742
    -4.41188     4.46133
    -4.39888     4.39362
    -4.38688     4.29389
    -4.37388     4.17686
    -4.36188     4.07960
    -4.34888     4.03991
    -4.33588     4.09451
    -4.32388     4.29136
    -4.31088     4.68831
    -4.29888     5.32683
    -4.28588     6.19315
    -4.27388     7.19394
    -4.26088     8.16382
    -4.24788     8.90921
    -4.23588     9.27591
    -4.22288     9.21341
    -4.21088     8.79676
    -4.19788     8.18953
    -4.18588     7.57143
    -4.17288     7.07210
    -4.15988     6.74631
    -4.14788     6.59965
    -4.13488     6.62810
    -4.12288     6.81346
    -4.10988     7.10201
    -4.09788     7.37661
    -4.08488     7.48997
    -4.07188     7.34784
    -4.05988     6.97485
    -4.04688     6.49997
    -4.03488     6.06819
    -4.02188     5.73707
    -4.00988     5.44945
    -3.99688     5.09389
    -3.98388     4.60000
    -3.97188     4.00338
    -3.95888     3.43502
    -3.94688     3.05885
    -3.93388     3.00103
    -3.92188     3.29917
    -3.90888     3.88072
    -3.89588     4.57693
    -3.88388     5.18026
    -3.87088     5.52378
    -3.85888     5.55352
    -3.84588     5.33142
    -3.83388     4.97518
    -3.82088     4.58333
    -3.80788     4.20718
    -3.79588     3.88241
    -3.78288     3.68926
    -3.77088     3.76533
    -3.75788     4.23995
    -3.74588     5.12815
    -3.73288     6.26514
    -3.72088     7.34722
    -3.70788     8.06815
    -3.69488     8.26732
    -3.68288     7.98662
    -3.66988     7.41895
    -3.65788     6.80059
    -3.64488     6.31812
    -3.63288     6.07277
    -3.61988     6.07213
    -3.60688     6.24888
    -3.59488     6.49721
    -3.58188     6.72002
    -3.56988     6.87014
    -3.55688     6.95159
    -3.54488     6.98624
    -3.53188     6.99123
    -3.51888     6.97824
    -3.50688     6.96744
    -3.49388     6.97868
    -3.48188     7.00852
    -3.46888     7.01524
    -3.45688     6.95452
    -3.44388     6.83791
    -3.43088     6.76575
    -3.41888     6.88486
    -3.40588     7.29699
    -3.39388     7.96775
    -3.38088     8.69862
    -3.36888     9.19559
    -3.35588     9.21439
    -3.34288     8.70099
    -3.33088     7.84026
    -3.31788     6.96371
    -3.30588     6.36631
    -3.29288     6.16375
    -3.28088     6.28503
    -3.26788     6.58706
    -3.25488     6.98145
    -3.24288     7.47833
    -3.22988     8.13182
    -3.21788     8.94147
    -3.20488     9.80601
    -3.19288    10.54133
    -3.17988    10.94838
    -3.16688    10.88696
    -3.15488    10.32778
    -3.14188     9.36860
    -3.12988     8.20313
    -3.11688     7.05714
    -3.10488     6.10287
    -3.09188     5.40529
    -3.07888     4.92345
    -3.06688     4.58277
    -3.05388     4.36102
    -3.04188     4.33529
    -3.02888     4.64227
    -3.01688     5.37170
    -3.00388     6.45853
    -2.99188     7.66506
    -2.97888     8.67603
    -2.96588     9.24967
    -2.95388     9.33557
    -2.94088     9.07905
    -2.92888     8.71296
    -2.91588     8.42017
    -2.90388     8.24666
    -2.89088     8.11564
    -2.87788     7.92668
    -2.86588     7.65250
    -2.85288     7.36724
    -2.84088     7.20432
    -2.82788     7.27462
    -2.81588     7.60408
    -2.80288     8.10604
    -2.78988     8.59490
    -2.77788     8.85062
    -2.76488     8.70309
    -2.75288     8.11255
    -2.73988     7.19462
    -2.72788     6.17970
    -2.71488     5.32458
    -2.70188     4.82751
    -2.68988     4.76985
    -2.67688     5.10100
    -2.66488     5.67541
    -2.65188     6.31726
    -2.63988     6.90239
    -2.62688     7.40101
    -2.61388     7.85794
    -2.60188     8.32453
    -2.58888     8.78609
    -2.57688     9.16004
    -2.56388     9.35616
    -2.55188     9.34304
    -2.53888     9.17023
    -2.52588     8.92640
    -2.51388     8.69705
    -2.50088     8.53140
    -2.48888     8.44054
    -2.47588     8.39036
    -2.46388     8.30465
    -2.45088     8.09497
    -2.43788     7.71635
    -2.42588     7.20679
    -2.41288     6.67721
    -2.40088     6.27264
    -2.38788     6.13480
    -2.37588     6.37209
    -2.36288     7.01777
    -2.34988     7.97314
    -2.33788     8.98685
    -2.32488     9.70590
    -2.31288     9.83284
    -2.29988     9.27386
    -2.28788     8.20792
    -2.27488     7.01094
    -2.26288     6.08362
    -2.24988     5.67727
    -2.23688     5.80999
    -2.22488     6.29175
    -2.21188     6.84105
    -2.19988     7.22955
    -2.18688     7.38266
    -2.17488     7.39352
    -2.16188     7.43338
    -2.14888     7.62440
    -2.13688     7.95603
    -2.12388     8.29074
    -2.11188     8.44970
    -2.09888     8.30815
    -2.08688     7.85431
    -2.07388     7.19760
    -2.06088     6.52700
    -2.04888     6.03089
    -2.03588     5.81787
    -2.02388     5.86547
    -2.01088     6.04070
    -1.99888     6.19050
    -1.98588     6.23098
    -1.97288     6.19249
    -1.96088     6.18376
    -1.94788     6.32370
    -1.93588     6.68133
    -1.92288     7.24966
    -1.91088     7.93833
    -1.89788     8.58173
    -1.88488     8.97148
    -1.87288     8.93075
    -1.85988     8.41197
    -1.84788     7.53727
    -1.83488     6.56060
    -1.82288     5.73953
    -1.80988     5.21980
    -1.79688     4.99752
    -1.78488     4.97110
    -1.77188     5.03084
    -1.75988     5.12536
    -1.74688     5.26502
    -1.73488     5.47380
    -1.72188     5.72942
    -1.70888     5.92622
    -1.69688     5.90416
    -1.68388     5.53707
    -1.67188     4.81912
    -1.65888     3.88947
    -1.64688     2.96128
    -1.63388     2.21712
    -1.62188     1.74615
    -1.60888     1.55265
    -1.59588     1.60347
    -1.58388     1.86548
    -1.57088     2.30641
    -1.55888     2.88068
    -1.54588     3.52526
    -1.53388     4.17127
    -1.52088     4.75538
    -1.50788     5.21973
    -1.49588     5.50640
    -1.48288     5.57662
    -1.47088     5.44471
    -1.45788     5.19915
    -1.44588     4.98431
    -1.43288     4.92818
    -1.41988     5.06105
    -1.40788     5.29363
    -1.39488     5.47002
    -1.38288     5.47461
    -1.36988     5.30244
    -1.35788     5.05429
    -1.34488     4.85748
    -1.33188     4.78192
    -1.31988     4.80181
    -1.30688     4.82977
    -1.29488     4.77699
    -1.28188     4.59833
    -1.26988     4.30063
    -1.25688     3.93448
    -1.24388     3.58793
    -1.23188     3.37797
    -1.21888     3.41487
    -1.20688     3.73862
    -1.19388     4.25981
    -1.18188     4.76901
    -1.16888     5.03023
    -1.15588     4.91149
    -1.14388     4.46222
    -1.13088     3.87928
    -1.11888     3.38764
    -1.10588     3.11834
    -1.09388     3.06718
    -1.08088     3.13914
    -1.06788     3.23201
    -1.05588     3.28922
    -1.04288     3.29347
    -1.03088     3.23160
    -1.01788     3.07322
    -1.00588     2.79310
    -0.99288     2.40471
    -0.97988     1.97513
    -0.96788     1.59569
    -0.95488     1.33609
    -0.94288     1.20999
    -0.92988     1.17512
    -0.91788     1.16448
    -0.90488     1.12950
    -0.89288     1.06925
    -0.87988     1.03229
    -0.86688     1.08904
    -0.85488     1.29012
    -0.84188     1.63263
    -0.82988     2.05029
    -0.81688     2.43406
    -0.80488     2.67411
    -0.79188     2.70252
    -0.77888     2.51919
    -0.76688     2.18695
    -0.75388     1.80197
    -0.74188     1.45436
    -0.72888     1.19840
    -0.71688     1.04810
    -0.70388     0.99443
    -0.69088     1.02928
    -0.67888     1.15294
    -0.66588     1.35889
    -0.65388     1.61193
    -0.64088     1.84415
    -0.62888     1.98015
    -0.61588     1.97684
    -0.60288     1.85087
    -0.59088     1.67230
    -0.57788     1.52908
    -0.56588     1.48122
    -0.55288     1.53104
    -0.54088     1.62476
    -0.52788     1.68589
    -0.51488     1.65882
    -0.50288     1.53864
    -0.48988     1.37295
    -0.47788     1.23724
    -0.46488     1.19933
    -0.45288     1.28564
    -0.43988     1.46281
    -0.42688     1.64544
    -0.41488     1.73271
    -0.40188     1.65884
    -0.38988     1.42650
    -0.37688     1.10263
    -0.36488     0.78196
    -0.35188     0.54427
    -0.33888     0.42978
    -0.32688     0.43749
    -0.31388     0.53675
    -0.30188     0.68089
    -0.28888     0.81915
    -0.27688     0.90784
    -0.26388     0.92060
    -0.25088     0.85451
    -0.23888     0.72778
    -0.22588     0.57081
    -0.21388     0.41381
    -0.20088     0.27808
    -0.18888     0.17338
    -0.17588     0.10010
    -0.16388     0.05325
    -0.15088     0.02593
    -0.13788     0.01147
    -0.12588     0.00458
    -0.11288     0.00164
    -0.10088     0.00052
    -0.08788     0.00015
    -0.07588     0.00004
    -0.06288     0.00001
    -0.04988     0.00000
    -0.03788     0.00000
    -0.02488     0.00000
    -0.01288     0.00000
     0.00012     0.00000
     0.01212     0.00000
     0.02512     0.00000
     0.03812     0.00000
     0.05012     0.00000
     0.06312     0.00000
     0.07512     0.00000
     0.08812     0.00000
     0.10012     0.00000
     0.11312     0.00000
     0.12612     0.00000
     0.13812     0.00000
     0.15112     0.00000
     0.16312     0.00000
     0.17612     0.00002
     0.18812     0.00008
     0.20112     0.00026
     0.21412     0.00077
     0.22612     0.00201
     0.23912     0.00459
     0.25112     0.00928
     0.26412     0.01661
     0.27612     0.02637
     0.28912     0.03740
     0.30212     0.04802
     0.31412     0.05713
     0.32712     0.06542
     0.33912     0.07517
     0.35212     0.08868
     0.36412     0.10592
     0.37712     0.12375
     0.39012     0.13718
     0.40212     0.14226
     0.41512     0.13789
     0.42712     0.12567
     0.44012     0.10824
     0.45212     0.08801
     0.46512     0.06702
     0.47712     0.04720
     0.49012     0.03034
     0.50312     0.01762
     0.51512     0.00924
     0.52812     0.00462
     0.54012     0.00302
     0.55312     0.00434
     0.56512     0.00965
     0.57812     0.02132
     0.59112     0.04224
     0.60312     0.07400
     0.61612     0.11447
     0.62812     0.15648
     0.64112     0.18949
     0.65312     0.20460
     0.66612     0.20062
     0.67912     0.18660
     0.69112     0.17892
     0.70412     0.19326
     0.71612     0.23590
     0.72912     0.29877
     0.74112     0.36238
     0.75412     0.40547
     0.76712     0.41722
     0.77912     0.40341
     0.79212     0.38164
     0.80412     0.36973
     0.81712     0.37465
     0.82912     0.39055
     0.84212     0.40535
     0.85512     0.41010
     0.86712     0.40549
     0.88012     0.40219
     0.89212     0.41532
     0.90512     0.45528
     0.91712     0.51975
     0.93012     0.59207
     0.94312     0.64820
     0.95512     0.66895
     0.96812     0.64901
     0.98012     0.59752
     0.99312     0.53134
     1.00512     0.46728
     1.01812     0.41770
     1.03112     0.38861
     1.04312     0.37922
     1.05612     0.38275
     1.06812     0.38895
     1.08112     0.38873
     1.09312     0.37757
     1.10612     0.35621
     1.11912     0.32851
     1.13112     0.29961
     1.14412     0.27596
     1.15612     0.26642
     1.16912     0.28103
     1.18112     0.32583
     1.19412     0.39633
     1.20612     0.47532
     1.21912     0.53812
     1.23212     0.56528
     1.24412     0.55397
     1.25712     0.52031
     1.26912     0.48851
     1.28212     0.47435
     1.29412     0.47510
     1.30712     0.47340
     1.32012     0.45295
     1.33212     0.41367
     1.34512     0.37492
     1.35712     0.36631
     1.37012     0.41168
     1.38212     0.51691
     1.39512     0.66598
     1.40812     0.82574
     1.42012     0.95749
     1.43312     1.03200
     1.44512     1.04574
     1.45812     1.03099
     1.47012     1.05348
     1.48312     1.18995
     1.49612     1.48878
     1.50812     1.93175
     1.52112     2.42096
     1.53312     2.81040
     1.54612     2.97093
     1.55812     2.85308
     1.57112     2.50928
     1.58412     2.06239
     1.59612     1.64745
     1.60912     1.36738
     1.62112     1.27804
     1.63412     1.39414
     1.64612     1.69314
     1.65912     2.11157
     1.67212     2.54726
     1.68412     2.88416
     1.69712     3.03568
     1.70912     2.98541
     1.72212     2.79327
     1.73412     2.56434
     1.74712     2.39975
     1.76012     2.35303
     1.77212     2.41586
     1.78512     2.52906
     1.79712     2.61197
     1.81012     2.60182
     1.82212     2.48580
     1.83512     2.31256
     1.84812     2.17544
     1.86012     2.17186
     1.87312     2.35866
     1.88512     2.72280
     1.89812     3.18074
     1.91012     3.61095
     1.92312     3.90286
     1.93512     4.00066
     1.94812     3.91987
     1.96112     3.72963
     1.97312     3.51815
     1.98612     3.36056
     1.99812     3.30068
     2.01112     3.34087
     2.02312     3.44840
     2.03612     3.57467
     2.04912     3.69125
     2.06112     3.81504
     2.07412     3.99946
     2.08612     4.28851
     2.09912     4.67364
     2.11112     5.08228
     2.12412     5.41424
     2.13712     5.59119
     2.14912     5.58677
     2.16212     5.43003
     2.17412     5.18796
     2.18712     4.93866
     2.19912     4.74414
     2.21212     4.62997
     2.22512     4.58331
     2.23712     4.57629
     2.25012     4.60515
     2.26212     4.70746
     2.27512     4.94260
     2.28712     5.34032
     2.30012     5.85610
     2.31312     6.37509
     2.32512     6.76822
     2.33812     6.95723
     2.35012     6.94042
     2.36312     6.76528
     2.37512     6.48066
     2.38812     6.10595
     2.40112     5.64098
     2.41312     5.08687
     2.42612     4.46977
     2.43812     3.84897
     2.45112     3.31680
     2.46312     2.97717
     2.47612     2.90745
     2.48912     3.11674
     2.50112     3.53452
     2.51412     4.04722
     2.52612     4.56656
     2.53912     5.07853
     2.55112     5.62954
     2.56412     6.25641
     2.57612     6.91097
     2.58912     7.45031
     2.60212     7.70752
     2.61412     7.60059
     2.62712     7.19590
     2.63912     6.67800
     2.65212     6.25222
     2.66412     6.04719
     2.67712     6.07893
     2.69012     6.28036
     2.70212     6.55819
     2.71512     6.83824
     2.72712     7.06980
     2.74012     7.20206
     2.75212     7.16665
     2.76512     6.88605
     2.77812     6.32905
     2.79012     5.56229
     2.80312     4.75810
     2.81512     4.12708
     2.82812     3.82302
     2.84012     3.88947
     2.85312     4.27341
     2.86612     4.88168
     2.87812     5.62381
     2.89112     6.41411
     2.90312     7.16625
     2.91612     7.80002
     2.92812     8.26710
     2.94112     8.56647
     2.95412     8.74236
     2.96612     8.84844
     2.97912     8.90660
     2.99112     8.87119
     3.00412     8.63824
     3.01612     8.10658
     3.02912     7.28231
     3.04212     6.33456
     3.05412     5.55287
     3.06712     5.21720
     3.07912     5.45800
     3.09212     6.18732
     3.10412     7.14475
     3.11712     8.01590
     3.13012     8.56400
     3.14212     8.71398
     3.15512     8.54003
     3.16712     8.18379
     3.18012     7.75386
     3.19212     7.27799
     3.20512     6.72394
     3.21812     6.05822
     3.23012     5.29581
     3.24312     4.50943
     3.25512     3.81673
     3.26812     3.35100
     3.28012     3.22541
     3.29312     3.48190
     3.30512     4.04490
     3.31812     4.72027
     3.33112     5.26350
     3.34312     5.49880
     3.35612     5.40738
     3.36812     5.12584
     3.38112     4.84994
     3.39312     4.71472
     3.40612     4.73135
     3.41912     4.80482
     3.43112     4.81016
     3.44412     4.67252
     3.45612     4.40842
     3.46912     4.11068
     3.48112     3.89551
     3.49412     3.84361
     3.50712     3.97241
     3.51912     4.23604
     3.53212     4.54423
     3.54412     4.78273
     3.55712     4.84892
     3.56912     4.69889
     3.58212     4.37711
     3.59512     3.99031
     3.60712     3.64076
     3.62012     3.37416
     3.63212     3.19020
     3.64512     3.09883
     3.65712     3.15861
     3.67012     3.45382
     3.68312     4.02476
     3.69512     4.81043
     3.70812     5.65603
     3.72012     6.37563
     3.73312     6.82970
     3.74512     6.96953
     3.75812     6.82802
     3.77112     6.47943
     3.78312     5.99977
     3.79612     5.45175
     3.80812     4.89718
     3.82112     4.41410
     3.83312     4.10321
     3.84612     4.06910
     3.85912     4.37930
     3.87112     5.01945
     3.88412     5.86857
     3.89612     6.72198
     3.90912     7.35915
     3.92112     7.62188
     3.93412     7.46250
     3.94712     6.94762
     3.95912     6.23039
     3.97212     5.51527
     3.98412     5.01283
     3.99712     4.87453
     4.00912     5.13465
     4.02212     5.69053
     4.03412     6.35486
     4.04712     6.94501
     4.06012     7.36044
     4.07212     7.59628
     4.08512     7.70782
     4.09712     7.75131
     4.11012     7.75594
     4.12212     7.71954
     4.13512     7.61684
     4.14812     7.40223
     4.16012     7.02667
     4.17312     6.47125
     4.18512     5.78863
     4.19812     5.11581
     4.21012     4.63779
     4.22312     4.52261
     4.23612     4.85245
     4.24812     5.57424
     4.26112     6.49365
     4.27312     7.32192
     4.28612     7.78038
     4.29812     7.71357
     4.31112     7.15933
     4.32412     6.32381
     4.33612     5.47918
     4.34912     4.84192
     4.36112     4.50363
     4.37412     4.43540
     4.38612     4.54449
     4.39912     4.73410
     4.41212     4.93327
     4.42412     5.08966
     4.43712     5.15056
     4.44912     5.06060
     4.46212     4.78965
     4.47412     4.36934
     4.48712     3.91060
     4.50012     3.57893
     4.51212     3.53633
     4.52512     3.87515
     4.53712     4.57175
     4.55012     5.48496
     4.56212     6.40670
     4.57512     7.14733
     4.58812     7.60745
     4.60012     7.79623
     4.61312     7.78523
     4.62512     7.64079
     4.63812     7.38702
     4.65012     7.02189
     4.66312     6.55991
     4.67612     6.05922
     4.68812     5.60501
     4.70112     5.26891
     4.71312     5.08361
     4.72612     5.05436
     4.73812     5.18309
     4.75112     5.47124
     4.76312     5.88482
     4.77612     6.32422
     4.78912     6.63686
     4.80112     6.68908
     4.81412     6.44236
     4.82612     5.97836
     4.83912     5.45458
     4.85112     5.03092
     4.86412     4.81855
     4.87712     4.86862
     4.88912     5.18348
     4.90212     5.72109
     4.91412     6.38842
     4.92712     7.04362
     4.93912     7.52241
     4.95212     7.69815
     4.96512     7.53324
     4.97712     7.10358
     4.99012     6.56491
     5.00212     6.08218
     5.01512     5.75588
     5.02712     5.58645
     5.04012     5.48904
     5.05312     5.35187
     5.06512     5.10757
     5.07812     4.76816
     5.09012     4.41671
     5.10312     4.15489
     5.11512     4.04363
     5.12812     4.07238
     5.14112     4.17387
     5.15312     4.27108
     5.16612     4.32990
     5.17812     4.37980
     5.19112     4.49076
     5.20312     4.72318
     5.21612     5.08732
     5.22912     5.53766
     5.24112     6.00365
     5.25412     6.42573
     5.26612     6.77883
     5.27912     7.06812
     5.29112     7.30410
     5.30412     7.47714
     5.31712     7.54630
     5.32912     7.44620
     5.34212     7.12361
     5.35412     6.58247
     5.36712     5.91462
     5.37912     5.28832
     5.39212     4.88705
     5.40412     4.82712
     5.41712     5.10324
     5.43012     5.58757
     5.44212     6.08585
     5.45512     6.41366
     5.46712     6.46680
     5.48012     6.26207
     5.49212     5.92365
     5.50512     5.63018
     5.51812     5.53466
     5.53012     5.69660
     5.54312     6.06077
     5.55512     6.49173
     5.56812     6.84151
     5.58012     7.01498
     5.59312     6.99691
     5.60612     6.83031
     5.61812     6.57938
     5.63112     6.30142
     5.64312     6.04554
     5.65612     5.86242
     5.66812     5.80056
     5.68112     5.88321
     5.69412     6.08875
     5.70612     6.34550
     5.71912     6.55135
     5.73112     6.60655
     5.74412     6.44538
     5.75612     6.05861
     5.76912     5.49649
     5.78212     4.84818
     5.79412     4.21171
     5.80712     3.66406
     5.81912     3.24570
     5.83212     2.95811
     5.84412     2.77297
     5.85712     2.64475
     5.87012     2.52784
     5.88212     2.39379
     5.89512     2.24150
     5.90712     2.09554
     5.92012     1.98747
     5.93212     1.92987
     5.94512     1.90114
     5.95812     1.85315
     5.97012     1.73933
     5.98312     1.53962
     5.99512     1.26935
     6.00812     0.96773
     6.02012     0.67885
     6.03312     0.43616
     6.04612     0.25544
     6.05812     0.13563
     6.07112     0.06497
     6.08312     0.02794
     6.09612     0.01075
     6.10812     0.00368
     6.12112     0.00112
     6.13312     0.00030
     6.14612     0.00007
     6.15912     0.00002
     6.17112     0.00000
     6.18412     0.00000
     6.19612     0.00000
     6.20912     0.00000
     6.22112     0.00000
     6.23412     0.00000
     6.24712     0.00000
     6.25912     0.00000
     6.27212     0.00000
     6.28412     0.00000
     6.29712     0.00000
     6.30912     0.00000
     6.32212     0.00000
     6.33512     0.00000
     6.34712     0.00000
     6.36012     0.00000
     6.37212     0.00000
     6.38512     0.00000
     6.39712     0.00000
     6.41012     0.00000
     6.42312     0.00000
     6.43512     0.00000
     6.44812     0.00000
     6.46012     0.00000
     6.47312     0.00000
     6.48512     0.00000
     6.49812     0.00000
     6.51112     0.00000
     6.52312     0.00000
     6.53612     0.00000
     6.54812     0.00000
     6.56112     0.00000
     6.57312     0.00000
     6.58612     0.00000
     6.59912     0.00000
     6.61112     0.00000
     6.62412     0.00000
     6.63612     0.00000
     6.64912     0.00000
     6.66112     0.00000
     6.67412     0.00000
     6.68712     0.00000
     6.69912     0.00000
     6.71212     0.00000
     6.72412     0.00000
     6.73712     0.00000
     6.74912     0.00000
     6.76212     0.00000
     6.77512     0.00000
     6.78712     0.00000
     6.80012     0.00000
     6.81212     0.00000
     6.82512     0.00000
     6.83712     0.00000
     6.85012     0.00000
     6.86212     0.00000
     6.87512     0.00000
     6.88812     0.00000
     6.90012     0.00000
     6.91312     0.00000
     6.92512     0.00000
     6.93812     0.00000
     6.95012     0.00000
     6.96312     0.00000
     6.97612     0.00000
     6.98812     0.00000
     7.00112     0.00000
     7.01312     0.00000
     7.02612     0.00000
     7.03812     0.00000
     7.05112     0.00000
     7.06412     0.00000
     7.07612     0.00000
     7.08912     0.00000
     7.10112     0.00000
     7.11412     0.00000
     7.12612     0.00000
     7.13912     0.00000
     7.15212     0.00000
     7.16412     0.00000
     7.17712     0.00000
     7.18912     0.00000
     7.20212     0.00000
     7.21412     0.00000
     7.22712     0.00000
     7.24012     0.00000
     7.25212     0.00000
     7.26512     0.00000
     7.27712     0.00000
     7.29012     0.00000
     7.30212     0.00000
     7.31512     0.00000
     7.32812     0.00000
     7.34012     0.00000
     7.35312     0.00000
     7.36512     0.00000
     7.37812     0.00000
     7.39012     0.00000
     7.40312     0.00000
     7.41612     0.00000
     7.42812     0.00000
     7.44112     0.00000
     7.45312     0.00000
     7.46612     0.00000
     7.47812     0.00000
     7.49112     0.00000
     7.50312     0.00000
     7.51612     0.00000
     7.52912     0.00000
     7.54112     0.00000
     7.55412     0.00000
     7.56612     0.00000
     7.57912     0.00000
     7.59112     0.00000
     7.60412     0.00000
     7.61712     0.00000
     7.62912     0.00000
     7.64212     0.00000
     7.65412     0.00000
     7.66712     0.00000
     7.67912     0.00000
     7.69212     0.00000
     7.70512     0.00000
