     #Energy 2&11&20&29_
   -29.98888     0.00000
   -29.97688     0.00000
   -29.96388     0.00000
   -29.95188     0.00000
   -29.93888     0.00000
   -29.92688     0.00000
   -29.91388     0.00000
   -29.90088     0.00000
   -29.88888     0.00000
   -29.87588     0.00000
   -29.86388     0.00000
   -29.85088     0.00000
   -29.83888     0.00000
   -29.82588     0.00000
   -29.81288     0.00000
   -29.80088     0.00000
   -29.78788     0.00000
   -29.77588     0.00000
   -29.76288     0.00000
   -29.75088     0.00000
   -29.73788     0.00000
   -29.72488     0.00000
   -29.71288     0.00000
   -29.69988     0.00000
   -29.68788     0.00000
   -29.67488     0.00000
   -29.66288     0.00000
   -29.64988     0.00000
   -29.63788     0.00000
   -29.62488     0.00000
   -29.61188     0.00000
   -29.59988     0.00000
   -29.58688     0.00000
   -29.57488     0.00000
   -29.56188     0.00000
   -29.54988     0.00000
   -29.53688     0.00000
   -29.52388     0.00000
   -29.51188     0.00000
   -29.49888     0.00000
   -29.48688     0.00000
   -29.47388     0.00000
   -29.46188     0.00000
   -29.44888     0.00000
   -29.43588     0.00000
   -29.42388     0.00000
   -29.41088     0.00000
   -29.39888     0.00000
   -29.38588     0.00000
   -29.37388     0.00000
   -29.36088     0.00000
   -29.34788     0.00000
   -29.33588     0.00000
   -29.32288     0.00000
   -29.31088     0.00000
   -29.29788     0.00000
   -29.28588     0.00000
   -29.27288     0.00000
   -29.25988     0.00000
   -29.24788     0.00000
   -29.23488     0.00000
   -29.22288     0.00000
   -29.20988     0.00000
   -29.19788     0.00000
   -29.18488     0.00000
   -29.17188     0.00000
   -29.15988     0.00000
   -29.14688     0.00000
   -29.13488     0.00000
   -29.12188     0.00000
   -29.10988     0.00000
   -29.09688     0.00000
   -29.08388     0.00000
   -29.07188     0.00000
   -29.05888     0.00000
   -29.04688     0.00000
   -29.03388     0.00000
   -29.02188     0.00000
   -29.00888     0.00000
   -28.99588     0.00000
   -28.98388     0.00000
   -28.97088     0.00000
   -28.95888     0.00000
   -28.94588     0.00000
   -28.93388     0.00000
   -28.92088     0.00000
   -28.90888     0.00000
   -28.89588     0.00000
   -28.88288     0.00000
   -28.87088     0.00000
   -28.85788     0.00000
   -28.84588     0.00000
   -28.83288     0.00000
   -28.82088     0.00000
   -28.80788     0.00000
   -28.79488     0.00000
   -28.78288     0.00000
   -28.76988     0.00000
   -28.75788     0.00000
   -28.74488     0.00000
   -28.73288     0.00000
   -28.71988     0.00000
   -28.70688     0.00000
   -28.69488     0.00000
   -28.68188     0.00000
   -28.66988     0.00000
   -28.65688     0.00000
   -28.64488     0.00000
   -28.63188     0.00000
   -28.61888     0.00000
   -28.60688     0.00000
   -28.59388     0.00000
   -28.58188     0.00000
   -28.56888     0.00000
   -28.55688     0.00000
   -28.54388     0.00000
   -28.53088     0.00000
   -28.51888     0.00000
   -28.50588     0.00000
   -28.49388     0.00000
   -28.48088     0.00000
   -28.46888     0.00000
   -28.45588     0.00000
   -28.44288     0.00000
   -28.43088     0.00002
   -28.41788     0.00011
   -28.40588     0.00044
   -28.39288     0.00159
   -28.38088     0.00510
   -28.36788     0.01447
   -28.35488     0.03626
   -28.34288     0.08027
   -28.32988     0.15718
   -28.31788     0.27265
   -28.30488     0.42060
   -28.29288     0.58028
   -28.27988     0.72356
   -28.26788     0.82859
   -28.25488     0.89107
   -28.24188     0.92171
   -28.22988     0.93189
   -28.21688     0.92030
   -28.20488     0.87385
   -28.19188     0.78110
   -28.17988     0.64667
   -28.16688     0.49448
   -28.15388     0.36173
   -28.14188     0.29249
   -28.12888     0.33862
   -28.11688     0.56316
   -28.10388     1.03111
   -28.09188     1.77378
   -28.07888     2.73748
   -28.06588     3.74572
   -28.05388     4.53455
   -28.04088     4.85424
   -28.02888     4.60367
   -28.01588     3.88540
   -28.00388     2.96955
   -27.99088     2.17406
   -27.97788     1.76128
   -27.96588     1.89172
   -27.95288     2.62314
   -27.94088     3.91250
   -27.92788     5.60284
   -27.91588     7.41986
   -27.90288     9.02457
   -27.88988    10.13758
   -27.87788    10.66883
   -27.86488    10.77222
   -27.85288    10.79001
   -27.83988    11.15527
   -27.82788    12.23268
   -27.81488    14.22444
   -27.80188    17.07198
   -27.78988    20.43427
   -27.77688    23.82282
   -27.76488    26.81782
   -27.75188    29.39346
   -27.73988    32.07022
   -27.72688    35.88058
   -27.71388    42.28411
   -27.70188    53.05771
   -27.68888    70.18785
   -27.67688    95.39061
   -27.66388   129.15798
   -27.65188   169.48588
   -27.63888   211.35018
   -27.62588   247.29868
   -27.61388   269.76127
   -27.60088   274.01187
   -27.58888   259.66452
   -27.57588   230.65526
   -27.56388   193.45005
   -27.55088   154.35867
   -27.53888   118.00878
   -27.52588    86.60407
   -27.51288    60.78769
   -27.50088    40.42027
   -27.48788    25.14886
   -27.47588    14.45453
   -27.46288     7.59867
   -27.45088     3.63906
   -27.43788     1.62829
   -27.42488     0.80211
   -27.41288     0.67756
   -27.39988     1.02691
   -27.38788     1.78121
   -27.37488     2.91455
   -27.36288     4.34813
   -27.34988     5.89735
   -27.33688     7.27947
   -27.32488     8.17848
   -27.31188     8.34879
   -27.29988     7.72221
   -27.28688     6.44816
   -27.27488     4.84150
   -27.26188     3.25623
   -27.24888     1.95539
   -27.23688     1.04570
   -27.22388     0.49683
   -27.21188     0.20941
   -27.19888     0.07820
   -27.18688     0.02584
   -27.17388     0.00755
   -27.16088     0.00195
   -27.14888     0.00045
   -27.13588     0.00009
   -27.12388     0.00002
   -27.11088     0.00000
   -27.09888     0.00000
   -27.08588     0.00000
   -27.07288     0.00000
   -27.06088     0.00000
   -27.04788     0.00000
   -27.03588     0.00000
   -27.02288     0.00000
   -27.01088     0.00000
   -26.99788     0.00000
   -26.98488     0.00000
   -26.97288     0.00000
   -26.95988     0.00000
   -26.94788     0.00000
   -26.93488     0.00000
   -26.92288     0.00000
   -26.90988     0.00000
   -26.89688     0.00000
   -26.88488     0.00000
   -26.87188     0.00000
   -26.85988     0.00000
   -26.84688     0.00000
   -26.83488     0.00000
   -26.82188     0.00000
   -26.80988     0.00000
   -26.79688     0.00000
   -26.78388     0.00000
   -26.77188     0.00000
   -26.75888     0.00000
   -26.74688     0.00000
   -26.73388     0.00000
   -26.72188     0.00000
   -26.70888     0.00000
   -26.69588     0.00000
   -26.68388     0.00000
   -26.67088     0.00000
   -26.65888     0.00000
   -26.64588     0.00000
   -26.63388     0.00000
   -26.62088     0.00000
   -26.60788     0.00000
   -26.59588     0.00000
   -26.58288     0.00000
   -26.57088     0.00000
   -26.55788     0.00000
   -26.54588     0.00000
   -26.53288     0.00000
   -26.51988     0.00000
   -26.50788     0.00000
   -26.49488     0.00000
   -26.48288     0.00000
   -26.46988     0.00000
   -26.45788     0.00000
   -26.44488     0.00000
   -26.43188     0.00000
   -26.41988     0.00000
   -26.40688     0.00000
   -26.39488     0.00000
   -26.38188     0.00000
   -26.36988     0.00000
   -26.35688     0.00000
   -26.34388     0.00000
   -26.33188     0.00000
   -26.31888     0.00000
   -26.30688     0.00000
   -26.29388     0.00000
   -26.28188     0.00000
   -26.26888     0.00000
   -26.25588     0.00000
   -26.24388     0.00000
   -26.23088     0.00000
   -26.21888     0.00000
   -26.20588     0.00000
   -26.19388     0.00000
   -26.18088     0.00000
   -26.16888     0.00000
   -26.15588     0.00000
   -26.14288     0.00000
   -26.13088     0.00000
   -26.11788     0.00000
   -26.10588     0.00000
   -26.09288     0.00000
   -26.08088     0.00000
   -26.06788     0.00000
   -26.05488     0.00000
   -26.04288     0.00000
   -26.02988     0.00000
   -26.01788     0.00000
   -26.00488     0.00000
   -25.99288     0.00000
   -25.97988     0.00000
   -25.96688     0.00000
   -25.95488     0.00000
   -25.94188     0.00000
   -25.92988     0.00000
   -25.91688     0.00000
   -25.90488     0.00000
   -25.89188     0.00000
   -25.87888     0.00000
   -25.86688     0.00000
   -25.85388     0.00000
   -25.84188     0.00000
   -25.82888     0.00000
   -25.81688     0.00000
   -25.80388     0.00000
   -25.79088     0.00000
   -25.77888     0.00000
   -25.76588     0.00000
   -25.75388     0.00000
   -25.74088     0.00000
   -25.72888     0.00000
   -25.71588     0.00000
   -25.70288     0.00000
   -25.69088     0.00000
   -25.67788     0.00000
   -25.66588     0.00000
   -25.65288     0.00000
   -25.64088     0.00000
   -25.62788     0.00000
   -25.61488     0.00000
   -25.60288     0.00000
   -25.58988     0.00000
   -25.57788     0.00000
   -25.56488     0.00000
   -25.55288     0.00000
   -25.53988     0.00000
   -25.52688     0.00000
   -25.51488     0.00000
   -25.50188     0.00000
   -25.48988     0.00000
   -25.47688     0.00000
   -25.46488     0.00000
   -25.45188     0.00000
   -25.43988     0.00000
   -25.42688     0.00000
   -25.41388     0.00000
   -25.40188     0.00000
   -25.38888     0.00000
   -25.37688     0.00000
   -25.36388     0.00000
   -25.35188     0.00000
   -25.33888     0.00000
   -25.32588     0.00000
   -25.31388     0.00000
   -25.30088     0.00000
   -25.28888     0.00000
   -25.27588     0.00000
   -25.26388     0.00000
   -25.25088     0.00000
   -25.23788     0.00000
   -25.22588     0.00000
   -25.21288     0.00000
   -25.20088     0.00000
   -25.18788     0.00000
   -25.17588     0.00000
   -25.16288     0.00000
   -25.14988     0.00000
   -25.13788     0.00000
   -25.12488     0.00000
   -25.11288     0.00000
   -25.09988     0.00000
   -25.08788     0.00000
   -25.07488     0.00000
   -25.06188     0.00000
   -25.04988     0.00000
   -25.03688     0.00000
   -25.02488     0.00000
   -25.01188     0.00000
   -24.99988     0.00000
   -24.98688     0.00000
   -24.97388     0.00000
   -24.96188     0.00000
   -24.94888     0.00000
   -24.93688     0.00000
   -24.92388     0.00000
   -24.91188     0.00000
   -24.89888     0.00000
   -24.88588     0.00000
   -24.87388     0.00000
   -24.86088     0.00000
   -24.84888     0.00000
   -24.83588     0.00000
   -24.82388     0.00000
   -24.81088     0.00000
   -24.79788     0.00000
   -24.78588     0.00000
   -24.77288     0.00000
   -24.76088     0.00000
   -24.74788     0.00000
   -24.73588     0.00000
   -24.72288     0.00000
   -24.71088     0.00000
   -24.69788     0.00000
   -24.68488     0.00000
   -24.67288     0.00000
   -24.65988     0.00000
   -24.64788     0.00000
   -24.63488     0.00000
   -24.62288     0.00000
   -24.60988     0.00000
   -24.59688     0.00000
   -24.58488     0.00000
   -24.57188     0.00000
   -24.55988     0.00000
   -24.54688     0.00000
   -24.53488     0.00000
   -24.52188     0.00000
   -24.50888     0.00000
   -24.49688     0.00000
   -24.48388     0.00000
   -24.47188     0.00000
   -24.45888     0.00000
   -24.44688     0.00000
   -24.43388     0.00000
   -24.42088     0.00000
   -24.40888     0.00000
   -24.39588     0.00000
   -24.38388     0.00000
   -24.37088     0.00000
   -24.35888     0.00000
   -24.34588     0.00000
   -24.33288     0.00000
   -24.32088     0.00000
   -24.30788     0.00000
   -24.29588     0.00000
   -24.28288     0.00000
   -24.27088     0.00000
   -24.25788     0.00000
   -24.24488     0.00000
   -24.23288     0.00000
   -24.21988     0.00000
   -24.20788     0.00000
   -24.19488     0.00000
   -24.18288     0.00000
   -24.16988     0.00000
   -24.15688     0.00000
   -24.14488     0.00000
   -24.13188     0.00000
   -24.11988     0.00000
   -24.10688     0.00000
   -24.09488     0.00000
   -24.08188     0.00000
   -24.06988     0.00000
   -24.05688     0.00000
   -24.04388     0.00000
   -24.03188     0.00000
   -24.01888     0.00000
   -24.00688     0.00000
   -23.99388     0.00000
   -23.98188     0.00000
   -23.96888     0.00000
   -23.95588     0.00000
   -23.94388     0.00000
   -23.93088     0.00000
   -23.91888     0.00000
   -23.90588     0.00000
   -23.89388     0.00000
   -23.88088     0.00000
   -23.86788     0.00000
   -23.85588     0.00000
   -23.84288     0.00000
   -23.83088     0.00000
   -23.81788     0.00000
   -23.80588     0.00000
   -23.79288     0.00000
   -23.77988     0.00000
   -23.76788     0.00000
   -23.75488     0.00000
   -23.74288     0.00000
   -23.72988     0.00000
   -23.71788     0.00000
   -23.70488     0.00000
   -23.69188     0.00000
   -23.67988     0.00000
   -23.66688     0.00000
   -23.65488     0.00000
   -23.64188     0.00000
   -23.62988     0.00000
   -23.61688     0.00000
   -23.60388     0.00000
   -23.59188     0.00000
   -23.57888     0.00000
   -23.56688     0.00000
   -23.55388     0.00000
   -23.54188     0.00000
   -23.52888     0.00000
   -23.51588     0.00000
   -23.50388     0.00000
   -23.49088     0.00000
   -23.47888     0.00000
   -23.46588     0.00000
   -23.45388     0.00000
   -23.44088     0.00000
   -23.42788     0.00000
   -23.41588     0.00000
   -23.40288     0.00000
   -23.39088     0.00000
   -23.37788     0.00000
   -23.36588     0.00000
   -23.35288     0.00000
   -23.34088     0.00000
   -23.32788     0.00000
   -23.31488     0.00000
   -23.30288     0.00000
   -23.28988     0.00000
   -23.27788     0.00000
   -23.26488     0.00000
   -23.25288     0.00000
   -23.23988     0.00000
   -23.22688     0.00000
   -23.21488     0.00000
   -23.20188     0.00000
   -23.18988     0.00000
   -23.17688     0.00000
   -23.16488     0.00000
   -23.15188     0.00000
   -23.13888     0.00000
   -23.12688     0.00000
   -23.11388     0.00000
   -23.10188     0.00000
   -23.08888     0.00000
   -23.07688     0.00000
   -23.06388     0.00000
   -23.05088     0.00000
   -23.03888     0.00000
   -23.02588     0.00000
   -23.01388     0.00000
   -23.00088     0.00000
   -22.98888     0.00000
   -22.97588     0.00000
   -22.96288     0.00000
   -22.95088     0.00000
   -22.93788     0.00000
   -22.92588     0.00000
   -22.91288     0.00000
   -22.90088     0.00000
   -22.88788     0.00000
   -22.87488     0.00000
   -22.86288     0.00000
   -22.84988     0.00000
   -22.83788     0.00000
   -22.82488     0.00000
   -22.81288     0.00000
   -22.79988     0.00000
   -22.78688     0.00000
   -22.77488     0.00000
   -22.76188     0.00000
   -22.74988     0.00000
   -22.73688     0.00000
   -22.72488     0.00000
   -22.71188     0.00000
   -22.69888     0.00000
   -22.68688     0.00000
   -22.67388     0.00000
   -22.66188     0.00000
   -22.64888     0.00000
   -22.63688     0.00000
   -22.62388     0.00000
   -22.61188     0.00000
   -22.59888     0.00000
   -22.58588     0.00000
   -22.57388     0.00000
   -22.56088     0.00000
   -22.54888     0.00000
   -22.53588     0.00000
   -22.52388     0.00000
   -22.51088     0.00000
   -22.49788     0.00000
   -22.48588     0.00000
   -22.47288     0.00000
   -22.46088     0.00000
   -22.44788     0.00000
   -22.43588     0.00000
   -22.42288     0.00000
   -22.40988     0.00000
   -22.39788     0.00000
   -22.38488     0.00000
   -22.37288     0.00000
   -22.35988     0.00000
   -22.34788     0.00000
   -22.33488     0.00000
   -22.32188     0.00000
   -22.30988     0.00000
   -22.29688     0.00000
   -22.28488     0.00000
   -22.27188     0.00000
   -22.25988     0.00000
   -22.24688     0.00000
   -22.23388     0.00000
   -22.22188     0.00000
   -22.20888     0.00000
   -22.19688     0.00000
   -22.18388     0.00000
   -22.17188     0.00000
   -22.15888     0.00000
   -22.14588     0.00000
   -22.13388     0.00000
   -22.12088     0.00000
   -22.10888     0.00000
   -22.09588     0.00000
   -22.08388     0.00000
   -22.07088     0.00000
   -22.05788     0.00000
   -22.04588     0.00000
   -22.03288     0.00000
   -22.02088     0.00000
   -22.00788     0.00000
   -21.99588     0.00000
   -21.98288     0.00000
   -21.96988     0.00000
   -21.95788     0.00000
   -21.94488     0.00000
   -21.93288     0.00000
   -21.91988     0.00000
   -21.90788     0.00000
   -21.89488     0.00000
   -21.88288     0.00000
   -21.86988     0.00000
   -21.85688     0.00000
   -21.84488     0.00000
   -21.83188     0.00000
   -21.81988     0.00000
   -21.80688     0.00000
   -21.79488     0.00000
   -21.78188     0.00000
   -21.76888     0.00000
   -21.75688     0.00000
   -21.74388     0.00000
   -21.73188     0.00000
   -21.71888     0.00000
   -21.70688     0.00000
   -21.69388     0.00000
   -21.68088     0.00000
   -21.66888     0.00000
   -21.65588     0.00000
   -21.64388     0.00000
   -21.63088     0.00000
   -21.61888     0.00000
   -21.60588     0.00000
   -21.59288     0.00000
   -21.58088     0.00000
   -21.56788     0.00000
   -21.55588     0.00000
   -21.54288     0.00000
   -21.53088     0.00000
   -21.51788     0.00000
   -21.50488     0.00000
   -21.49288     0.00000
   -21.47988     0.00000
   -21.46788     0.00000
   -21.45488     0.00000
   -21.44288     0.00000
   -21.42988     0.00000
   -21.41688     0.00000
   -21.40488     0.00000
   -21.39188     0.00000
   -21.37988     0.00000
   -21.36688     0.00000
   -21.35488     0.00000
   -21.34188     0.00000
   -21.32888     0.00000
   -21.31688     0.00000
   -21.30388     0.00000
   -21.29188     0.00000
   -21.27888     0.00000
   -21.26688     0.00000
   -21.25388     0.00000
   -21.24188     0.00000
   -21.22888     0.00000
   -21.21588     0.00000
   -21.20388     0.00000
   -21.19088     0.00000
   -21.17888     0.00000
   -21.16588     0.00000
   -21.15388     0.00000
   -21.14088     0.00000
   -21.12788     0.00000
   -21.11588     0.00000
   -21.10288     0.00000
   -21.09088     0.00000
   -21.07788     0.00000
   -21.06588     0.00000
   -21.05288     0.00000
   -21.03988     0.00000
   -21.02788     0.00000
   -21.01488     0.00000
   -21.00288     0.00000
   -20.98988     0.00000
   -20.97788     0.00000
   -20.96488     0.00000
   -20.95188     0.00000
   -20.93988     0.00000
   -20.92688     0.00000
   -20.91488     0.00000
   -20.90188     0.00000
   -20.88988     0.00000
   -20.87688     0.00000
   -20.86388     0.00000
   -20.85188     0.00000
   -20.83888     0.00000
   -20.82688     0.00000
   -20.81388     0.00000
   -20.80188     0.00000
   -20.78888     0.00000
   -20.77588     0.00000
   -20.76388     0.00000
   -20.75088     0.00000
   -20.73888     0.00000
   -20.72588     0.00000
   -20.71388     0.00000
   -20.70088     0.00000
   -20.68788     0.00000
   -20.67588     0.00000
   -20.66288     0.00000
   -20.65088     0.00000
   -20.63788     0.00000
   -20.62588     0.00000
   -20.61288     0.00000
   -20.59988     0.00000
   -20.58788     0.00000
   -20.57488     0.00000
   -20.56288     0.00000
   -20.54988     0.00000
   -20.53788     0.00000
   -20.52488     0.00000
   -20.51288     0.00000
   -20.49988     0.00000
   -20.48688     0.00000
   -20.47488     0.00000
   -20.46188     0.00000
   -20.44988     0.00000
   -20.43688     0.00000
   -20.42488     0.00000
   -20.41188     0.00000
   -20.39888     0.00000
   -20.38688     0.00000
   -20.37388     0.00000
   -20.36188     0.00000
   -20.34888     0.00000
   -20.33688     0.00000
   -20.32388     0.00000
   -20.31088     0.00000
   -20.29888     0.00000
   -20.28588     0.00000
   -20.27388     0.00000
   -20.26088     0.00000
   -20.24888     0.00000
   -20.23588     0.00000
   -20.22288     0.00000
   -20.21088     0.00000
   -20.19788     0.00000
   -20.18588     0.00000
   -20.17288     0.00000
   -20.16088     0.00000
   -20.14788     0.00000
   -20.13488     0.00000
   -20.12288     0.00000
   -20.10988     0.00000
   -20.09788     0.00000
   -20.08488     0.00000
   -20.07288     0.00000
   -20.05988     0.00000
   -20.04688     0.00000
   -20.03488     0.00000
   -20.02188     0.00000
   -20.00988     0.00000
   -19.99688     0.00000
   -19.98488     0.00000
   -19.97188     0.00000
   -19.95888     0.00000
   -19.94688     0.00000
   -19.93388     0.00000
   -19.92188     0.00000
   -19.90888     0.00000
   -19.89688     0.00000
   -19.88388     0.00000
   -19.87088     0.00000
   -19.85888     0.00000
   -19.84588     0.00000
   -19.83388     0.00000
   -19.82088     0.00000
   -19.80888     0.00000
   -19.79588     0.00000
   -19.78388     0.00000
   -19.77088     0.00000
   -19.75788     0.00000
   -19.74588     0.00000
   -19.73288     0.00000
   -19.72088     0.00000
   -19.70788     0.00000
   -19.69588     0.00000
   -19.68288     0.00000
   -19.66988     0.00000
   -19.65788     0.00000
   -19.64488     0.00000
   -19.63288     0.00000
   -19.61988     0.00000
   -19.60788     0.00000
   -19.59488     0.00000
   -19.58188     0.00000
   -19.56988     0.00000
   -19.55688     0.00000
   -19.54488     0.00000
   -19.53188     0.00000
   -19.51988     0.00000
   -19.50688     0.00000
   -19.49388     0.00000
   -19.48188     0.00000
   -19.46888     0.00000
   -19.45688     0.00000
   -19.44388     0.00000
   -19.43188     0.00000
   -19.41888     0.00000
   -19.40588     0.00000
   -19.39388     0.00000
   -19.38088     0.00000
   -19.36888     0.00000
   -19.35588     0.00000
   -19.34388     0.00000
   -19.33088     0.00000
   -19.31788     0.00000
   -19.30588     0.00000
   -19.29288     0.00000
   -19.28088     0.00000
   -19.26788     0.00000
   -19.25588     0.00000
   -19.24288     0.00000
   -19.22988     0.00000
   -19.21788     0.00000
   -19.20488     0.00000
   -19.19288     0.00000
   -19.17988     0.00000
   -19.16788     0.00000
   -19.15488     0.00000
   -19.14288     0.00000
   -19.12988     0.00000
   -19.11688     0.00000
   -19.10488     0.00000
   -19.09188     0.00000
   -19.07988     0.00000
   -19.06688     0.00000
   -19.05488     0.00000
   -19.04188     0.00000
   -19.02888     0.00000
   -19.01688     0.00000
   -19.00388     0.00000
   -18.99188     0.00000
   -18.97888     0.00000
   -18.96688     0.00000
   -18.95388     0.00000
   -18.94088     0.00000
   -18.92888     0.00000
   -18.91588     0.00000
   -18.90388     0.00000
   -18.89088     0.00000
   -18.87888     0.00000
   -18.86588     0.00000
   -18.85288     0.00000
   -18.84088     0.00000
   -18.82788     0.00000
   -18.81588     0.00000
   -18.80288     0.00000
   -18.79088     0.00000
   -18.77788     0.00000
   -18.76488     0.00000
   -18.75288     0.00000
   -18.73988     0.00000
   -18.72788     0.00000
   -18.71488     0.00000
   -18.70288     0.00000
   -18.68988     0.00000
   -18.67688     0.00000
   -18.66488     0.00000
   -18.65188     0.00000
   -18.63988     0.00000
   -18.62688     0.00000
   -18.61488     0.00000
   -18.60188     0.00000
   -18.58888     0.00000
   -18.57688     0.00000
   -18.56388     0.00000
   -18.55188     0.00000
   -18.53888     0.00000
   -18.52688     0.00000
   -18.51388     0.00000
   -18.50088     0.00000
   -18.48888     0.00000
   -18.47588     0.00000
   -18.46388     0.00000
   -18.45088     0.00000
   -18.43888     0.00000
   -18.42588     0.00000
   -18.41388     0.00000
   -18.40088     0.00000
   -18.38788     0.00000
   -18.37588     0.00000
   -18.36288     0.00000
   -18.35088     0.00000
   -18.33788     0.00000
   -18.32588     0.00000
   -18.31288     0.00000
   -18.29988     0.00000
   -18.28788     0.00000
   -18.27488     0.00000
   -18.26288     0.00000
   -18.24988     0.00000
   -18.23788     0.00000
   -18.22488     0.00000
   -18.21188     0.00000
   -18.19988     0.00000
   -18.18688     0.00000
   -18.17488     0.00000
   -18.16188     0.00000
   -18.14988     0.00000
   -18.13688     0.00000
   -18.12388     0.00000
   -18.11188     0.00000
   -18.09888     0.00000
   -18.08688     0.00000
   -18.07388     0.00000
   -18.06188     0.00000
   -18.04888     0.00000
   -18.03588     0.00000
   -18.02388     0.00000
   -18.01088     0.00000
   -17.99888     0.00000
   -17.98588     0.00000
   -17.97388     0.00000
   -17.96088     0.00000
   -17.94788     0.00000
   -17.93588     0.00000
   -17.92288     0.00000
   -17.91088     0.00000
   -17.89788     0.00000
   -17.88588     0.00000
   -17.87288     0.00000
   -17.85988     0.00000
   -17.84788     0.00000
   -17.83488     0.00000
   -17.82288     0.00000
   -17.80988     0.00000
   -17.79788     0.00000
   -17.78488     0.00000
   -17.77188     0.00000
   -17.75988     0.00000
   -17.74688     0.00000
   -17.73488     0.00000
   -17.72188     0.00000
   -17.70988     0.00000
   -17.69688     0.00000
   -17.68488     0.00000
   -17.67188     0.00000
   -17.65888     0.00000
   -17.64688     0.00000
   -17.63388     0.00000
   -17.62188     0.00000
   -17.60888     0.00000
   -17.59688     0.00000
   -17.58388     0.00000
   -17.57088     0.00000
   -17.55888     0.00000
   -17.54588     0.00000
   -17.53388     0.00000
   -17.52088     0.00000
   -17.50888     0.00000
   -17.49588     0.00000
   -17.48288     0.00000
   -17.47088     0.00000
   -17.45788     0.00000
   -17.44588     0.00000
   -17.43288     0.00000
   -17.42088     0.00000
   -17.40788     0.00000
   -17.39488     0.00000
   -17.38288     0.00000
   -17.36988     0.00000
   -17.35788     0.00000
   -17.34488     0.00000
   -17.33288     0.00000
   -17.31988     0.00000
   -17.30688     0.00000
   -17.29488     0.00000
   -17.28188     0.00000
   -17.26988     0.00000
   -17.25688     0.00000
   -17.24488     0.00000
   -17.23188     0.00000
   -17.21888     0.00000
   -17.20688     0.00000
   -17.19388     0.00000
   -17.18188     0.00000
   -17.16888     0.00000
   -17.15688     0.00000
   -17.14388     0.00000
   -17.13088     0.00000
   -17.11888     0.00000
   -17.10588     0.00000
   -17.09388     0.00000
   -17.08088     0.00000
   -17.06888     0.00000
   -17.05588     0.00000
   -17.04388     0.00000
   -17.03088     0.00000
   -17.01788     0.00000
   -17.00588     0.00000
   -16.99288     0.00000
   -16.98088     0.00000
   -16.96788     0.00000
   -16.95588     0.00000
   -16.94288     0.00000
   -16.92988     0.00000
   -16.91788     0.00000
   -16.90488     0.00000
   -16.89288     0.00000
   -16.87988     0.00000
   -16.86788     0.00000
   -16.85488     0.00000
   -16.84188     0.00000
   -16.82988     0.00000
   -16.81688     0.00000
   -16.80488     0.00000
   -16.79188     0.00000
   -16.77988     0.00000
   -16.76688     0.00000
   -16.75388     0.00000
   -16.74188     0.00000
   -16.72888     0.00000
   -16.71688     0.00000
   -16.70388     0.00000
   -16.69188     0.00000
   -16.67888     0.00000
   -16.66588     0.00000
   -16.65388     0.00000
   -16.64088     0.00000
   -16.62888     0.00000
   -16.61588     0.00000
   -16.60388     0.00000
   -16.59088     0.00000
   -16.57788     0.00000
   -16.56588     0.00000
   -16.55288     0.00000
   -16.54088     0.00000
   -16.52788     0.00000
   -16.51588     0.00000
   -16.50288     0.00000
   -16.48988     0.00000
   -16.47788     0.00000
   -16.46488     0.00000
   -16.45288     0.00000
   -16.43988     0.00000
   -16.42788     0.00000
   -16.41488     0.00000
   -16.40188     0.00000
   -16.38988     0.00000
   -16.37688     0.00000
   -16.36488     0.00000
   -16.35188     0.00000
   -16.33988     0.00000
   -16.32688     0.00000
   -16.31488     0.00000
   -16.30188     0.00000
   -16.28888     0.00000
   -16.27688     0.00000
   -16.26388     0.00000
   -16.25188     0.00000
   -16.23888     0.00000
   -16.22688     0.00000
   -16.21388     0.00000
   -16.20088     0.00000
   -16.18888     0.00000
   -16.17588     0.00000
   -16.16388     0.00000
   -16.15088     0.00000
   -16.13888     0.00000
   -16.12588     0.00000
   -16.11288     0.00000
   -16.10088     0.00000
   -16.08788     0.00000
   -16.07588     0.00000
   -16.06288     0.00000
   -16.05088     0.00000
   -16.03788     0.00000
   -16.02488     0.00000
   -16.01288     0.00000
   -15.99988     0.00000
   -15.98788     0.00000
   -15.97488     0.00000
   -15.96288     0.00000
   -15.94988     0.00000
   -15.93688     0.00000
   -15.92488     0.00000
   -15.91188     0.00000
   -15.89988     0.00000
   -15.88688     0.00000
   -15.87488     0.00000
   -15.86188     0.00000
   -15.84888     0.00000
   -15.83688     0.00000
   -15.82388     0.00000
   -15.81188     0.00000
   -15.79888     0.00000
   -15.78688     0.00000
   -15.77388     0.00000
   -15.76088     0.00000
   -15.74888     0.00000
   -15.73588     0.00000
   -15.72388     0.00000
   -15.71088     0.00000
   -15.69888     0.00000
   -15.68588     0.00000
   -15.67288     0.00000
   -15.66088     0.00000
   -15.64788     0.00000
   -15.63588     0.00000
   -15.62288     0.00000
   -15.61088     0.00000
   -15.59788     0.00000
   -15.58588     0.00000
   -15.57288     0.00000
   -15.55988     0.00000
   -15.54788     0.00000
   -15.53488     0.00000
   -15.52288     0.00000
   -15.50988     0.00000
   -15.49788     0.00000
   -15.48488     0.00000
   -15.47188     0.00000
   -15.45988     0.00000
   -15.44688     0.00000
   -15.43488     0.00000
   -15.42188     0.00000
   -15.40988     0.00000
   -15.39688     0.00000
   -15.38388     0.00000
   -15.37188     0.00000
   -15.35888     0.00000
   -15.34688     0.00000
   -15.33388     0.00000
   -15.32188     0.00000
   -15.30888     0.00000
   -15.29588     0.00000
   -15.28388     0.00000
   -15.27088     0.00000
   -15.25888     0.00000
   -15.24588     0.00000
   -15.23388     0.00000
   -15.22088     0.00000
   -15.20788     0.00000
   -15.19588     0.00000
   -15.18288     0.00000
   -15.17088     0.00000
   -15.15788     0.00000
   -15.14588     0.00000
   -15.13288     0.00000
   -15.11988     0.00000
   -15.10788     0.00000
   -15.09488     0.00000
   -15.08288     0.00000
   -15.06988     0.00000
   -15.05788     0.00000
   -15.04488     0.00000
   -15.03188     0.00000
   -15.01988     0.00000
   -15.00688     0.00000
   -14.99488     0.00000
   -14.98188     0.00000
   -14.96988     0.00000
   -14.95688     0.00000
   -14.94488     0.00000
   -14.93188     0.00000
   -14.91888     0.00000
   -14.90688     0.00000
   -14.89388     0.00000
   -14.88188     0.00000
   -14.86888     0.00000
   -14.85688     0.00000
   -14.84388     0.00000
   -14.83088     0.00000
   -14.81888     0.00000
   -14.80588     0.00000
   -14.79388     0.00000
   -14.78088     0.00000
   -14.76888     0.00000
   -14.75588     0.00000
   -14.74288     0.00000
   -14.73088     0.00000
   -14.71788     0.00000
   -14.70588     0.00000
   -14.69288     0.00000
   -14.68088     0.00000
   -14.66788     0.00000
   -14.65488     0.00000
   -14.64288     0.00000
   -14.62988     0.00000
   -14.61788     0.00000
   -14.60488     0.00000
   -14.59288     0.00000
   -14.57988     0.00000
   -14.56688     0.00000
   -14.55488     0.00000
   -14.54188     0.00000
   -14.52988     0.00000
   -14.51688     0.00000
   -14.50488     0.00000
   -14.49188     0.00000
   -14.47888     0.00000
   -14.46688     0.00000
   -14.45388     0.00000
   -14.44188     0.00000
   -14.42888     0.00000
   -14.41688     0.00000
   -14.40388     0.00000
   -14.39088     0.00000
   -14.37888     0.00000
   -14.36588     0.00000
   -14.35388     0.00000
   -14.34088     0.00000
   -14.32888     0.00000
   -14.31588     0.00000
   -14.30288     0.00000
   -14.29088     0.00000
   -14.27788     0.00000
   -14.26588     0.00000
   -14.25288     0.00000
   -14.24088     0.00000
   -14.22788     0.00000
   -14.21588     0.00000
   -14.20288     0.00000
   -14.18988     0.00000
   -14.17788     0.00000
   -14.16488     0.00000
   -14.15288     0.00000
   -14.13988     0.00000
   -14.12788     0.00000
   -14.11488     0.00000
   -14.10188     0.00000
   -14.08988     0.00000
   -14.07688     0.00000
   -14.06488     0.00000
   -14.05188     0.00000
   -14.03988     0.00000
   -14.02688     0.00000
   -14.01388     0.00000
   -14.00188     0.00000
   -13.98888     0.00000
   -13.97688     0.00000
   -13.96388     0.00000
   -13.95188     0.00000
   -13.93888     0.00000
   -13.92588     0.00000
   -13.91388     0.00000
   -13.90088     0.00000
   -13.88888     0.00001
   -13.87588     0.00004
   -13.86388     0.00013
   -13.85088     0.00040
   -13.83788     0.00107
   -13.82588     0.00250
   -13.81288     0.00518
   -13.80088     0.00946
   -13.78788     0.01525
   -13.77588     0.02171
   -13.76288     0.02726
   -13.74988     0.03025
   -13.73788     0.02972
   -13.72488     0.02613
   -13.71288     0.02132
   -13.69988     0.01805
   -13.68788     0.01928
   -13.67488     0.02751
   -13.66188     0.04391
   -13.64988     0.06728
   -13.63688     0.09318
   -13.62488     0.11461
   -13.61188     0.12463
   -13.59988     0.11982
   -13.58688     0.10208
   -13.57388     0.07798
   -13.56188     0.05560
   -13.54888     0.04178
   -13.53688     0.04036
   -13.52388     0.05178
   -13.51188     0.07316
   -13.49888     0.09827
   -13.48688     0.11894
   -13.47388     0.12774
   -13.46088     0.12122
   -13.44888     0.10155
   -13.43588     0.07511
   -13.42388     0.04907
   -13.41088     0.02850
   -13.39888     0.01534
   -13.38588     0.00945
   -13.37288     0.01058
   -13.36088     0.01977
   -13.34788     0.03947
   -13.33588     0.07205
   -13.32288     0.11692
   -13.31088     0.16806
   -13.29788     0.21422
   -13.28488     0.24311
   -13.27288     0.24830
   -13.25988     0.23432
   -13.24788     0.21676
   -13.23488     0.21679
   -13.22288     0.25320
   -13.20988     0.33517
   -13.19688     0.45714
   -13.18488     0.59781
   -13.17188     0.72315
   -13.15988     0.79784
   -13.14688     0.79959
   -13.13488     0.73128
   -13.12188     0.62243
   -13.10888     0.51778
   -13.09688     0.45936
   -13.08388     0.46938
   -13.07188     0.54233
   -13.05888     0.64650
   -13.04688     0.73586
   -13.03388     0.76804
   -13.02088     0.72315
   -13.00888     0.61210
   -12.99588     0.46932
   -12.98388     0.33528
   -12.97088     0.23819
   -12.95888     0.18565
   -12.94588     0.16716
   -12.93288     0.16363
   -12.92088     0.15778
   -12.90788     0.14092
   -12.89588     0.11441
   -12.88288     0.08651
   -12.87088     0.06798
   -12.85788     0.06874
   -12.84588     0.09642
   -12.83288     0.15526
   -12.81988     0.24405
   -12.80788     0.35403
   -12.79488     0.46880
   -12.78288     0.56676
   -12.76988     0.62889
   -12.75788     0.64253
   -12.74488     0.60690
   -12.73188     0.53492
   -12.71988     0.45080
   -12.70688     0.38463
   -12.69488     0.36385
   -12.68188     0.40210
   -12.66988     0.49082
   -12.65688     0.59806
   -12.64388     0.68142
   -12.63188     0.70627
   -12.61888     0.66411
   -12.60688     0.57453
   -12.59388     0.47131
   -12.58188     0.38403
   -12.56888     0.32491
   -12.55588     0.29039
   -12.54388     0.27137
   -12.53088     0.26228
   -12.51888     0.26495
   -12.50588     0.28562
   -12.49388     0.32969
   -12.48088     0.39675
   -12.46788     0.47918
   -12.45588     0.56515
   -12.44288     0.64423
   -12.43088     0.71145
   -12.41788     0.76661
   -12.40588     0.80947
   -12.39288     0.83654
   -12.37988     0.84030
   -12.36788     0.81394
   -12.35488     0.75481
   -12.34288     0.66566
   -12.32988     0.55302
   -12.31788     0.42894
   -12.30488     0.30716
   -12.29188     0.20284
   -12.27988     0.12677
   -12.26688     0.08382
   -12.25488     0.07361
   -12.24188     0.09294
   -12.22988     0.13724
   -12.21688     0.19995
   -12.20388     0.27121
   -12.19188     0.33830
   -12.17888     0.38956
   -12.16688     0.42012
   -12.15388     0.43601
   -12.14188     0.45247
   -12.12888     0.48752
   -12.11688     0.55502
   -12.10388     0.66185
   -12.09088     0.80738
   -12.07888     0.98234
   -12.06588     1.16479
   -12.05388     1.31886
   -12.04088     1.40368
   -12.02888     1.38938
   -12.01588     1.27251
   -12.00288     1.08063
   -11.99088     0.85889
   -11.97788     0.65138
   -11.96588     0.48754
   -11.95288     0.37847
   -11.94088     0.32324
   -11.92788     0.31268
   -11.91488     0.33126
   -11.90288     0.35850
   -11.88988     0.37435
   -11.87788     0.36794
   -11.86488     0.34295
   -11.85288     0.31469
   -11.83988     0.30061
   -11.82688     0.31148
   -11.81488     0.34809
   -11.80188     0.40382
   -11.78988     0.46938
   -11.77688     0.53696
   -11.76488     0.60150
   -11.75188     0.66259
   -11.73888     0.71901
   -11.72688     0.76601
   -11.71388     0.79193
   -11.70188     0.78143
   -11.68888     0.72644
   -11.67688     0.63485
   -11.66388     0.53325
   -11.65088     0.45803
   -11.63888     0.44108
   -11.62588     0.49312
   -11.61388     0.59638
   -11.60088     0.71021
   -11.58888     0.79050
   -11.57588     0.81350
   -11.56288     0.79097
   -11.55088     0.76419
   -11.53788     0.77747
   -11.52588     0.85101
   -11.51288     0.96930
   -11.50088     1.08935
   -11.48788     1.16375
   -11.47488     1.16260
   -11.46288     1.08462
   -11.44988     0.95589
   -11.43788     0.82092
   -11.42488     0.72869
   -11.41288     0.71722
   -11.39988     0.79820
   -11.38788     0.94853
   -11.37488     1.11453
   -11.36188     1.23316
   -11.34988     1.26077
   -11.33688     1.19251
   -11.32488     1.06062
   -11.31188     0.91039
   -11.29988     0.77439
   -11.28688     0.66204
   -11.27388     0.56525
   -11.26188     0.47630
   -11.24888     0.39919
   -11.23688     0.34916
   -11.22388     0.34341
   -11.21188     0.39001
   -11.19888     0.48159
   -11.18588     0.59588
   -11.17388     0.70224
   -11.16088     0.77114
   -11.14888     0.78558
   -11.13588     0.74694
   -11.12388     0.67714
   -11.11088     0.61025
   -11.09788     0.57801
   -11.08588     0.59755
   -11.07288     0.66466
   -11.06088     0.75699
   -11.04788     0.84306
   -11.03588     0.89485
   -11.02288     0.89469
   -11.00988     0.84142
   -10.99788     0.75196
   -10.98488     0.65823
   -10.97288     0.59549
   -10.95988     0.59106
   -10.94788     0.65545
   -10.93488     0.77781
   -10.92188     0.93192
   -10.90988     1.08116
   -10.89688     1.18802
   -10.88488     1.22220
   -10.87188     1.17143
   -10.85988     1.04719
   -10.84688     0.88320
   -10.83388     0.72030
   -10.82188     0.59326
   -10.80888     0.52561
   -10.79688     0.53329
   -10.78388     0.63202
   -10.77188     0.83511
   -10.75888     1.13532
   -10.74688     1.48963
   -10.73388     1.82149
   -10.72088     2.04724
   -10.70888     2.11414
   -10.69588     2.02183
   -10.68388     1.81338
   -10.67088     1.54629
   -10.65888     1.26457
   -10.64588     0.99605
   -10.63288     0.76094
   -10.62088     0.58280
   -10.60788     0.48458
   -10.59588     0.47695
   -10.58288     0.54794
   -10.57088     0.66299
   -10.55788     0.78123
   -10.54488     0.87581
   -10.53288     0.94765
   -10.51988     1.01800
   -10.50788     1.10549
   -10.49488     1.20624
   -10.48288     1.29281
   -10.46988     1.33594
   -10.45688     1.32639
   -10.44488     1.27707
   -10.43188     1.20972
   -10.41988     1.13698
   -10.40688     1.05551
   -10.39488     0.95753
   -10.38188     0.84194
   -10.36888     0.72464
   -10.35688     0.63758
   -10.34388     0.61712
   -10.33188     0.68901
   -10.31888     0.84938
   -10.30688     1.05933
   -10.29388     1.25222
   -10.28088     1.35999
   -10.26888     1.34597
   -10.25588     1.22275
   -10.24388     1.04664
   -10.23088     0.88903
   -10.21888     0.80384
   -10.20588     0.80719
   -10.19288     0.87599
   -10.18088     0.96425
   -10.16788     1.02989
   -10.15588     1.05904
   -10.14288     1.06956
   -10.13088     1.09486
   -10.11788     1.15388
   -10.10488     1.23296
   -10.09288     1.29387
   -10.07988     1.29876
   -10.06788     1.23197
   -10.05488     1.10355
   -10.04288     0.93850
   -10.02988     0.76522
   -10.01788     0.61065
   -10.00488     0.49779
    -9.99188     0.44264
    -9.97988     0.44825
    -9.96688     0.50114
    -9.95488     0.57409
    -9.94188     0.63407
    -9.92988     0.65236
    -9.91688     0.61555
    -9.90388     0.52815
    -9.89188     0.41128
    -9.87888     0.29391
    -9.86688     0.20361
    -9.85388     0.16096
    -9.84188     0.17809
    -9.82888     0.25809
    -9.81588     0.39183
    -9.80388     0.55348
    -9.79088     0.70188
    -9.77888     0.79277
    -9.76588     0.79733
    -9.75388     0.71827
    -9.74088     0.58969
    -9.72788     0.46440
    -9.71588     0.39692
    -9.70288     0.42856
    -9.69088     0.57724
    -9.67788     0.82853
    -9.66588     1.13254
    -9.65288     1.41272
    -9.63988     1.59098
    -9.62788     1.61900
    -9.61488     1.49498
    -9.60288     1.25941
    -9.58988     0.97219
    -9.57788     0.69264
    -9.56488     0.46255
    -9.55188     0.30333
    -9.53988     0.21794
    -9.52688     0.19448
    -9.51488     0.21137
    -9.50188     0.24370
    -9.48988     0.27169
    -9.47688     0.28882
    -9.46388     0.30563
    -9.45188     0.34408
    -9.43888     0.42335
    -9.42688     0.54361
    -9.41388     0.67768
    -9.40188     0.78024
    -9.38888     0.80870
    -9.37588     0.74633
    -9.36388     0.61080
    -9.35088     0.44256
    -9.33888     0.28377
    -9.32588     0.16098
    -9.31388     0.08085
    -9.30088     0.03596
    -9.28888     0.01424
    -9.27588     0.00532
    -9.26288     0.00298
    -9.25088     0.00524
    -9.23788     0.01418
    -9.22588     0.03626
    -9.21288     0.08231
    -9.20088     0.16498
    -9.18788     0.29179
    -9.17488     0.45548
    -9.16288     0.62722
    -9.14988     0.76236
    -9.13788     0.81746
    -9.12488     0.77362
    -9.11288     0.64612
    -9.09988     0.47600
    -9.08688     0.30963
    -9.07488     0.17767
    -9.06188     0.08997
    -9.04988     0.04020
    -9.03688     0.01585
    -9.02488     0.00552
    -9.01188     0.00170
    -8.99888     0.00049
    -8.98688     0.00025
    -8.97388     0.00057
    -8.96188     0.00187
    -8.94888     0.00562
    -8.93688     0.01493
    -8.92388     0.03501
    -8.91088     0.07246
    -8.89888     0.13243
    -8.88588     0.21377
    -8.87388     0.30508
    -8.86088     0.38582
    -8.84888     0.43458
    -8.83588     0.44107
    -8.82288     0.41324
    -8.81088     0.37463
    -8.79788     0.35172
    -8.78588     0.36127
    -8.77288     0.40409
    -8.76088     0.46748
    -8.74788     0.53199
    -8.73488     0.57728
    -8.72288     0.58747
    -8.70988     0.55477
    -8.69788     0.48256
    -8.68488     0.38602
    -8.67288     0.28727
    -8.65988     0.20815
    -8.64688     0.16385
    -8.63488     0.16010
    -8.62188     0.19430
    -8.60988     0.25748
    -8.59688     0.33675
    -8.58488     0.41812
    -8.57188     0.49013
    -8.55988     0.54646
    -8.54688     0.58641
    -8.53388     0.61161
    -8.52188     0.62299
    -8.50888     0.61947
    -8.49688     0.59990
    -8.48388     0.56498
    -8.47188     0.51815
    -8.45888     0.46539
    -8.44588     0.41407
    -8.43388     0.37176
    -8.42088     0.34375
    -8.40888     0.33242
    -8.39588     0.33941
    -8.38388     0.37058
    -8.37088     0.43945
    -8.35788     0.56373
    -8.34588     0.75174
    -8.33288     0.98647
    -8.32088     1.22121
    -8.30788     1.39352
    -8.29588     1.45307
    -8.28288     1.38525
    -8.26988     1.21507
    -8.25788     0.99026
    -8.24488     0.75997
    -8.23288     0.55974
    -8.21988     0.40821
    -8.20788     0.30985
    -8.19488     0.25917
    -8.18188     0.24634
    -8.16988     0.26199
    -8.15688     0.30085
    -8.14488     0.36279
    -8.13188     0.45089
    -8.11988     0.56668
    -8.10688     0.70299
    -8.09388     0.83963
    -8.08188     0.94526
    -8.06888     0.98814
    -8.05688     0.95271
    -8.04388     0.84941
    -8.03188     0.71112
    -8.01888     0.57686
    -8.00588     0.47446
    -7.99388     0.41204
    -7.98088     0.38136
    -7.96888     0.36814
    -7.95588     0.35977
    -7.94388     0.34781
    -7.93088     0.32712
    -7.91888     0.29460
    -7.90588     0.25087
    -7.89288     0.20153
    -7.88088     0.15650
    -7.86788     0.12667
    -7.85588     0.12043
    -7.84288     0.14192
    -7.83088     0.19196
    -7.81788     0.26962
    -7.80488     0.37189
    -7.79288     0.49116
    -7.77988     0.61300
    -7.76788     0.71776
    -7.75488     0.78816
    -7.74288     0.81660
    -7.72988     0.80892
    -7.71688     0.77764
    -7.70488     0.73365
    -7.69188     0.68006
    -7.67988     0.61412
    -7.66688     0.53629
    -7.65488     0.45901
    -7.64188     0.40978
    -7.62888     0.42371
    -7.61688     0.52864
    -7.60388     0.72774
    -7.59188     0.99079
    -7.57888     1.25899
    -7.56688     1.46602
    -7.55388     1.56584
    -7.54088     1.54799
    -7.52888     1.43671
    -7.51588     1.27545
    -7.50388     1.11378
    -7.49088     1.00058
    -7.47888     0.97909
    -7.46588     1.07684
    -7.45288     1.28789
    -7.44088     1.55998
    -7.42788     1.80380
    -7.41588     1.92570
    -7.40288     1.87028
    -7.39088     1.64523
    -7.37788     1.31434
    -7.36488     0.96221
    -7.35288     0.65769
    -7.33988     0.43397
    -7.32788     0.29169
    -7.31488     0.21534
    -7.30288     0.18810
    -7.28988     0.19786
    -7.27688     0.23504
    -7.26488     0.28884
    -7.25188     0.34773
    -7.23988     0.40375
    -7.22688     0.45754
    -7.21488     0.51912
    -7.20188     0.60275
    -7.18988     0.71723
    -7.17688     0.85610
    -7.16388     0.99136
    -7.15188     1.08033
    -7.13888     1.08358
    -7.12688     0.98490
    -7.11388     0.80479
    -7.10188     0.58753
    -7.08888     0.38285
    -7.07588     0.22490
    -7.06388     0.12671
    -7.05088     0.08771
    -7.03888     0.10584
    -7.02588     0.18597
    -7.01388     0.33847
    -7.00088     0.56883
    -6.98788     0.86258
    -6.97588     1.17561
    -6.96288     1.44085
    -6.95088     1.58940
    -6.93788     1.58234
    -6.92588     1.42584
    -6.91288     1.16835
    -6.89988     0.87623
    -6.88788     0.60665
    -6.87488     0.39393
    -6.86288     0.24531
    -6.84988     0.15158
    -6.83788     0.09796
    -6.82488     0.07306
    -6.81188     0.07319
    -6.79988     0.10226
    -6.78688     0.16800
    -6.77488     0.27560
    -6.76188     0.42040
    -6.74988     0.58367
    -6.73688     0.73579
    -6.72388     0.84523
    -6.71188     0.89197
    -6.69888     0.87412
    -6.68688     0.80642
    -6.67388     0.71330
    -6.66188     0.61868
    -6.64888     0.54190
    -6.63588     0.49339
    -6.62388     0.47265
    -6.61088     0.46851
    -6.59888     0.46363
    -6.58588     0.44384
    -6.57388     0.40870
    -6.56088     0.37750
    -6.54788     0.38660
    -6.53588     0.47716
    -6.52288     0.67513
    -6.51088     0.97075
    -6.49788     1.30897
    -6.48588     1.60164
    -6.47288     1.76466
    -6.46088     1.75516
    -6.44788     1.58962
    -6.43488     1.32852
    -6.42288     1.04162
    -6.40988     0.78358
    -6.39788     0.58512
    -6.38488     0.45830
    -6.37288     0.40410
    -6.35988     0.41269
    -6.34688     0.46598
    -6.33488     0.54195
    -6.32188     0.62024
    -6.30988     0.68465
    -6.29688     0.72336
    -6.28488     0.72931
    -6.27188     0.70161
    -6.25888     0.64608
    -6.24688     0.57321
    -6.23388     0.49291
    -6.22188     0.41075
    -6.20888     0.32924
    -6.19688     0.25046
    -6.18388     0.17820
    -6.17088     0.11717
    -6.15888     0.07124
    -6.14588     0.04223
    -6.13388     0.03159
    -6.12088     0.04353
    -6.10888     0.08827
    -6.09588     0.18204
    -6.08288     0.34085
    -6.07088     0.56719
    -6.05788     0.83629
    -6.04588     1.09245
    -6.03288     1.26787
    -6.02088     1.31457
    -6.00788     1.23434
    -5.99488     1.08181
    -5.98288     0.93437
    -5.96988     0.85049
    -5.95788     0.84113
    -5.94488     0.87394
    -5.93288     0.89983
    -5.91988     0.88587
    -5.90688     0.83061
    -5.89488     0.75533
    -5.88188     0.68417
    -5.86988     0.63085
    -5.85688     0.59705
    -5.84488     0.57901
    -5.83188     0.57119
    -5.81988     0.56584
    -5.80688     0.55350
    -5.79388     0.52678
    -5.78188     0.48485
    -5.76888     0.43354
    -5.75688     0.38108
    -5.74388     0.33289
    -5.73188     0.28992
    -5.71888     0.25144
    -5.70588     0.21931
    -5.69388     0.19949
    -5.68088     0.19885
    -5.66888     0.21851
    -5.65588     0.25016
    -5.64388     0.27745
    -5.63088     0.28395
    -5.61788     0.26154
    -5.60588     0.21451
    -5.59288     0.15590
    -5.58088     0.10023
    -5.56788     0.05696
    -5.55588     0.02863
    -5.54288     0.01276
    -5.52988     0.00509
    -5.51788     0.00193
    -5.50488     0.00090
    -5.49288     0.00083
    -5.47988     0.00126
    -5.46788     0.00202
    -5.45488     0.00304
    -5.44188     0.00439
    -5.42988     0.00657
    -5.41688     0.01113
    -5.40488     0.02138
    -5.39188     0.04265
    -5.37988     0.08128
    -5.36688     0.14205
    -5.35388     0.22505
    -5.34188     0.32457
    -5.32888     0.43241
    -5.31688     0.54463
    -5.30388     0.66623
    -5.29188     0.80831
    -5.27888     0.97487
    -5.26588     1.15073
    -5.25388     1.29708
    -5.24088     1.36500
    -5.22888     1.31759
    -5.21588     1.15405
    -5.20388     0.91038
    -5.19088     0.64443
    -5.17788     0.40948
    -5.16588     0.23722
    -5.15288     0.13420
    -5.14088     0.09091
    -5.12788     0.09237
    -5.11588     0.12424
    -5.10288     0.17459
    -5.09088     0.23398
    -5.07788     0.29608
    -5.06488     0.35765
    -5.05288     0.41599
    -5.03988     0.46552
    -5.02788     0.49664
    -5.01488     0.50007
    -5.00288     0.47270
    -4.98988     0.42038
    -4.97688     0.35530
    -4.96488     0.29088
    -4.95188     0.23781
    -4.93988     0.20259
    -4.92688     0.18665
    -4.91488     0.18586
    -4.90188     0.19160
    -4.88888     0.19424
    -4.87688     0.18719
    -4.86388     0.16920
    -4.85188     0.14362
    -4.83888     0.11604
    -4.82688     0.09205
    -4.81388     0.07618
    -4.80088     0.07074
    -4.78888     0.07494
    -4.77588     0.08485
    -4.76388     0.09505
    -4.75088     0.10197
    -4.73888     0.10693
    -4.72588     0.11674
    -4.71288     0.14030
    -4.70088     0.18232
    -4.68788     0.23800
    -4.67588     0.29211
    -4.66288     0.32529
    -4.65088     0.32371
    -4.63788     0.28718
    -4.62488     0.22936
    -4.61288     0.17068
    -4.59988     0.12881
    -4.58788     0.11238
    -4.57488     0.12015
    -4.56288     0.14481
    -4.54988     0.17843
    -4.53688     0.21668
    -4.52488     0.25962
    -4.51188     0.30846
    -4.49988     0.36052
    -4.48688     0.40773
    -4.47488     0.43967
    -4.46188     0.45031
    -4.44888     0.44190
    -4.43688     0.42319
    -4.42388     0.40396
    -4.41188     0.38998
    -4.39888     0.38173
    -4.38688     0.37647
    -4.37388     0.37086
    -4.36188     0.36344
    -4.34888     0.35680
    -4.33588     0.35931
    -4.32388     0.38428
    -4.31088     0.44572
    -4.29888     0.55202
    -4.28588     0.70139
    -4.27388     0.87945
    -4.26088     1.05941
    -4.24788     1.20553
    -4.23588     1.28162
    -4.22288     1.26411
    -4.21088     1.15195
    -4.19788     0.97204
    -4.18588     0.76824
    -4.17288     0.58552
    -4.15988     0.45561
    -4.14788     0.39161
    -4.13488     0.39004
    -4.12288     0.43580
    -4.10988     0.50598
    -4.09788     0.57381
    -4.08488     0.61626
    -4.07188     0.62352
    -4.05988     0.60446
    -4.04688     0.58221
    -4.03488     0.58057
    -4.02188     0.60965
    -4.00988     0.65984
    -3.99688     0.70789
    -3.98388     0.73031
    -3.97188     0.71611
    -3.95888     0.67403
    -3.94688     0.63085
    -3.93388     0.62152
    -3.92188     0.67196
    -3.90888     0.78350
    -3.89588     0.92631
    -3.88388     1.05099
    -3.87088     1.11390
    -3.85888     1.09733
    -3.84588     1.01562
    -3.83388     0.90036
    -3.82088     0.78051
    -3.80788     0.67275
    -3.79588     0.58650
    -3.78288     0.53527
    -3.77088     0.54047
    -3.75788     0.62236
    -3.74588     0.78304
    -3.73288     0.99418
    -3.72088     1.20219
    -3.70788     1.35020
    -3.69488     1.40297
    -3.68288     1.36235
    -3.66988     1.26177
    -3.65788     1.14802
    -3.64488     1.06388
    -3.63288     1.03624
    -3.61988     1.07135
    -3.60688     1.15384
    -3.59488     1.25243
    -3.58188     1.33314
    -3.56988     1.36877
    -3.55688     1.35014
    -3.54488     1.28248
    -3.53188     1.18049
    -3.51888     1.06236
    -3.50688     0.94645
    -3.49388     0.84623
    -3.48188     0.76626
    -3.46888     0.70097
    -3.45688     0.64141
    -3.44388     0.58449
    -3.43088     0.53891
    -3.41888     0.52177
    -3.40588     0.54692
    -3.39388     0.61312
    -3.38088     0.69974
    -3.36888     0.77431
    -3.35588     0.80867
    -3.34288     0.79562
    -3.33088     0.75335
    -3.31788     0.71491
    -3.30588     0.70742
    -3.29288     0.73620
    -3.28088     0.78423
    -3.26788     0.82626
    -3.25488     0.84696
    -3.24288     0.85018
    -3.22988     0.85429
    -3.21788     0.87814
    -3.20488     0.92712
    -3.19288     0.98808
    -3.17988     1.03610
    -3.16688     1.04756
    -3.15488     1.01224
    -3.14188     0.93785
    -3.12988     0.84512
    -3.11688     0.75836
    -3.10488     0.69475
    -3.09188     0.65783
    -3.07888     0.63756
    -3.06688     0.61887
    -3.05388     0.59420
    -3.04188     0.57112
    -3.02888     0.56825
    -3.01688     0.60144
    -3.00388     0.66939
    -2.99188     0.75105
    -2.97888     0.81630
    -2.96588     0.84285
    -2.95388     0.82980
    -2.94088     0.79808
    -2.92888     0.77975
    -2.91588     0.80022
    -2.90388     0.86494
    -2.89088     0.95753
    -2.87788     1.05266
    -2.86588     1.13440
    -2.85288     1.20804
    -2.84088     1.29723
    -2.82788     1.42862
    -2.81588     1.61258
    -2.80288     1.83166
    -2.78988     2.04146
    -2.77788     2.18324
    -2.76488     2.20887
    -2.75288     2.10332
    -2.73988     1.89341
    -2.72788     1.63640
    -2.71488     1.40091
    -2.70188     1.24536
    -2.68988     1.20414
    -2.67688     1.28334
    -2.66488     1.45652
    -2.65188     1.66927
    -2.63988     1.85599
    -2.62688     1.96241
    -2.61388     1.96856
    -2.60188     1.88741
    -2.58888     1.75092
    -2.57688     1.58573
    -2.56388     1.40747
    -2.55188     1.22325
    -2.53888     1.04403
    -2.52588     0.88943
    -2.51388     0.78102
    -2.50088     0.73216
    -2.48888     0.73934
    -2.47588     0.78155
    -2.46388     0.82773
    -2.45088     0.85057
    -2.43788     0.84038
    -2.42588     0.80961
    -2.41288     0.78917
    -2.40088     0.81552
    -2.38788     0.91874
    -2.37588     1.11175
    -2.36288     1.38225
    -2.34988     1.68887
    -2.33788     1.96632
    -2.32488     2.14648
    -2.31288     2.18269
    -2.29988     2.07789
    -2.28788     1.88390
    -2.27488     1.68103
    -2.26288     1.53956
    -2.24988     1.48919
    -2.23688     1.51338
    -2.22488     1.56912
    -2.21188     1.61768
    -2.19988     1.65266
    -2.18688     1.69579
    -2.17488     1.77666
    -2.16188     1.90515
    -2.14888     2.05493
    -2.13688     2.17587
    -2.12388     2.22088
    -2.11188     2.17101
    -2.09888     2.04149
    -2.08688     1.86488
    -2.07388     1.67417
    -2.06088     1.48845
    -2.04888     1.31590
    -2.03588     1.16203
    -2.02388     1.03201
    -2.01088     0.93216
    -1.99888     0.86759
    -1.98588     0.84322
    -1.97288     0.86219
    -1.96088     0.92337
    -1.94788     1.02035
    -1.93588     1.14319
    -1.92288     1.28104
    -1.91088     1.42334
    -1.89788     1.55342
    -1.88488     1.64702
    -1.87288     1.67623
    -1.85988     1.62781
    -1.84788     1.51251
    -1.83488     1.36526
    -1.82288     1.22848
    -1.80988     1.13147
    -1.79688     1.08108
    -1.78488     1.06617
    -1.77188     1.07414
    -1.75988     1.10215
    -1.74688     1.15652
    -1.73488     1.24315
    -1.72188     1.35110
    -1.70888     1.44688
    -1.69688     1.48260
    -1.68388     1.42228
    -1.67188     1.26473
    -1.65888     1.04690
    -1.64688     0.82497
    -1.63388     0.64533
    -1.62188     0.52785
    -1.60888     0.46960
    -1.59588     0.45829
    -1.58388     0.48158
    -1.57088     0.52725
    -1.55888     0.58111
    -1.54588     0.63015
    -1.53388     0.67084
    -1.52088     0.71251
    -1.50788     0.77167
    -1.49588     0.85950
    -1.48288     0.97623
    -1.47088     1.11651
    -1.45788     1.28136
    -1.44588     1.47694
    -1.43288     1.70153
    -1.41988     1.92723
    -1.40788     2.10039
    -1.39488     2.16760
    -1.38288     2.11123
    -1.36988     1.96733
    -1.35788     1.80737
    -1.34488     1.70006
    -1.33188     1.66922
    -1.31988     1.68645
    -1.30688     1.69188
    -1.29488     1.63141
    -1.28188     1.48877
    -1.26988     1.28841
    -1.25688     1.08542
    -1.24388     0.94255
    -1.23188     0.91342
    -1.21888     1.02621
    -1.20688     1.26796
    -1.19388     1.57825
    -1.18188     1.86420
    -1.16888     2.04070
    -1.15588     2.07308
    -1.14388     1.99545
    -1.13088     1.88251
    -1.11888     1.80019
    -1.10588     1.76242
    -1.09388     1.73381
    -1.08088     1.66260
    -1.06788     1.52234
    -1.05588     1.32947
    -1.04288     1.13018
    -1.03088     0.96677
    -1.01788     0.85801
    -1.00588     0.79461
    -0.99288     0.75472
    -0.97988     0.72203
    -0.96788     0.69336
    -0.95488     0.67396
    -0.94288     0.66611
    -0.92988     0.66328
    -0.91788     0.65459
    -0.90488     0.63766
    -0.89288     0.62913
    -0.87988     0.66363
    -0.86688     0.77808
    -0.85488     0.98894
    -0.84188     1.27426
    -0.82988     1.57475
    -0.81688     1.81252
    -0.80488     1.92222
    -0.79188     1.87355
    -0.77888     1.68291
    -0.76688     1.40155
    -0.75388     1.09697
    -0.74188     0.82760
    -0.72888     0.62796
    -0.71688     0.50566
    -0.70388     0.45300
    -0.69088     0.46224
    -0.67888     0.53243
    -0.66588     0.66303
    -0.65388     0.83964
    -0.64088     1.02607
    -0.62888     1.17316
    -0.61588     1.24034
    -0.60288     1.21857
    -0.59088     1.13461
    -0.57788     1.03394
    -0.56588     0.95332
    -0.55288     0.89963
    -0.54088     0.85254
    -0.52788     0.78330
    -0.51488     0.67902
    -0.50288     0.54952
    -0.48988     0.42084
    -0.47788     0.32039
    -0.46488     0.26488
    -0.45288     0.25502
    -0.43988     0.27692
    -0.42688     0.30750
    -0.41488     0.32318
    -0.40188     0.30946
    -0.38988     0.26614
    -0.37688     0.20580
    -0.36488     0.14676
    -0.35188     0.10532
    -0.33888     0.09157
    -0.32688     0.10927
    -0.31388     0.15722
    -0.30188     0.22959
    -0.28888     0.31554
    -0.27688     0.39989
    -0.26388     0.46604
    -0.25088     0.50073
    -0.23888     0.49710
    -0.22588     0.45664
    -0.21388     0.38735
    -0.20088     0.30204
    -0.18888     0.21515
    -0.17588     0.13902
    -0.16388     0.08096
    -0.15088     0.04225
    -0.13788     0.01967
    -0.12588     0.00814
    -0.11288     0.00299
    -0.10088     0.00097
    -0.08788     0.00028
    -0.07588     0.00007
    -0.06288     0.00002
    -0.04988     0.00000
    -0.03788     0.00000
    -0.02488     0.00000
    -0.01288     0.00000
     0.00012     0.00000
     0.01212     0.00000
     0.02512     0.00000
     0.03812     0.00000
     0.05012     0.00000
     0.06312     0.00000
     0.07512     0.00000
     0.08812     0.00000
     0.10012     0.00000
     0.11312     0.00000
     0.12612     0.00000
     0.13812     0.00000
     0.15112     0.00000
     0.16312     0.00001
     0.17612     0.00003
     0.18812     0.00012
     0.20112     0.00040
     0.21412     0.00118
     0.22612     0.00305
     0.23912     0.00697
     0.25112     0.01408
     0.26412     0.02517
     0.27612     0.03990
     0.28912     0.05641
     0.30212     0.07194
     0.31412     0.08457
     0.32712     0.09487
     0.33912     0.10605
     0.35212     0.12157
     0.36412     0.14212
     0.37712     0.16402
     0.39012     0.18096
     0.40212     0.18779
     0.41512     0.18277
     0.42712     0.16759
     0.44012     0.14536
     0.45212     0.11903
     0.46512     0.09114
     0.47712     0.06445
     0.49012     0.04154
     0.50312     0.02415
     0.51512     0.01260
     0.52812     0.00600
     0.54012     0.00301
     0.55312     0.00267
     0.56512     0.00487
     0.57812     0.01042
     0.59112     0.02055
     0.60312     0.03599
     0.61612     0.05567
     0.62812     0.07611
     0.64112     0.09219
     0.65312     0.09963
     0.66612     0.09790
     0.67912     0.09153
     0.69112     0.08863
     0.70412     0.09699
     0.71612     0.11974
     0.72912     0.15291
     0.74112     0.18709
     0.75412     0.21235
     0.76712     0.22473
     0.77912     0.22874
     0.79212     0.23511
     0.80412     0.25377
     0.81712     0.28779
     0.82912     0.33182
     0.84212     0.37528
     0.85512     0.40810
     0.86712     0.42589
     0.88012     0.43306
     0.89212     0.44111
     0.90512     0.46252
     0.91712     0.50264
     0.93012     0.55539
     0.94312     0.60679
     0.95512     0.64342
     0.96812     0.65895
     0.98012     0.65504
     0.99312     0.63771
     1.00512     0.61400
     1.01812     0.59088
     1.03112     0.57399
     1.04312     0.56525
     1.05612     0.56140
     1.06812     0.55690
     1.08112     0.54801
     1.09312     0.53527
     1.10612     0.52066
     1.11912     0.50399
     1.13112     0.48216
     1.14412     0.45429
     1.15612     0.42638
     1.16912     0.41100
     1.18112     0.41934
     1.19412     0.45143
     1.20612     0.49260
     1.21912     0.51951
     1.23212     0.51226
     1.24412     0.46570
     1.25712     0.39164
     1.26912     0.31120
     1.28212     0.24296
     1.29412     0.19462
     1.30712     0.16271
     1.32012     0.13939
     1.33212     0.11999
     1.34512     0.10637
     1.35712     0.10515
     1.37012     0.12309
     1.38212     0.16208
     1.39512     0.21648
     1.40812     0.27339
     1.42012     0.31674
     1.43312     0.33464
     1.44512     0.32676
     1.45812     0.30737
     1.47012     0.30210
     1.48312     0.33704
     1.49612     0.42584
     1.50812     0.55927
     1.52112     0.70487
     1.53312     0.81804
     1.54612     0.86045
     1.55812     0.81798
     1.57112     0.70484
     1.58412     0.55578
     1.59612     0.41017
     1.60912     0.29875
     1.62112     0.23714
     1.63412     0.22658
     1.64612     0.25716
     1.65912     0.31304
     1.67212     0.37823
     1.68412     0.44208
     1.69712     0.50255
     1.70912     0.56295
     1.72212     0.62517
     1.73412     0.68383
     1.74712     0.72798
     1.76012     0.74971
     1.77212     0.75196
     1.78512     0.74717
     1.79712     0.74764
     1.81012     0.75556
     1.82212     0.76379
     1.83512     0.76462
     1.84812     0.75987
     1.86012     0.76254
     1.87312     0.78905
     1.88512     0.84767
     1.89812     0.93158
     1.91012     1.01985
     1.92312     1.08630
     1.93512     1.11138
     1.94812     1.09034
     1.96112     1.03298
     1.97312     0.95655
     1.98612     0.87681
     1.99812     0.80433
     2.01112     0.74746
     2.02312     0.71610
     2.03612     0.72250
     2.04912     0.77851
     2.06112     0.89052
     2.07412     1.05429
     2.08612     1.25151
     2.09912     1.45136
     2.11112     1.61676
     2.12412     1.71868
     2.13712     1.74637
     2.14912     1.70812
     2.16212     1.62483
     2.17412     1.51752
     2.18712     1.40092
     2.19912     1.28203
     2.21212     1.16590
     2.22512     1.05896
     2.23712     0.97322
     2.25012     0.92309
     2.26212     0.92456
     2.27512     0.98732
     2.28712     1.10800
     2.30012     1.26621
     2.31312     1.42702
     2.32512     1.55289
     2.33812     1.61586
     2.35012     1.60500
     2.36312     1.52605
     2.37512     1.39613
     2.38812     1.23605
     2.40112     1.06345
     2.41312     0.89239
     2.42612     0.73508
     2.43812     0.60617
     2.45112     0.52431
     2.46312     0.50830
     2.47612     0.56778
     2.48912     0.69392
     2.50112     0.85694
     2.51412     1.01558
     2.52612     1.13383
     2.53912     1.19768
     2.55112     1.21647
     2.56412     1.21281
     2.57612     1.20546
     2.58912     1.19834
     2.60212     1.18338
     2.61412     1.15216
     2.62712     1.10591
     2.63912     1.05654
     2.65212     1.01773
     2.66412     0.99556
     2.67712     0.98437
     2.69012     0.97206
     2.70212     0.94936
     2.71512     0.91608
     2.72712     0.88000
     2.74012     0.84927
     2.75212     0.82361
     2.76512     0.79128
     2.77812     0.73612
     2.79012     0.64993
     2.80312     0.54123
     2.81512     0.43383
     2.82812     0.35684
     2.84012     0.33395
     2.85312     0.37780
     2.86612     0.48866
     2.87812     0.65381
     2.89112     0.84823
     2.90312     1.03834
     2.91612     1.19244
     2.92812     1.29312
     2.94112     1.34360
     2.95412     1.36306
     2.96612     1.37372
     2.97912     1.38588
     2.99112     1.39082
     3.00412     1.36527
     3.01612     1.28721
     3.02912     1.15425
     3.04212     0.99304
     3.05412     0.85081
     3.06712     0.77406
     3.07912     0.78697
     3.09212     0.88267
     3.10412     1.03047
     3.11712     1.19134
     3.13012     1.33419
     3.14212     1.44145
     3.15512     1.50966
     3.16712     1.53826
     3.18012     1.52704
     3.19212     1.47316
     3.20512     1.37574
     3.21812     1.23898
     3.23012     1.07581
     3.24312     0.90758
     3.25512     0.76255
     3.26812     0.67153
     3.28012     0.65804
     3.29312     0.72602
     3.30512     0.85185
     3.31812     0.99012
     3.33112     1.09352
     3.34312     1.13740
     3.35612     1.13210
     3.36812     1.11313
     3.38112     1.11603
     3.39312     1.15301
     3.40612     1.20675
     3.41912     1.24315
     3.43112     1.23321
     3.44412     1.17021
     3.45612     1.07376
     3.46912     0.98063
     3.48112     0.92896
     3.49412     0.94403
     3.50712     1.03085
     3.51912     1.17313
     3.53212     1.33450
     3.54412     1.46493
     3.55712     1.51545
     3.56912     1.46024
     3.58212     1.30903
     3.59512     1.10415
     3.60712     0.89644
     3.62012     0.72354
     3.63212     0.60245
     3.64512     0.53741
     3.65712     0.52930
     3.67012     0.57700
     3.68312     0.67197
     3.69512     0.79541
     3.70812     0.92303
     3.72012     1.03436
     3.73312     1.11852
     3.74512     1.17212
     3.75812     1.19406
     3.77112     1.18289
     3.78312     1.13788
     3.79612     1.06301
     3.80812     0.96924
     3.82112     0.87516
     3.83312     0.80466
     3.84612     0.78246
     3.85912     0.82547
     3.87112     0.93279
     3.88412     1.07949
     3.89612     1.22026
     3.90912     1.30559
     3.92112     1.30318
     3.93412     1.21160
     3.94712     1.05819
     3.95912     0.88580
     3.97212     0.73724
     3.98412     0.64544
     3.99712     0.62718
     4.00912     0.68103
     4.02212     0.78825
     4.03412     0.91897
     4.04712     1.04144
     4.06012     1.13079
     4.07212     1.17478
     4.08512     1.17599
     4.09712     1.14928
     4.11012     1.11618
     4.12212     1.09451
     4.13512     1.08888
     4.14812     1.08783
     4.16012     1.07170
     4.17312     1.02767
     4.18512     0.96269
     4.19812     0.90479
     4.21012     0.89136
     4.22312     0.95042
     4.23612     1.08493
     4.24812     1.26739
     4.26112     1.44625
     4.27312     1.56363
     4.28612     1.57845
     4.29812     1.48407
     4.31112     1.31403
     4.32412     1.13013
     4.33612     0.99762
     4.34912     0.95923
     4.36112     1.01940
     4.37412     1.14540
     4.38612     1.28332
     4.39912     1.38194
     4.41212     1.41190
     4.42412     1.37131
     4.43712     1.27751
     4.44912     1.15246
     4.46212     1.01457
     4.47412     0.88070
     4.48712     0.77254
     4.50012     0.71889
     4.51212     0.74815
     4.52512     0.87160
     4.53712     1.07039
     4.55012     1.29460
     4.56212     1.48200
     4.57512     1.58776
     4.58812     1.60406
     4.60012     1.55868
     4.61312     1.49116
     4.62512     1.42814
     4.63812     1.37376
     4.65012     1.31786
     4.66312     1.25220
     4.67612     1.18087
     4.68812     1.11835
     4.70112     1.08009
     4.71312     1.07353
     4.72612     1.09624
     4.73812     1.14102
     4.75112     1.20122
     4.76312     1.27106
     4.77612     1.33925
     4.78912     1.38734
     4.80112     1.39820
     4.81412     1.36603
     4.82612     1.30418
     4.83912     1.24086
     4.85112     1.20607
     4.86412     1.21878
     4.87712     1.28133
     4.88912     1.38119
     4.90212     1.49629
     4.91412     1.60107
     4.92712     1.67261
     4.93912     1.69538
     4.95212     1.66638
     4.96512     1.59934
     4.97712     1.52248
     4.99012     1.47113
     5.00212     1.47204
     5.01512     1.52915
     5.02712     1.61691
     5.04012     1.68982
     5.05312     1.70436
     5.06512     1.64239
     5.07812     1.52120
     5.09012     1.38346
     5.10312     1.27159
     5.11512     1.20488
     5.12812     1.17343
     5.14112     1.15196
     5.15312     1.11978
     5.16612     1.07541
     5.17812     1.03655
     5.19112     1.02774
     5.20312     1.06488
     5.21612     1.14466
     5.22912     1.24588
     5.24112     1.33892
     5.25412     1.39890
     5.26612     1.41541
     5.27912     1.39368
     5.29112     1.34800
     5.30412     1.29152
     5.31712     1.22966
     5.32912     1.15894
     5.34212     1.07232
     5.35412     0.96664
     5.36712     0.84907
     5.37912     0.73880
     5.39212     0.66279
     5.40412     0.64528
     5.41712     0.69702
     5.43012     0.80715
     5.44212     0.94447
     5.45512     1.06789
     5.46712     1.14317
     5.48012     1.15763
     5.49212     1.12470
     5.50512     1.07545
     5.51812     1.04106
     5.53012     1.03767
     5.54312     1.05972
     5.55512     1.08642
     5.56812     1.09536
     5.58012     1.07521
     5.59312     1.03059
     5.60612     0.97742
     5.61812     0.93355
     5.63112     0.91065
     5.64312     0.91065
     5.65612     0.92742
     5.66812     0.95110
     5.68112     0.97283
     5.69412     0.98824
     5.70612     0.99703
     5.71912     1.00001
     5.73112     0.99591
     5.74412     0.98009
     5.75612     0.94773
     5.76912     0.89739
     5.78212     0.83306
     5.79412     0.76357
     5.80712     0.69984
     5.81912     0.65219
     5.83212     0.62720
     5.84412     0.62443
     5.85712     0.63545
     5.87012     0.64531
     5.88212     0.63841
     5.89512     0.60585
     5.90712     0.55071
     5.92012     0.48660
     5.93212     0.42955
     5.94512     0.38817
     5.95812     0.35978
     5.97012     0.33386
     5.98312     0.29999
     5.99512     0.25406
     6.00812     0.19928
     6.02012     0.14329
     6.03312     0.09384
     6.04612     0.05568
     6.05812     0.02981
     6.07112     0.01435
     6.08312     0.00618
     6.09612     0.00238
     6.10812     0.00082
     6.12112     0.00025
     6.13312     0.00007
     6.14612     0.00002
     6.15912     0.00000
     6.17112     0.00000
     6.18412     0.00000
     6.19612     0.00000
     6.20912     0.00000
     6.22112     0.00000
     6.23412     0.00000
     6.24712     0.00000
     6.25912     0.00000
     6.27212     0.00000
     6.28412     0.00000
     6.29712     0.00000
     6.30912     0.00000
     6.32212     0.00000
     6.33512     0.00000
     6.34712     0.00000
     6.36012     0.00000
     6.37212     0.00000
     6.38512     0.00000
     6.39712     0.00000
     6.41012     0.00000
     6.42312     0.00000
     6.43512     0.00000
     6.44812     0.00000
     6.46012     0.00000
     6.47312     0.00000
     6.48512     0.00000
     6.49812     0.00000
     6.51112     0.00000
     6.52312     0.00000
     6.53612     0.00000
     6.54812     0.00000
     6.56112     0.00000
     6.57312     0.00000
     6.58612     0.00000
     6.59912     0.00000
     6.61112     0.00000
     6.62412     0.00000
     6.63612     0.00000
     6.64912     0.00000
     6.66112     0.00000
     6.67412     0.00000
     6.68712     0.00000
     6.69912     0.00000
     6.71212     0.00000
     6.72412     0.00000
     6.73712     0.00000
     6.74912     0.00000
     6.76212     0.00000
     6.77512     0.00000
     6.78712     0.00000
     6.80012     0.00000
     6.81212     0.00000
     6.82512     0.00000
     6.83712     0.00000
     6.85012     0.00000
     6.86212     0.00000
     6.87512     0.00000
     6.88812     0.00000
     6.90012     0.00000
     6.91312     0.00000
     6.92512     0.00000
     6.93812     0.00000
     6.95012     0.00000
     6.96312     0.00000
     6.97612     0.00000
     6.98812     0.00000
     7.00112     0.00000
     7.01312     0.00000
     7.02612     0.00000
     7.03812     0.00000
     7.05112     0.00000
     7.06412     0.00000
     7.07612     0.00000
     7.08912     0.00000
     7.10112     0.00000
     7.11412     0.00000
     7.12612     0.00000
     7.13912     0.00000
     7.15212     0.00000
     7.16412     0.00000
     7.17712     0.00000
     7.18912     0.00000
     7.20212     0.00000
     7.21412     0.00000
     7.22712     0.00000
     7.24012     0.00000
     7.25212     0.00000
     7.26512     0.00000
     7.27712     0.00000
     7.29012     0.00000
     7.30212     0.00000
     7.31512     0.00000
     7.32812     0.00000
     7.34012     0.00000
     7.35312     0.00000
     7.36512     0.00000
     7.37812     0.00000
     7.39012     0.00000
     7.40312     0.00000
     7.41612     0.00000
     7.42812     0.00000
     7.44112     0.00000
     7.45312     0.00000
     7.46612     0.00000
     7.47812     0.00000
     7.49112     0.00000
     7.50312     0.00000
     7.51612     0.00000
     7.52912     0.00000
     7.54112     0.00000
     7.55412     0.00000
     7.56612     0.00000
     7.57912     0.00000
     7.59112     0.00000
     7.60412     0.00000
     7.61712     0.00000
     7.62912     0.00000
     7.64212     0.00000
     7.65412     0.00000
     7.66712     0.00000
     7.67912     0.00000
     7.69212     0.00000
     7.70512     0.00000
