     #Energy 7&16&25&34&
   -29.98888     0.00000
   -29.97688     0.00000
   -29.96388     0.00000
   -29.95188     0.00000
   -29.93888     0.00000
   -29.92688     0.00000
   -29.91388     0.00000
   -29.90088     0.00000
   -29.88888     0.00000
   -29.87588     0.00000
   -29.86388     0.00000
   -29.85088     0.00000
   -29.83888     0.00000
   -29.82588     0.00000
   -29.81288     0.00000
   -29.80088     0.00000
   -29.78788     0.00000
   -29.77588     0.00000
   -29.76288     0.00000
   -29.75088     0.00000
   -29.73788     0.00000
   -29.72488     0.00000
   -29.71288     0.00000
   -29.69988     0.00000
   -29.68788     0.00000
   -29.67488     0.00000
   -29.66288     0.00000
   -29.64988     0.00000
   -29.63788     0.00000
   -29.62488     0.00000
   -29.61188     0.00000
   -29.59988     0.00000
   -29.58688     0.00000
   -29.57488     0.00000
   -29.56188     0.00000
   -29.54988     0.00000
   -29.53688     0.00000
   -29.52388     0.00000
   -29.51188     0.00000
   -29.49888     0.00000
   -29.48688     0.00000
   -29.47388     0.00000
   -29.46188     0.00000
   -29.44888     0.00000
   -29.43588     0.00000
   -29.42388     0.00000
   -29.41088     0.00000
   -29.39888     0.00000
   -29.38588     0.00000
   -29.37388     0.00000
   -29.36088     0.00000
   -29.34788     0.00000
   -29.33588     0.00000
   -29.32288     0.00000
   -29.31088     0.00000
   -29.29788     0.00000
   -29.28588     0.00000
   -29.27288     0.00000
   -29.25988     0.00000
   -29.24788     0.00000
   -29.23488     0.00000
   -29.22288     0.00000
   -29.20988     0.00000
   -29.19788     0.00000
   -29.18488     0.00000
   -29.17188     0.00000
   -29.15988     0.00000
   -29.14688     0.00000
   -29.13488     0.00000
   -29.12188     0.00000
   -29.10988     0.00000
   -29.09688     0.00000
   -29.08388     0.00000
   -29.07188     0.00000
   -29.05888     0.00000
   -29.04688     0.00000
   -29.03388     0.00000
   -29.02188     0.00000
   -29.00888     0.00000
   -28.99588     0.00000
   -28.98388     0.00000
   -28.97088     0.00000
   -28.95888     0.00000
   -28.94588     0.00000
   -28.93388     0.00000
   -28.92088     0.00000
   -28.90888     0.00000
   -28.89588     0.00000
   -28.88288     0.00000
   -28.87088     0.00000
   -28.85788     0.00000
   -28.84588     0.00000
   -28.83288     0.00000
   -28.82088     0.00000
   -28.80788     0.00000
   -28.79488     0.00000
   -28.78288     0.00000
   -28.76988     0.00000
   -28.75788     0.00000
   -28.74488     0.00000
   -28.73288     0.00000
   -28.71988     0.00000
   -28.70688     0.00000
   -28.69488     0.00000
   -28.68188     0.00000
   -28.66988     0.00000
   -28.65688     0.00000
   -28.64488     0.00000
   -28.63188     0.00000
   -28.61888     0.00000
   -28.60688     0.00000
   -28.59388     0.00000
   -28.58188     0.00000
   -28.56888     0.00000
   -28.55688     0.00000
   -28.54388     0.00000
   -28.53088     0.00000
   -28.51888     0.00000
   -28.50588     0.00000
   -28.49388     0.00000
   -28.48088     0.00000
   -28.46888     0.00001
   -28.45588     0.00005
   -28.44288     0.00028
   -28.43088     0.00150
   -28.41788     0.00703
   -28.40588     0.02902
   -28.39288     0.10576
   -28.38088     0.34003
   -28.36788     0.96508
   -28.35488     2.41871
   -28.34288     5.35622
   -28.32988    10.49589
   -28.31788    18.23838
   -28.30488    28.22354
   -28.29288    39.18934
   -28.27988    49.50949
   -28.26788    58.06218
   -28.25488    65.09584
   -28.24188    71.72801
   -28.22988    78.71560
   -28.21688    85.25928
   -28.20488    88.97888
   -28.19188    87.20783
   -28.17988    78.72206
   -28.16688    64.73640
   -28.15388    48.35886
   -28.14188    33.33658
   -28.12888    22.80062
   -28.11688    18.77350
   -28.10388    22.18062
   -28.09188    32.86195
   -28.07888    49.13653
   -28.06588    67.43519
   -28.05388    82.83630
   -28.04088    90.88769
   -28.02888    89.92555
   -28.01588    82.19179
   -28.00388    73.05194
   -27.99088    68.47669
   -27.97788    72.41454
   -27.96588    85.67918
   -27.95288   106.20239
   -27.94088   130.22843
   -27.92788   153.80613
   -27.91588   173.95648
   -27.90288   189.47873
   -27.88988   200.85885
   -27.87788   209.43093
   -27.86488   216.19872
   -27.85288   220.95154
   -27.83988   222.68539
   -27.82788   220.69094
   -27.81488   215.63395
   -27.80188   209.82894
   -27.78988   206.10327
   -27.77688   206.39993
   -27.76488   211.01578
   -27.75188   218.83180
   -27.73988   228.09284
   -27.72688   237.41536
   -27.71388   246.53455
   -27.70188   256.56829
   -27.68888   269.90536
   -27.67688   289.25638
   -27.66388   316.13575
   -27.65188   349.08538
   -27.63888   383.08850
   -27.62588   410.67238
   -27.61388   424.55016
   -27.60088   420.60510
   -27.58888   399.08541
   -27.57588   363.98559
   -27.56388   320.95482
   -27.55088   274.83697
   -27.53888   228.66726
   -27.52588   183.66727
   -27.51288   140.78032
   -27.50088   101.50183
   -27.48788    67.90299
   -27.47588    41.69064
   -27.46288    23.43406
   -27.45088    12.45516
   -27.43788     7.55620
   -27.42488     7.96651
   -27.41288    14.00424
   -27.39988    27.01928
   -27.38788    48.53213
   -27.37488    78.79305
   -27.36288   115.31129
   -27.34988   152.53845
   -27.33688   182.77325
   -27.32488   198.63735
   -27.31188   195.84633
   -27.29988   174.99017
   -27.28688   141.31683
   -27.27488   102.86508
   -27.26188    67.29880
   -27.24888    39.43036
   -27.23688    20.63879
   -27.22388     9.62356
   -27.21188     3.99161
   -27.19888     1.46979
   -27.18688     0.47991
   -27.17388     0.13880
   -27.16088     0.03554
   -27.14888     0.00805
   -27.13588     0.00161
   -27.12388     0.00029
   -27.11088     0.00004
   -27.09888     0.00001
   -27.08588     0.00000
   -27.07288     0.00000
   -27.06088     0.00000
   -27.04788     0.00000
   -27.03588     0.00000
   -27.02288     0.00000
   -27.01088     0.00000
   -26.99788     0.00000
   -26.98488     0.00000
   -26.97288     0.00000
   -26.95988     0.00000
   -26.94788     0.00000
   -26.93488     0.00000
   -26.92288     0.00000
   -26.90988     0.00000
   -26.89688     0.00000
   -26.88488     0.00000
   -26.87188     0.00000
   -26.85988     0.00000
   -26.84688     0.00000
   -26.83488     0.00000
   -26.82188     0.00000
   -26.80988     0.00000
   -26.79688     0.00000
   -26.78388     0.00000
   -26.77188     0.00000
   -26.75888     0.00000
   -26.74688     0.00000
   -26.73388     0.00000
   -26.72188     0.00000
   -26.70888     0.00000
   -26.69588     0.00000
   -26.68388     0.00000
   -26.67088     0.00000
   -26.65888     0.00000
   -26.64588     0.00000
   -26.63388     0.00000
   -26.62088     0.00000
   -26.60788     0.00000
   -26.59588     0.00000
   -26.58288     0.00000
   -26.57088     0.00000
   -26.55788     0.00000
   -26.54588     0.00000
   -26.53288     0.00000
   -26.51988     0.00000
   -26.50788     0.00000
   -26.49488     0.00000
   -26.48288     0.00000
   -26.46988     0.00000
   -26.45788     0.00000
   -26.44488     0.00000
   -26.43188     0.00000
   -26.41988     0.00000
   -26.40688     0.00000
   -26.39488     0.00000
   -26.38188     0.00000
   -26.36988     0.00000
   -26.35688     0.00000
   -26.34388     0.00000
   -26.33188     0.00000
   -26.31888     0.00000
   -26.30688     0.00000
   -26.29388     0.00000
   -26.28188     0.00000
   -26.26888     0.00000
   -26.25588     0.00000
   -26.24388     0.00000
   -26.23088     0.00000
   -26.21888     0.00000
   -26.20588     0.00000
   -26.19388     0.00000
   -26.18088     0.00000
   -26.16888     0.00000
   -26.15588     0.00000
   -26.14288     0.00000
   -26.13088     0.00000
   -26.11788     0.00000
   -26.10588     0.00000
   -26.09288     0.00000
   -26.08088     0.00000
   -26.06788     0.00000
   -26.05488     0.00000
   -26.04288     0.00000
   -26.02988     0.00000
   -26.01788     0.00000
   -26.00488     0.00000
   -25.99288     0.00000
   -25.97988     0.00000
   -25.96688     0.00000
   -25.95488     0.00000
   -25.94188     0.00000
   -25.92988     0.00000
   -25.91688     0.00000
   -25.90488     0.00000
   -25.89188     0.00000
   -25.87888     0.00000
   -25.86688     0.00000
   -25.85388     0.00000
   -25.84188     0.00000
   -25.82888     0.00000
   -25.81688     0.00000
   -25.80388     0.00000
   -25.79088     0.00000
   -25.77888     0.00000
   -25.76588     0.00000
   -25.75388     0.00000
   -25.74088     0.00000
   -25.72888     0.00000
   -25.71588     0.00000
   -25.70288     0.00000
   -25.69088     0.00000
   -25.67788     0.00000
   -25.66588     0.00000
   -25.65288     0.00000
   -25.64088     0.00000
   -25.62788     0.00000
   -25.61488     0.00000
   -25.60288     0.00000
   -25.58988     0.00000
   -25.57788     0.00000
   -25.56488     0.00000
   -25.55288     0.00000
   -25.53988     0.00000
   -25.52688     0.00000
   -25.51488     0.00000
   -25.50188     0.00000
   -25.48988     0.00000
   -25.47688     0.00000
   -25.46488     0.00000
   -25.45188     0.00000
   -25.43988     0.00000
   -25.42688     0.00000
   -25.41388     0.00000
   -25.40188     0.00000
   -25.38888     0.00000
   -25.37688     0.00000
   -25.36388     0.00000
   -25.35188     0.00000
   -25.33888     0.00000
   -25.32588     0.00000
   -25.31388     0.00000
   -25.30088     0.00000
   -25.28888     0.00000
   -25.27588     0.00000
   -25.26388     0.00000
   -25.25088     0.00000
   -25.23788     0.00000
   -25.22588     0.00000
   -25.21288     0.00000
   -25.20088     0.00000
   -25.18788     0.00000
   -25.17588     0.00000
   -25.16288     0.00000
   -25.14988     0.00000
   -25.13788     0.00000
   -25.12488     0.00000
   -25.11288     0.00000
   -25.09988     0.00000
   -25.08788     0.00000
   -25.07488     0.00000
   -25.06188     0.00000
   -25.04988     0.00000
   -25.03688     0.00000
   -25.02488     0.00000
   -25.01188     0.00000
   -24.99988     0.00000
   -24.98688     0.00000
   -24.97388     0.00000
   -24.96188     0.00000
   -24.94888     0.00000
   -24.93688     0.00000
   -24.92388     0.00000
   -24.91188     0.00000
   -24.89888     0.00000
   -24.88588     0.00000
   -24.87388     0.00000
   -24.86088     0.00000
   -24.84888     0.00000
   -24.83588     0.00000
   -24.82388     0.00000
   -24.81088     0.00000
   -24.79788     0.00000
   -24.78588     0.00000
   -24.77288     0.00000
   -24.76088     0.00000
   -24.74788     0.00000
   -24.73588     0.00000
   -24.72288     0.00000
   -24.71088     0.00000
   -24.69788     0.00000
   -24.68488     0.00000
   -24.67288     0.00000
   -24.65988     0.00000
   -24.64788     0.00000
   -24.63488     0.00000
   -24.62288     0.00000
   -24.60988     0.00000
   -24.59688     0.00000
   -24.58488     0.00000
   -24.57188     0.00000
   -24.55988     0.00000
   -24.54688     0.00000
   -24.53488     0.00000
   -24.52188     0.00000
   -24.50888     0.00000
   -24.49688     0.00000
   -24.48388     0.00000
   -24.47188     0.00000
   -24.45888     0.00000
   -24.44688     0.00000
   -24.43388     0.00000
   -24.42088     0.00000
   -24.40888     0.00000
   -24.39588     0.00000
   -24.38388     0.00000
   -24.37088     0.00000
   -24.35888     0.00000
   -24.34588     0.00000
   -24.33288     0.00000
   -24.32088     0.00000
   -24.30788     0.00000
   -24.29588     0.00000
   -24.28288     0.00000
   -24.27088     0.00000
   -24.25788     0.00000
   -24.24488     0.00000
   -24.23288     0.00000
   -24.21988     0.00000
   -24.20788     0.00000
   -24.19488     0.00000
   -24.18288     0.00000
   -24.16988     0.00000
   -24.15688     0.00000
   -24.14488     0.00000
   -24.13188     0.00000
   -24.11988     0.00000
   -24.10688     0.00000
   -24.09488     0.00000
   -24.08188     0.00000
   -24.06988     0.00000
   -24.05688     0.00000
   -24.04388     0.00000
   -24.03188     0.00000
   -24.01888     0.00000
   -24.00688     0.00000
   -23.99388     0.00000
   -23.98188     0.00000
   -23.96888     0.00000
   -23.95588     0.00000
   -23.94388     0.00000
   -23.93088     0.00000
   -23.91888     0.00000
   -23.90588     0.00000
   -23.89388     0.00000
   -23.88088     0.00000
   -23.86788     0.00000
   -23.85588     0.00000
   -23.84288     0.00000
   -23.83088     0.00000
   -23.81788     0.00000
   -23.80588     0.00000
   -23.79288     0.00000
   -23.77988     0.00000
   -23.76788     0.00000
   -23.75488     0.00000
   -23.74288     0.00000
   -23.72988     0.00000
   -23.71788     0.00000
   -23.70488     0.00000
   -23.69188     0.00000
   -23.67988     0.00000
   -23.66688     0.00000
   -23.65488     0.00000
   -23.64188     0.00000
   -23.62988     0.00000
   -23.61688     0.00000
   -23.60388     0.00000
   -23.59188     0.00000
   -23.57888     0.00000
   -23.56688     0.00000
   -23.55388     0.00000
   -23.54188     0.00000
   -23.52888     0.00000
   -23.51588     0.00000
   -23.50388     0.00000
   -23.49088     0.00000
   -23.47888     0.00000
   -23.46588     0.00000
   -23.45388     0.00000
   -23.44088     0.00000
   -23.42788     0.00000
   -23.41588     0.00000
   -23.40288     0.00000
   -23.39088     0.00000
   -23.37788     0.00000
   -23.36588     0.00000
   -23.35288     0.00000
   -23.34088     0.00000
   -23.32788     0.00000
   -23.31488     0.00000
   -23.30288     0.00000
   -23.28988     0.00000
   -23.27788     0.00000
   -23.26488     0.00000
   -23.25288     0.00000
   -23.23988     0.00000
   -23.22688     0.00000
   -23.21488     0.00000
   -23.20188     0.00000
   -23.18988     0.00000
   -23.17688     0.00000
   -23.16488     0.00000
   -23.15188     0.00000
   -23.13888     0.00000
   -23.12688     0.00000
   -23.11388     0.00000
   -23.10188     0.00000
   -23.08888     0.00000
   -23.07688     0.00000
   -23.06388     0.00000
   -23.05088     0.00000
   -23.03888     0.00000
   -23.02588     0.00000
   -23.01388     0.00000
   -23.00088     0.00000
   -22.98888     0.00000
   -22.97588     0.00000
   -22.96288     0.00000
   -22.95088     0.00000
   -22.93788     0.00000
   -22.92588     0.00000
   -22.91288     0.00000
   -22.90088     0.00000
   -22.88788     0.00000
   -22.87488     0.00000
   -22.86288     0.00000
   -22.84988     0.00000
   -22.83788     0.00000
   -22.82488     0.00000
   -22.81288     0.00000
   -22.79988     0.00000
   -22.78688     0.00000
   -22.77488     0.00000
   -22.76188     0.00000
   -22.74988     0.00000
   -22.73688     0.00000
   -22.72488     0.00000
   -22.71188     0.00000
   -22.69888     0.00000
   -22.68688     0.00000
   -22.67388     0.00000
   -22.66188     0.00000
   -22.64888     0.00000
   -22.63688     0.00000
   -22.62388     0.00000
   -22.61188     0.00000
   -22.59888     0.00000
   -22.58588     0.00000
   -22.57388     0.00000
   -22.56088     0.00000
   -22.54888     0.00000
   -22.53588     0.00000
   -22.52388     0.00000
   -22.51088     0.00000
   -22.49788     0.00000
   -22.48588     0.00000
   -22.47288     0.00000
   -22.46088     0.00000
   -22.44788     0.00000
   -22.43588     0.00000
   -22.42288     0.00000
   -22.40988     0.00000
   -22.39788     0.00000
   -22.38488     0.00000
   -22.37288     0.00000
   -22.35988     0.00000
   -22.34788     0.00000
   -22.33488     0.00000
   -22.32188     0.00000
   -22.30988     0.00000
   -22.29688     0.00000
   -22.28488     0.00000
   -22.27188     0.00000
   -22.25988     0.00000
   -22.24688     0.00000
   -22.23388     0.00000
   -22.22188     0.00000
   -22.20888     0.00000
   -22.19688     0.00000
   -22.18388     0.00000
   -22.17188     0.00000
   -22.15888     0.00000
   -22.14588     0.00000
   -22.13388     0.00000
   -22.12088     0.00000
   -22.10888     0.00000
   -22.09588     0.00000
   -22.08388     0.00000
   -22.07088     0.00000
   -22.05788     0.00000
   -22.04588     0.00000
   -22.03288     0.00000
   -22.02088     0.00000
   -22.00788     0.00000
   -21.99588     0.00000
   -21.98288     0.00000
   -21.96988     0.00000
   -21.95788     0.00000
   -21.94488     0.00000
   -21.93288     0.00000
   -21.91988     0.00000
   -21.90788     0.00000
   -21.89488     0.00000
   -21.88288     0.00000
   -21.86988     0.00000
   -21.85688     0.00000
   -21.84488     0.00000
   -21.83188     0.00000
   -21.81988     0.00000
   -21.80688     0.00000
   -21.79488     0.00000
   -21.78188     0.00000
   -21.76888     0.00000
   -21.75688     0.00000
   -21.74388     0.00000
   -21.73188     0.00000
   -21.71888     0.00000
   -21.70688     0.00000
   -21.69388     0.00000
   -21.68088     0.00000
   -21.66888     0.00000
   -21.65588     0.00000
   -21.64388     0.00000
   -21.63088     0.00000
   -21.61888     0.00000
   -21.60588     0.00000
   -21.59288     0.00000
   -21.58088     0.00000
   -21.56788     0.00000
   -21.55588     0.00000
   -21.54288     0.00000
   -21.53088     0.00000
   -21.51788     0.00000
   -21.50488     0.00000
   -21.49288     0.00000
   -21.47988     0.00000
   -21.46788     0.00000
   -21.45488     0.00000
   -21.44288     0.00000
   -21.42988     0.00000
   -21.41688     0.00000
   -21.40488     0.00000
   -21.39188     0.00000
   -21.37988     0.00000
   -21.36688     0.00000
   -21.35488     0.00000
   -21.34188     0.00000
   -21.32888     0.00000
   -21.31688     0.00000
   -21.30388     0.00000
   -21.29188     0.00000
   -21.27888     0.00000
   -21.26688     0.00000
   -21.25388     0.00000
   -21.24188     0.00000
   -21.22888     0.00000
   -21.21588     0.00000
   -21.20388     0.00000
   -21.19088     0.00000
   -21.17888     0.00000
   -21.16588     0.00000
   -21.15388     0.00000
   -21.14088     0.00000
   -21.12788     0.00000
   -21.11588     0.00000
   -21.10288     0.00000
   -21.09088     0.00000
   -21.07788     0.00000
   -21.06588     0.00000
   -21.05288     0.00000
   -21.03988     0.00000
   -21.02788     0.00000
   -21.01488     0.00000
   -21.00288     0.00000
   -20.98988     0.00000
   -20.97788     0.00000
   -20.96488     0.00000
   -20.95188     0.00000
   -20.93988     0.00000
   -20.92688     0.00000
   -20.91488     0.00000
   -20.90188     0.00000
   -20.88988     0.00000
   -20.87688     0.00000
   -20.86388     0.00000
   -20.85188     0.00000
   -20.83888     0.00000
   -20.82688     0.00000
   -20.81388     0.00000
   -20.80188     0.00000
   -20.78888     0.00000
   -20.77588     0.00000
   -20.76388     0.00000
   -20.75088     0.00000
   -20.73888     0.00000
   -20.72588     0.00000
   -20.71388     0.00000
   -20.70088     0.00000
   -20.68788     0.00000
   -20.67588     0.00000
   -20.66288     0.00000
   -20.65088     0.00000
   -20.63788     0.00000
   -20.62588     0.00000
   -20.61288     0.00000
   -20.59988     0.00000
   -20.58788     0.00000
   -20.57488     0.00000
   -20.56288     0.00000
   -20.54988     0.00000
   -20.53788     0.00000
   -20.52488     0.00000
   -20.51288     0.00000
   -20.49988     0.00000
   -20.48688     0.00000
   -20.47488     0.00000
   -20.46188     0.00000
   -20.44988     0.00000
   -20.43688     0.00000
   -20.42488     0.00000
   -20.41188     0.00000
   -20.39888     0.00000
   -20.38688     0.00000
   -20.37388     0.00000
   -20.36188     0.00000
   -20.34888     0.00000
   -20.33688     0.00000
   -20.32388     0.00000
   -20.31088     0.00000
   -20.29888     0.00000
   -20.28588     0.00000
   -20.27388     0.00000
   -20.26088     0.00000
   -20.24888     0.00000
   -20.23588     0.00000
   -20.22288     0.00000
   -20.21088     0.00000
   -20.19788     0.00000
   -20.18588     0.00000
   -20.17288     0.00000
   -20.16088     0.00000
   -20.14788     0.00000
   -20.13488     0.00000
   -20.12288     0.00000
   -20.10988     0.00000
   -20.09788     0.00000
   -20.08488     0.00000
   -20.07288     0.00000
   -20.05988     0.00000
   -20.04688     0.00000
   -20.03488     0.00000
   -20.02188     0.00000
   -20.00988     0.00000
   -19.99688     0.00000
   -19.98488     0.00000
   -19.97188     0.00000
   -19.95888     0.00000
   -19.94688     0.00000
   -19.93388     0.00000
   -19.92188     0.00000
   -19.90888     0.00000
   -19.89688     0.00000
   -19.88388     0.00000
   -19.87088     0.00000
   -19.85888     0.00000
   -19.84588     0.00000
   -19.83388     0.00000
   -19.82088     0.00000
   -19.80888     0.00000
   -19.79588     0.00000
   -19.78388     0.00000
   -19.77088     0.00000
   -19.75788     0.00000
   -19.74588     0.00000
   -19.73288     0.00000
   -19.72088     0.00000
   -19.70788     0.00000
   -19.69588     0.00000
   -19.68288     0.00000
   -19.66988     0.00000
   -19.65788     0.00000
   -19.64488     0.00000
   -19.63288     0.00000
   -19.61988     0.00000
   -19.60788     0.00000
   -19.59488     0.00000
   -19.58188     0.00000
   -19.56988     0.00000
   -19.55688     0.00000
   -19.54488     0.00000
   -19.53188     0.00000
   -19.51988     0.00000
   -19.50688     0.00000
   -19.49388     0.00000
   -19.48188     0.00000
   -19.46888     0.00000
   -19.45688     0.00000
   -19.44388     0.00000
   -19.43188     0.00000
   -19.41888     0.00000
   -19.40588     0.00000
   -19.39388     0.00000
   -19.38088     0.00000
   -19.36888     0.00000
   -19.35588     0.00000
   -19.34388     0.00000
   -19.33088     0.00000
   -19.31788     0.00000
   -19.30588     0.00000
   -19.29288     0.00000
   -19.28088     0.00000
   -19.26788     0.00000
   -19.25588     0.00000
   -19.24288     0.00000
   -19.22988     0.00000
   -19.21788     0.00000
   -19.20488     0.00000
   -19.19288     0.00000
   -19.17988     0.00000
   -19.16788     0.00000
   -19.15488     0.00000
   -19.14288     0.00000
   -19.12988     0.00000
   -19.11688     0.00000
   -19.10488     0.00000
   -19.09188     0.00000
   -19.07988     0.00000
   -19.06688     0.00000
   -19.05488     0.00000
   -19.04188     0.00000
   -19.02888     0.00000
   -19.01688     0.00000
   -19.00388     0.00000
   -18.99188     0.00000
   -18.97888     0.00000
   -18.96688     0.00000
   -18.95388     0.00000
   -18.94088     0.00000
   -18.92888     0.00000
   -18.91588     0.00000
   -18.90388     0.00000
   -18.89088     0.00000
   -18.87888     0.00000
   -18.86588     0.00000
   -18.85288     0.00000
   -18.84088     0.00000
   -18.82788     0.00000
   -18.81588     0.00000
   -18.80288     0.00000
   -18.79088     0.00000
   -18.77788     0.00000
   -18.76488     0.00000
   -18.75288     0.00000
   -18.73988     0.00000
   -18.72788     0.00000
   -18.71488     0.00000
   -18.70288     0.00000
   -18.68988     0.00000
   -18.67688     0.00000
   -18.66488     0.00000
   -18.65188     0.00000
   -18.63988     0.00000
   -18.62688     0.00000
   -18.61488     0.00000
   -18.60188     0.00000
   -18.58888     0.00000
   -18.57688     0.00000
   -18.56388     0.00000
   -18.55188     0.00000
   -18.53888     0.00000
   -18.52688     0.00000
   -18.51388     0.00000
   -18.50088     0.00000
   -18.48888     0.00000
   -18.47588     0.00000
   -18.46388     0.00000
   -18.45088     0.00000
   -18.43888     0.00000
   -18.42588     0.00000
   -18.41388     0.00000
   -18.40088     0.00000
   -18.38788     0.00000
   -18.37588     0.00000
   -18.36288     0.00000
   -18.35088     0.00000
   -18.33788     0.00000
   -18.32588     0.00000
   -18.31288     0.00000
   -18.29988     0.00000
   -18.28788     0.00000
   -18.27488     0.00000
   -18.26288     0.00000
   -18.24988     0.00000
   -18.23788     0.00000
   -18.22488     0.00000
   -18.21188     0.00000
   -18.19988     0.00000
   -18.18688     0.00000
   -18.17488     0.00000
   -18.16188     0.00000
   -18.14988     0.00000
   -18.13688     0.00000
   -18.12388     0.00000
   -18.11188     0.00000
   -18.09888     0.00000
   -18.08688     0.00000
   -18.07388     0.00000
   -18.06188     0.00000
   -18.04888     0.00000
   -18.03588     0.00000
   -18.02388     0.00000
   -18.01088     0.00000
   -17.99888     0.00000
   -17.98588     0.00000
   -17.97388     0.00000
   -17.96088     0.00000
   -17.94788     0.00000
   -17.93588     0.00000
   -17.92288     0.00000
   -17.91088     0.00000
   -17.89788     0.00000
   -17.88588     0.00000
   -17.87288     0.00000
   -17.85988     0.00000
   -17.84788     0.00000
   -17.83488     0.00000
   -17.82288     0.00000
   -17.80988     0.00000
   -17.79788     0.00000
   -17.78488     0.00000
   -17.77188     0.00000
   -17.75988     0.00000
   -17.74688     0.00000
   -17.73488     0.00000
   -17.72188     0.00000
   -17.70988     0.00000
   -17.69688     0.00000
   -17.68488     0.00000
   -17.67188     0.00000
   -17.65888     0.00000
   -17.64688     0.00000
   -17.63388     0.00000
   -17.62188     0.00000
   -17.60888     0.00000
   -17.59688     0.00000
   -17.58388     0.00000
   -17.57088     0.00000
   -17.55888     0.00000
   -17.54588     0.00000
   -17.53388     0.00000
   -17.52088     0.00000
   -17.50888     0.00000
   -17.49588     0.00000
   -17.48288     0.00000
   -17.47088     0.00000
   -17.45788     0.00000
   -17.44588     0.00000
   -17.43288     0.00000
   -17.42088     0.00000
   -17.40788     0.00000
   -17.39488     0.00000
   -17.38288     0.00000
   -17.36988     0.00000
   -17.35788     0.00000
   -17.34488     0.00000
   -17.33288     0.00000
   -17.31988     0.00000
   -17.30688     0.00000
   -17.29488     0.00000
   -17.28188     0.00000
   -17.26988     0.00000
   -17.25688     0.00000
   -17.24488     0.00000
   -17.23188     0.00000
   -17.21888     0.00000
   -17.20688     0.00000
   -17.19388     0.00000
   -17.18188     0.00000
   -17.16888     0.00000
   -17.15688     0.00000
   -17.14388     0.00000
   -17.13088     0.00000
   -17.11888     0.00000
   -17.10588     0.00000
   -17.09388     0.00000
   -17.08088     0.00000
   -17.06888     0.00000
   -17.05588     0.00000
   -17.04388     0.00000
   -17.03088     0.00000
   -17.01788     0.00000
   -17.00588     0.00000
   -16.99288     0.00000
   -16.98088     0.00000
   -16.96788     0.00000
   -16.95588     0.00000
   -16.94288     0.00000
   -16.92988     0.00000
   -16.91788     0.00000
   -16.90488     0.00000
   -16.89288     0.00000
   -16.87988     0.00000
   -16.86788     0.00000
   -16.85488     0.00000
   -16.84188     0.00000
   -16.82988     0.00000
   -16.81688     0.00000
   -16.80488     0.00000
   -16.79188     0.00000
   -16.77988     0.00000
   -16.76688     0.00000
   -16.75388     0.00000
   -16.74188     0.00000
   -16.72888     0.00000
   -16.71688     0.00000
   -16.70388     0.00000
   -16.69188     0.00000
   -16.67888     0.00000
   -16.66588     0.00000
   -16.65388     0.00000
   -16.64088     0.00000
   -16.62888     0.00000
   -16.61588     0.00000
   -16.60388     0.00000
   -16.59088     0.00000
   -16.57788     0.00000
   -16.56588     0.00000
   -16.55288     0.00000
   -16.54088     0.00000
   -16.52788     0.00000
   -16.51588     0.00000
   -16.50288     0.00000
   -16.48988     0.00000
   -16.47788     0.00000
   -16.46488     0.00000
   -16.45288     0.00000
   -16.43988     0.00000
   -16.42788     0.00000
   -16.41488     0.00000
   -16.40188     0.00000
   -16.38988     0.00000
   -16.37688     0.00000
   -16.36488     0.00000
   -16.35188     0.00000
   -16.33988     0.00000
   -16.32688     0.00000
   -16.31488     0.00000
   -16.30188     0.00000
   -16.28888     0.00000
   -16.27688     0.00000
   -16.26388     0.00000
   -16.25188     0.00000
   -16.23888     0.00000
   -16.22688     0.00000
   -16.21388     0.00000
   -16.20088     0.00000
   -16.18888     0.00000
   -16.17588     0.00000
   -16.16388     0.00000
   -16.15088     0.00000
   -16.13888     0.00000
   -16.12588     0.00000
   -16.11288     0.00000
   -16.10088     0.00000
   -16.08788     0.00000
   -16.07588     0.00000
   -16.06288     0.00000
   -16.05088     0.00000
   -16.03788     0.00000
   -16.02488     0.00000
   -16.01288     0.00000
   -15.99988     0.00000
   -15.98788     0.00000
   -15.97488     0.00000
   -15.96288     0.00000
   -15.94988     0.00000
   -15.93688     0.00000
   -15.92488     0.00000
   -15.91188     0.00000
   -15.89988     0.00000
   -15.88688     0.00000
   -15.87488     0.00000
   -15.86188     0.00000
   -15.84888     0.00000
   -15.83688     0.00000
   -15.82388     0.00000
   -15.81188     0.00000
   -15.79888     0.00000
   -15.78688     0.00000
   -15.77388     0.00000
   -15.76088     0.00000
   -15.74888     0.00000
   -15.73588     0.00000
   -15.72388     0.00000
   -15.71088     0.00000
   -15.69888     0.00000
   -15.68588     0.00000
   -15.67288     0.00000
   -15.66088     0.00000
   -15.64788     0.00000
   -15.63588     0.00000
   -15.62288     0.00000
   -15.61088     0.00000
   -15.59788     0.00000
   -15.58588     0.00000
   -15.57288     0.00000
   -15.55988     0.00000
   -15.54788     0.00000
   -15.53488     0.00000
   -15.52288     0.00000
   -15.50988     0.00000
   -15.49788     0.00000
   -15.48488     0.00000
   -15.47188     0.00000
   -15.45988     0.00000
   -15.44688     0.00000
   -15.43488     0.00000
   -15.42188     0.00000
   -15.40988     0.00000
   -15.39688     0.00000
   -15.38388     0.00000
   -15.37188     0.00000
   -15.35888     0.00000
   -15.34688     0.00000
   -15.33388     0.00000
   -15.32188     0.00000
   -15.30888     0.00000
   -15.29588     0.00000
   -15.28388     0.00000
   -15.27088     0.00000
   -15.25888     0.00000
   -15.24588     0.00000
   -15.23388     0.00000
   -15.22088     0.00000
   -15.20788     0.00000
   -15.19588     0.00000
   -15.18288     0.00000
   -15.17088     0.00000
   -15.15788     0.00000
   -15.14588     0.00000
   -15.13288     0.00000
   -15.11988     0.00000
   -15.10788     0.00000
   -15.09488     0.00000
   -15.08288     0.00000
   -15.06988     0.00000
   -15.05788     0.00000
   -15.04488     0.00000
   -15.03188     0.00000
   -15.01988     0.00000
   -15.00688     0.00000
   -14.99488     0.00000
   -14.98188     0.00000
   -14.96988     0.00000
   -14.95688     0.00000
   -14.94488     0.00000
   -14.93188     0.00000
   -14.91888     0.00000
   -14.90688     0.00000
   -14.89388     0.00000
   -14.88188     0.00000
   -14.86888     0.00000
   -14.85688     0.00000
   -14.84388     0.00000
   -14.83088     0.00000
   -14.81888     0.00000
   -14.80588     0.00000
   -14.79388     0.00000
   -14.78088     0.00000
   -14.76888     0.00000
   -14.75588     0.00000
   -14.74288     0.00000
   -14.73088     0.00000
   -14.71788     0.00000
   -14.70588     0.00000
   -14.69288     0.00000
   -14.68088     0.00000
   -14.66788     0.00000
   -14.65488     0.00000
   -14.64288     0.00000
   -14.62988     0.00000
   -14.61788     0.00000
   -14.60488     0.00000
   -14.59288     0.00000
   -14.57988     0.00000
   -14.56688     0.00000
   -14.55488     0.00000
   -14.54188     0.00000
   -14.52988     0.00000
   -14.51688     0.00000
   -14.50488     0.00000
   -14.49188     0.00000
   -14.47888     0.00000
   -14.46688     0.00000
   -14.45388     0.00000
   -14.44188     0.00000
   -14.42888     0.00000
   -14.41688     0.00000
   -14.40388     0.00000
   -14.39088     0.00000
   -14.37888     0.00000
   -14.36588     0.00000
   -14.35388     0.00000
   -14.34088     0.00000
   -14.32888     0.00000
   -14.31588     0.00000
   -14.30288     0.00000
   -14.29088     0.00000
   -14.27788     0.00000
   -14.26588     0.00000
   -14.25288     0.00000
   -14.24088     0.00000
   -14.22788     0.00000
   -14.21588     0.00000
   -14.20288     0.00000
   -14.18988     0.00000
   -14.17788     0.00000
   -14.16488     0.00000
   -14.15288     0.00000
   -14.13988     0.00000
   -14.12788     0.00000
   -14.11488     0.00000
   -14.10188     0.00000
   -14.08988     0.00000
   -14.07688     0.00000
   -14.06488     0.00000
   -14.05188     0.00000
   -14.03988     0.00000
   -14.02688     0.00000
   -14.01388     0.00000
   -14.00188     0.00000
   -13.98888     0.00000
   -13.97688     0.00000
   -13.96388     0.00000
   -13.95188     0.00000
   -13.93888     0.00000
   -13.92588     0.00000
   -13.91388     0.00000
   -13.90088     0.00002
   -13.88888     0.00008
   -13.87588     0.00029
   -13.86388     0.00100
   -13.85088     0.00302
   -13.83788     0.00804
   -13.82588     0.01886
   -13.81288     0.03905
   -13.80088     0.07135
   -13.78788     0.11506
   -13.77588     0.16372
   -13.76288     0.20563
   -13.74988     0.22812
   -13.73788     0.22412
   -13.72488     0.19696
   -13.71288     0.16055
   -13.69988     0.13547
   -13.68788     0.14385
   -13.67488     0.20437
   -13.66188     0.32582
   -13.64988     0.49911
   -13.63688     0.69129
   -13.62488     0.85065
   -13.61188     0.92547
   -13.59988     0.89013
   -13.58688     0.75881
   -13.57388     0.57950
   -13.56188     0.41303
   -13.54888     0.30961
   -13.53688     0.29769
   -13.52388     0.38068
   -13.51188     0.53695
   -13.49888     0.72096
   -13.48688     0.87253
   -13.47388     0.93693
   -13.46088     0.88935
   -13.44888     0.74503
   -13.43588     0.55091
   -13.42388     0.35969
   -13.41088     0.20812
   -13.39888     0.10921
   -13.38588     0.05928
   -13.37288     0.05057
   -13.36088     0.08067
   -13.34788     0.15432
   -13.33588     0.27726
   -13.32288     0.44505
   -13.31088     0.63402
   -13.29788     0.80284
   -13.28488     0.90971
   -13.27288     0.93616
   -13.25988     0.90376
   -13.24788     0.86977
   -13.23488     0.90378
   -13.22288     1.06020
   -13.20988     1.35885
   -13.19688     1.77593
   -13.18488     2.24285
   -13.17188     2.65564
   -13.15988     2.90472
   -13.14688     2.92018
   -13.13488     2.71204
   -13.12188     2.38039
   -13.10888     2.07490
   -13.09688     1.92874
   -13.08388     1.99830
   -13.07188     2.24351
   -13.05888     2.54769
   -13.04688     2.76614
   -13.03388     2.78364
   -13.02088     2.56003
   -13.00888     2.14255
   -12.99588     1.64062
   -12.98388     1.17600
   -12.97088     0.83198
   -12.95888     0.63208
   -12.94588     0.54550
   -12.93288     0.51454
   -12.92088     0.48518
   -12.90788     0.42849
   -12.89588     0.34599
   -12.88288     0.26096
   -12.87088     0.20480
   -12.85788     0.20712
   -12.84588     0.29110
   -12.83288     0.47055
   -12.81988     0.74411
   -12.80788     1.08917
   -12.79488     1.46087
   -12.78288     1.79941
   -12.76988     2.04634
   -12.75788     2.15602
   -12.74488     2.11116
   -12.73188     1.93243
   -12.71988     1.67997
   -12.70688     1.44507
   -12.69488     1.32355
   -12.68188     1.37701
   -12.66988     1.59845
   -12.65688     1.90463
   -12.64388     2.17165
   -12.63188     2.29426
   -12.61888     2.24116
   -12.60688     2.06301
   -12.59388     1.85120
   -12.58188     1.68039
   -12.56888     1.57474
   -12.55588     1.51195
   -12.54388     1.45761
   -12.53088     1.39491
   -12.51888     1.33768
   -12.50588     1.32352
   -12.49388     1.39651
   -12.48088     1.58589
   -12.46788     1.89415
   -12.45588     2.29169
   -12.44288     2.72677
   -12.43088     3.13835
   -12.41788     3.46708
   -12.40588     3.66356
   -12.39288     3.69335
   -12.37988     3.54510
   -12.36788     3.23848
   -12.35488     2.81775
   -12.34288     2.33469
   -12.32988     1.83622
   -12.31788     1.36187
   -12.30488     0.94375
   -12.29188     0.60989
   -12.27988     0.37840
   -12.26688     0.25454
   -12.25488     0.23284
   -12.24188     0.30230
   -12.22988     0.44829
   -12.21688     0.64956
   -12.20388     0.87355
   -12.19188     1.07886
   -12.17888     1.22776
   -12.16688     1.30533
   -12.15388     1.33399
   -12.14188     1.37031
   -12.12888     1.48379
   -12.11688     1.73398
   -12.10388     2.15487
   -12.09088     2.74676
   -12.07888     3.47170
   -12.06588     4.24240
   -12.05388     4.92256
   -12.04088     5.35881
   -12.02888     5.43305
   -12.01588     5.11769
   -12.00288     4.49455
   -11.99088     3.71895
   -11.97788     2.95648
   -11.96588     2.32999
   -11.95288     1.90641
   -11.94088     1.70475
   -11.92788     1.70260
   -11.91488     1.83345
   -11.90288     1.99077
   -11.88988     2.06292
   -11.87788     1.98379
   -11.86488     1.76949
   -11.85288     1.50440
   -11.83988     1.29111
   -11.82688     1.19951
   -11.81488     1.24331
   -11.80188     1.38914
   -11.78988     1.58316
   -11.77688     1.77454
   -11.76488     1.93133
   -11.75188     2.04529
   -11.73888     2.12349
   -11.72688     2.17395
   -11.71388     2.19313
   -11.70188     2.16763
   -11.68888     2.09214
   -11.67688     1.98854
   -11.66388     1.91014
   -11.65088     1.92435
   -11.63888     2.08235
   -11.62588     2.38452
   -11.61388     2.76606
   -11.60088     3.11260
   -11.58888     3.31359
   -11.57588     3.32510
   -11.56288     3.21446
   -11.55088     3.13854
   -11.53788     3.26135
   -11.52588     3.66620
   -11.51288     4.30882
   -11.50088     5.03652
   -11.48788     5.65168
   -11.47488     5.98072
   -11.46288     5.92549
   -11.44988     5.49520
   -11.43788     4.80484
   -11.42488     4.04204
   -11.41288     3.40401
   -11.39988     3.02625
   -11.38788     2.93995
   -11.37488     3.07636
   -11.36188     3.31421
   -11.34988     3.54029
   -11.33688     3.68828
   -11.32488     3.73916
   -11.31188     3.69147
   -11.29988     3.54019
   -11.28688     3.28019
   -11.27388     2.93113
   -11.26188     2.56123
   -11.24888     2.27713
   -11.23688     2.19370
   -11.22388     2.38548
   -11.21188     2.85562
   -11.19888     3.52515
   -11.18588     4.24941
   -11.17388     4.85641
   -11.16088     5.19416
   -11.14888     5.17830
   -11.13588     4.82497
   -11.12388     4.24749
   -11.11088     3.61832
   -11.09788     3.10119
   -11.08588     2.79867
   -11.07288     2.72934
   -11.06088     2.84334
   -11.04788     3.04645
   -11.03588     3.23559
   -11.02288     3.33381
   -11.00988     3.32605
   -10.99788     3.27285
   -10.98488     3.28172
   -10.97288     3.44373
   -10.95988     3.77602
   -10.94788     4.20653
   -10.93488     4.60790
   -10.92188     4.85548
   -10.90988     4.87164
   -10.89688     4.64179
   -10.88488     4.20848
   -10.87188     3.65493
   -10.85988     3.08457
   -10.84688     2.59067
   -10.83388     2.22570
   -10.82188     1.99058
   -10.80888     1.85933
   -10.79688     1.81765
   -10.78388     1.89425
   -10.77188     2.14454
   -10.75888     2.59793
   -10.74688     3.20914
   -10.73388     3.85383
   -10.72088     4.37844
   -10.70888     4.67016
   -10.69588     4.69200
   -10.68388     4.47233
   -10.67088     4.06256
   -10.65888     3.51338
   -10.64588     2.88258
   -10.63288     2.25319
   -10.62088     1.73374
   -10.60788     1.42703
   -10.59588     1.38741
   -10.58288     1.59287
   -10.57088     1.95152
   -10.55788     2.34654
   -10.54488     2.69292
   -10.53288     2.97220
   -10.51988     3.21717
   -10.50788     3.45784
   -10.49488     3.67389
   -10.48288     3.80194
   -10.46988     3.78852
   -10.45688     3.64259
   -10.44488     3.43423
   -10.43188     3.25008
   -10.41988     3.14112
   -10.40688     3.10219
   -10.39488     3.09331
   -10.38188     3.07474
   -10.36888     3.03962
   -10.35688     3.01922
   -10.34388     3.06396
   -10.33188     3.20831
   -10.31888     3.43937
   -10.30688     3.69977
   -10.29388     3.91591
   -10.28088     4.03755
   -10.26888     4.05909
   -10.25588     4.01458
   -10.24388     3.95541
   -10.23088     3.92462
   -10.21888     3.93770
   -10.20588     3.97664
   -10.19288     3.99685
   -10.18088     3.95537
   -10.16788     3.84954
   -10.15588     3.74231
   -10.14288     3.73895
   -10.13088     3.92440
   -10.11788     4.29680
   -10.10488     4.75348
   -10.09288     5.14113
   -10.07988     5.33390
   -10.06788     5.27727
   -10.05488     4.98540
   -10.04288     4.51180
   -10.02988     3.93754
   -10.01788     3.37089
   -10.00488     2.93340
    -9.99188     2.72791
    -9.97988     2.80118
    -9.96688     3.12091
    -9.95488     3.57966
    -9.94188     4.01597
    -9.92988     4.25252
    -9.91688     4.15910
    -9.90388     3.70762
    -9.89188     2.99378
    -9.87888     2.20380
    -9.86688     1.54438
    -9.85388     1.18254
    -9.84188     1.22200
    -9.82888     1.69553
    -9.81588     2.55182
    -9.80388     3.63324
    -9.79088     4.68219
    -9.77888     5.40610
    -9.76588     5.58992
    -9.75388     5.19128
    -9.74088     4.35512
    -9.72788     3.34240
    -9.71588     2.42438
    -9.70288     1.80062
    -9.69088     1.56531
    -9.67788     1.71430
    -9.66588     2.16291
    -9.65288     2.77196
    -9.63988     3.37303
    -9.62788     3.80391
    -9.61488     3.94390
    -9.60288     3.74425
    -9.58988     3.24685
    -9.57788     2.57559
    -9.56488     1.89193
    -9.55188     1.34143
    -9.53988     1.00426
    -9.52688     0.88247
    -9.51488     0.91343
    -9.50188     1.00549
    -9.48988     1.08127
    -9.47688     1.11498
    -9.46388     1.14828
    -9.45188     1.27260
    -9.43888     1.57675
    -9.42688     2.08325
    -9.41388     2.70638
    -9.40188     3.26665
    -9.38888     3.56388
    -9.37588     3.47449
    -9.36388     3.01417
    -9.35088     2.32260
    -9.33888     1.58889
    -9.32588     0.96441
    -9.31388     0.51943
    -9.30088     0.24812
    -9.28888     0.10518
    -9.27588     0.03991
    -9.26288     0.01482
    -9.25088     0.00946
    -9.23788     0.01733
    -9.22588     0.04224
    -9.21288     0.09544
    -9.20088     0.19121
    -9.18788     0.33818
    -9.17488     0.52787
    -9.16288     0.72691
    -9.14988     0.88351
    -9.13788     0.94741
    -9.12488     0.89658
    -9.11288     0.74881
    -9.09988     0.55167
    -9.08688     0.35885
    -9.07488     0.20591
    -9.06188     0.10427
    -9.04988     0.04660
    -9.03688     0.01838
    -9.02488     0.00643
    -9.01188     0.00210
    -8.99888     0.00102
    -8.98688     0.00171
    -8.97388     0.00475
    -8.96188     0.01294
    -8.94888     0.03267
    -8.93688     0.07584
    -8.92388     0.16095
    -8.91088     0.31016
    -8.89888     0.53929
    -8.88588     0.84150
    -8.87388     1.17464
    -8.86088     1.46620
    -8.84888     1.64362
    -8.83588     1.67840
    -8.82288     1.61012
    -8.81088     1.53360
    -8.79788     1.55057
    -8.78588     1.71855
    -8.77288     2.02643
    -8.76088     2.40523
    -8.74788     2.75895
    -8.73488     2.99588
    -8.72288     3.05123
    -8.70988     2.90088
    -8.69788     2.57417
    -8.68488     2.14875
    -8.67288     1.72872
    -8.65988     1.41070
    -8.64688     1.25831
    -8.63488     1.29386
    -8.62188     1.50759
    -8.60988     1.86903
    -8.59688     2.33498
    -8.58488     2.85576
    -8.57188     3.37752
    -8.55988     3.85098
    -8.54688     4.23658
    -8.53388     4.51174
    -8.52188     4.66921
    -8.50888     4.71675
    -8.49688     4.66297
    -8.48388     4.51256
    -8.47188     4.26803
    -8.45888     3.94749
    -8.44588     3.59794
    -8.43388     3.28628
    -8.42088     3.06746
    -8.40888     2.95135
    -8.39588     2.90423
    -8.38388     2.88433
    -8.37088     2.88541
    -8.35788     2.95859
    -8.34588     3.17799
    -8.33288     3.57507
    -8.32088     4.09071
    -8.30788     4.58071
    -8.29588     4.87620
    -8.28288     4.85867
    -8.26988     4.50869
    -8.25788     3.90671
    -8.24488     3.19676
    -8.23288     2.53741
    -8.21988     2.04887
    -8.20788     1.78574
    -8.19488     1.73701
    -8.18188     1.85350
    -8.16988     2.08152
    -8.15688     2.38557
    -8.14488     2.75261
    -8.13188     3.18218
    -8.11988     3.66828
    -8.10688     4.17797
    -8.09388     4.63390
    -8.08188     4.92370
    -8.06888     4.94028
    -8.05688     4.64109
    -8.04388     4.08279
    -8.03188     3.40483
    -8.01888     2.77230
    -8.00588     2.31116
    -7.99388     2.07355
    -7.98088     2.04028
    -7.96888     2.14484
    -7.95588     2.29812
    -7.94388     2.40879
    -7.93088     2.40055
    -7.91888     2.23464
    -7.90588     1.92719
    -7.89288     1.54971
    -7.88088     1.20471
    -7.86788     0.98871
    -7.85588     0.96015
    -7.84288     1.12692
    -7.83088     1.45872
    -7.81788     1.91224
    -7.80488     2.45515
    -7.79288     3.07105
    -7.77988     3.73856
    -7.76788     4.40826
    -7.75488     4.99621
    -7.74288     5.40520
    -7.72988     5.55949
    -7.71688     5.42721
    -7.70488     5.02568
    -7.69188     4.41136
    -7.67988     3.66457
    -7.66688     2.88467
    -7.65488     2.18515
    -7.64188     1.68960
    -7.62888     1.51351
    -7.61688     1.73771
    -7.60388     2.36914
    -7.59188     3.31178
    -7.57888     4.36427
    -7.56688     5.27211
    -7.55388     5.81468
    -7.54088     5.89039
    -7.52888     5.54444
    -7.51588     4.93673
    -7.50388     4.27079
    -7.49088     3.73695
    -7.47888     3.47854
    -7.46588     3.57140
    -7.45288     3.99798
    -7.44088     4.63026
    -7.42788     5.24759
    -7.41588     5.60801
    -7.40288     5.54821
    -7.39088     5.05705
    -7.37788     4.27114
    -7.36488     3.39657
    -7.35288     2.60941
    -7.33988     1.99430
    -7.32788     1.54972
    -7.31488     1.23642
    -7.30288     1.02583
    -7.28988     0.91499
    -7.27688     0.91036
    -7.26488     1.00477
    -7.25188     1.17153
    -7.23988     1.37720
    -7.22688     1.60263
    -7.21488     1.85444
    -7.20188     2.15853
    -7.18988     2.53451
    -7.17688     2.96164
    -7.16388     3.35661
    -7.15188     3.59030
    -7.13888     3.54570
    -7.12688     3.18257
    -7.11388     2.57200
    -7.10188     1.86095
    -7.08888     1.20609
    -7.07588     0.71362
    -7.06388     0.42512
    -7.05088     0.34423
    -7.03888     0.47358
    -7.02588     0.83588
    -7.01388     1.46334
    -7.00088     2.35950
    -6.98788     3.45095
    -6.97588     4.56727
    -6.96288     5.46871
    -6.95088     5.92740
    -6.93788     5.82633
    -6.92588     5.20931
    -6.91288     4.25625
    -6.89988     3.19941
    -6.88788     2.23360
    -6.87488     1.46914
    -6.86288     0.92819
    -6.84988     0.57917
    -6.83788     0.37325
    -6.82488     0.27261
    -6.81188     0.26406
    -6.79988     0.35885
    -6.78688     0.58060
    -6.77488     0.94452
    -6.76188     1.43549
    -6.74988     1.99721
    -6.73688     2.54440
    -6.72388     2.99166
    -6.71188     3.28402
    -6.69888     3.40751
    -6.68688     3.37797
    -6.67388     3.22631
    -6.66188     2.99556
    -6.64888     2.74160
    -6.63588     2.52838
    -6.62388     2.39865
    -6.61088     2.34549
    -6.59888     2.31059
    -6.58588     2.21995
    -6.57388     2.04071
    -6.56088     1.82198
    -6.54788     1.69311
    -6.53588     1.81132
    -6.52288     2.28386
    -6.51088     3.09312
    -6.49788     4.06898
    -6.48588     4.93534
    -6.47288     5.42843
    -6.46088     5.41284
    -6.44788     4.93462
    -6.43488     4.16717
    -6.42288     3.31192
    -6.40988     2.52540
    -6.39788     1.89770
    -6.38488     1.47127
    -6.37288     1.25578
    -6.35988     1.22808
    -6.34688     1.33699
    -6.33488     1.51802
    -6.32188     1.71345
    -6.30988     1.88197
    -6.29688     1.99878
    -6.28488     2.05228
    -6.27188     2.04223
    -6.25888     1.97769
    -6.24688     1.86920
    -6.23388     1.72048
    -6.22188     1.52719
    -6.20888     1.28847
    -6.19688     1.01688
    -6.18388     0.74077
    -6.17088     0.49347
    -6.15888     0.30067
    -6.14588     0.17437
    -6.13388     0.11861
    -6.12088     0.14258
    -6.10888     0.27302
    -6.09588     0.55585
    -6.08288     1.03708
    -6.07088     1.72238
    -6.05788     2.53544
    -6.04588     3.30761
    -6.03288     3.83474
    -6.02088     3.97491
    -6.00788     3.73783
    -5.99488     3.29206
    -5.98288     2.87333
    -5.96988     2.65563
    -5.95788     2.66748
    -5.94488     2.80247
    -5.93288     2.90627
    -5.91988     2.87943
    -5.90688     2.71988
    -5.89488     2.49476
    -5.88188     2.27789
    -5.86988     2.10682
    -5.85688     1.98467
    -5.84488     1.90338
    -5.83188     1.85562
    -5.81988     1.82917
    -5.80688     1.80294
    -5.79388     1.75449
    -5.78188     1.67321
    -5.76888     1.56580
    -5.75688     1.44626
    -5.74388     1.32276
    -5.73188     1.19438
    -5.71888     1.06032
    -5.70588     0.93397
    -5.69388     0.84592
    -5.68088     0.82923
    -5.66888     0.89267
    -5.65588     1.00477
    -5.64388     1.10180
    -5.63088     1.11859
    -5.61788     1.02436
    -5.60588     0.83596
    -5.59288     0.60506
    -5.58088     0.38781
    -5.56788     0.22028
    -5.55588     0.11133
    -5.54288     0.05074
    -5.52988     0.02173
    -5.51788     0.00989
    -5.50488     0.00634
    -5.49288     0.00691
    -5.47988     0.01017
    -5.46788     0.01559
    -5.45488     0.02252
    -5.44188     0.03022
    -5.42988     0.03917
    -5.41688     0.05346
    -5.40488     0.08344
    -5.39188     0.14649
    -5.37988     0.26353
    -5.36688     0.45040
    -5.35388     0.70787
    -5.34188     1.01849
    -5.32888     1.35784
    -5.31688     1.71710
    -5.30388     2.11863
    -5.29188     2.60622
    -5.27888     3.20129
    -5.26588     3.85627
    -5.25388     4.43559
    -5.24088     4.75538
    -5.22888     4.67029
    -5.21588     4.15476
    -5.20388     3.32455
    -5.19088     2.38362
    -5.17788     1.53236
    -5.16588     0.89646
    -5.15288     0.50971
    -5.14088     0.34321
    -5.12788     0.34361
    -5.11588     0.45784
    -5.10288     0.64047
    -5.09088     0.85503
    -5.07788     1.07707
    -5.06488     1.29411
    -5.05288     1.49732
    -5.03988     1.66955
    -5.02788     1.78096
    -5.01488     1.80082
    -5.00288     1.71789
    -4.98988     1.54878
    -4.97688     1.33015
    -4.96488     1.10367
    -4.95188     0.90479
    -4.93988     0.75884
    -4.92688     0.67697
    -4.91488     0.65221
    -4.90188     0.66070
    -4.88888     0.67124
    -4.87688     0.65914
    -4.86388     0.61432
    -4.85188     0.54146
    -4.83888     0.45489
    -4.82688     0.37325
    -4.81388     0.31487
    -4.80088     0.29215
    -4.78888     0.30539
    -4.77588     0.34092
    -4.76388     0.37732
    -4.75088     0.39868
    -4.73888     0.40711
    -4.72588     0.42541
    -4.71288     0.48522
    -4.70088     0.60532
    -4.68788     0.77233
    -4.67588     0.93823
    -4.66288     1.04033
    -4.65088     1.03351
    -4.63788     0.91617
    -4.62488     0.73122
    -4.61288     0.54351
    -4.59988     0.40964
    -4.58788     0.35770
    -4.57488     0.38574
    -4.56288     0.47366
    -4.54988     0.60064
    -4.53688     0.75722
    -4.52488     0.94505
    -4.51188     1.16404
    -4.49988     1.39613
    -4.48688     1.60343
    -4.47488     1.74491
    -4.46188     1.80190
    -4.44888     1.79230
    -4.43688     1.75882
    -4.42388     1.74430
    -4.41188     1.77097
    -4.39888     1.83753
    -4.38688     1.92756
    -4.37388     2.01849
    -4.36188     2.08841
    -4.34888     2.12920
    -4.33588     2.16373
    -4.32388     2.25239
    -4.31088     2.47636
    -4.29888     2.90207
    -4.28588     3.54360
    -4.27388     4.34367
    -4.26088     5.17421
    -4.24788     5.86440
    -4.23588     6.24669
    -4.22288     6.21484
    -4.21088     5.77015
    -4.19788     5.02796
    -4.18588     4.17349
    -4.17288     3.39593
    -4.15988     2.83112
    -4.14788     2.54176
    -4.13488     2.52275
    -4.12288     2.71385
    -4.10988     3.01117
    -4.09788     3.28686
    -4.08488     3.43036
    -4.07188     3.39567
    -4.05988     3.22379
    -4.04688     3.01551
    -4.03488     2.86851
    -4.02188     2.81950
    -4.00988     2.83075
    -3.99688     2.82354
    -3.98388     2.73433
    -3.97188     2.55665
    -3.95888     2.35193
    -3.94688     2.22529
    -3.93388     2.28139
    -3.92188     2.57156
    -3.90888     3.05522
    -3.89588     3.59953
    -3.88388     4.03157
    -3.87088     4.21922
    -3.85888     4.13456
    -3.84588     3.85100
    -3.83388     3.48311
    -3.82088     3.11647
    -3.80788     2.78465
    -3.79588     2.50089
    -3.78288     2.30870
    -3.77088     2.29747
    -3.75788     2.55939
    -3.74588     3.11613
    -3.73288     3.86774
    -3.72088     4.61295
    -3.70788     5.13937
    -3.69488     5.32374
    -3.68288     5.18870
    -3.66988     4.87634
    -3.65788     4.57227
    -3.64488     4.43172
    -3.63288     4.53226
    -3.61988     4.86006
    -3.60688     5.31341
    -3.59488     5.74350
    -3.58188     6.01579
    -3.56988     6.05919
    -3.55688     5.88753
    -3.54488     5.56693
    -3.53188     5.18118
    -3.51888     4.80187
    -3.50688     4.48657
    -3.49388     4.26624
    -3.48188     4.12974
    -3.46888     4.02109
    -3.45688     3.87467
    -3.44388     3.66933
    -3.43088     3.46027
    -3.41888     3.35715
    -3.40588     3.45324
    -3.39388     3.75290
    -3.38088     4.14877
    -3.36888     4.46573
    -3.35588     4.55658
    -3.34288     4.38528
    -3.33088     4.05007
    -3.31788     3.71958
    -3.30588     3.52688
    -3.29288     3.49521
    -3.28088     3.54645
    -3.26788     3.57752
    -3.25488     3.54304
    -3.24288     3.48378
    -3.22988     3.49311
    -3.21788     3.64689
    -3.20488     3.95132
    -3.19288     4.33193
    -3.17988     4.66588
    -3.16688     4.83336
    -3.15488     4.76888
    -3.14188     4.48314
    -3.12988     4.04987
    -3.11688     3.57096
    -3.10488     3.13338
    -3.09188     2.78174
    -3.07888     2.51349
    -3.06688     2.30509
    -3.05388     2.14932
    -3.04188     2.07744
    -3.02888     2.14557
    -3.01688     2.38878
    -3.00388     2.77739
    -2.99188     3.21123
    -2.97888     3.56266
    -2.96588     3.74076
    -2.95388     3.73963
    -2.94088     3.64055
    -2.92888     3.56451
    -2.91588     3.60418
    -2.90388     3.77485
    -2.89088     4.01540
    -2.87788     4.24133
    -2.86588     4.41085
    -2.85288     4.56293
    -2.84088     4.79177
    -2.82788     5.18939
    -2.81588     5.77888
    -2.80288     6.48301
    -2.78988     7.13611
    -2.77788     7.54111
    -2.76488     7.55094
    -2.75288     7.13267
    -2.73988     6.38999
    -2.72788     5.51741
    -2.71488     4.73362
    -2.70188     4.21310
    -2.68988     4.04892
    -2.67688     4.24443
    -2.66488     4.71751
    -2.65188     5.32314
    -2.63988     5.90073
    -2.62688     6.32297
    -2.61388     6.54029
    -2.60188     6.56754
    -2.58888     6.44625
    -2.57688     6.20245
    -2.56388     5.84569
    -2.55188     5.39605
    -2.53888     4.90961
    -2.52588     4.47656
    -2.51388     4.18899
    -2.50088     4.10674
    -2.48888     4.22387
    -2.47588     4.45999
    -2.46388     4.68326
    -2.45088     4.76189
    -2.43788     4.63367
    -2.42588     4.33959
    -2.41288     4.00396
    -2.40088     3.77925
    -2.38788     3.79068
    -2.37588     4.09897
    -2.36288     4.68069
    -2.34988     5.41587
    -2.33788     6.10753
    -2.32488     6.53858
    -2.31288     6.56151
    -2.29988     6.17988
    -2.28788     5.55591
    -2.27488     4.94460
    -2.26288     4.57261
    -2.24988     4.54235
    -2.23688     4.80596
    -2.22488     5.21618
    -2.21188     5.61677
    -2.19988     5.92669
    -2.18688     6.15966
    -2.17488     6.38602
    -2.16188     6.66336
    -2.14888     6.97502
    -2.13688     7.23186
    -2.12388     7.32364
    -2.11188     7.18167
    -2.09888     6.81455
    -2.08688     6.28812
    -2.07388     5.69671
    -2.06088     5.12704
    -2.04888     4.64628
    -2.03588     4.29858
    -2.02388     4.09819
    -2.01088     4.03930
    -1.99888     4.11308
    -1.98588     4.32092
    -1.97288     4.66622
    -1.96088     5.12805
    -1.94788     5.64919
    -1.93588     6.14875
    -1.92288     6.56019
    -1.91088     6.84340
    -1.89788     6.97407
    -1.88488     6.92119
    -1.87288     6.64893
    -1.85988     6.16375
    -1.84788     5.54004
    -1.83488     4.91294
    -1.82288     4.42112
    -1.80988     4.14208
    -1.79688     4.07111
    -1.78488     4.14671
    -1.77188     4.30528
    -1.75988     4.51565
    -1.74688     4.78087
    -1.73488     5.10545
    -1.72188     5.44902
    -1.70888     5.70667
    -1.69688     5.73701
    -1.68388     5.44486
    -1.67188     4.85346
    -1.65888     4.10983
    -1.64688     3.40643
    -1.63388     2.88130
    -1.62188     2.57026
    -1.60888     2.43771
    -1.59588     2.43671
    -1.58388     2.54275
    -1.57088     2.73562
    -1.55888     2.97621
    -1.54588     3.21566
    -1.53388     3.43246
    -1.52088     3.65502
    -1.50788     3.93613
    -1.49588     4.29686
    -1.48288     4.70195
    -1.47088     5.09384
    -1.45788     5.45867
    -1.44588     5.84365
    -1.43288     6.30354
    -1.41988     6.80420
    -1.40788     7.19913
    -1.39488     7.30479
    -1.38288     7.04272
    -1.36988     6.51900
    -1.35788     5.98634
    -1.34488     5.70049
    -1.33188     5.77047
    -1.31988     6.10411
    -1.30688     6.47058
    -1.29488     6.62298
    -1.28188     6.42027
    -1.26988     5.87558
    -1.25688     5.14039
    -1.24388     4.44872
    -1.23188     4.04297
    -1.21888     4.09166
    -1.20688     4.60974
    -1.19388     5.42415
    -1.18188     6.22802
    -1.16888     6.72811
    -1.15588     6.80407
    -1.14388     6.57065
    -1.13088     6.28811
    -1.11888     6.17861
    -1.10588     6.27336
    -1.09388     6.41390
    -1.08088     6.37843
    -1.06788     6.04145
    -1.05588     5.44992
    -1.04288     4.76998
    -1.03088     4.16466
    -1.01788     3.70456
    -1.00588     3.35932
    -0.99288     3.05933
    -0.97988     2.76345
    -0.96788     2.48668
    -0.95488     2.27898
    -0.94288     2.17824
    -0.92988     2.17746
    -0.91788     2.23209
    -0.90488     2.30381
    -0.89288     2.41070
    -0.87988     2.64646
    -0.86688     3.13664
    -0.85488     3.95252
    -0.84188     5.02876
    -0.82988     6.15092
    -0.81688     7.02365
    -0.80488     7.39484
    -0.79188     7.15560
    -0.77888     6.37951
    -0.76688     5.27925
    -0.75388     4.11718
    -0.74188     3.11272
    -0.72888     2.38289
    -0.71688     1.93894
    -0.70388     1.73565
    -0.69088     1.72860
    -0.67888     1.90175
    -0.66588     2.24469
    -0.65388     2.70765
    -0.64088     3.18002
    -0.62888     3.52074
    -0.61588     3.62631
    -0.60288     3.49047
    -0.59088     3.20588
    -0.57788     2.91004
    -0.56588     2.70283
    -0.55288     2.59704
    -0.54088     2.52665
    -0.52788     2.40309
    -0.51488     2.17818
    -0.50288     1.86745
    -0.48988     1.53278
    -0.47788     1.24850
    -0.46488     1.06808
    -0.45288     1.00688
    -0.43988     1.03737
    -0.42688     1.09863
    -0.41488     1.12069
    -0.40188     1.05669
    -0.38988     0.90445
    -0.37688     0.70490
    -0.36488     0.52057
    -0.35188     0.40903
    -0.33888     0.40680
    -0.32688     0.52570
    -0.31388     0.75407
    -0.30188     1.05846
    -0.28888     1.38595
    -0.27688     1.67270
    -0.26388     1.86084
    -0.25088     1.91386
    -0.23888     1.82471
    -0.22588     1.61608
    -0.21388     1.32848
    -0.20088     1.00944
    -0.18888     0.70453
    -0.17588     0.44830
    -0.16388     0.25813
    -0.15088     0.13365
    -0.13788     0.06188
    -0.12588     0.02552
    -0.11288     0.00935
    -0.10088     0.00303
    -0.08788     0.00087
    -0.07588     0.00022
    -0.06288     0.00005
    -0.04988     0.00001
    -0.03788     0.00000
    -0.02488     0.00000
    -0.01288     0.00000
     0.00012     0.00000
     0.01212     0.00000
     0.02512     0.00000
     0.03812     0.00000
     0.05012     0.00000
     0.06312     0.00000
     0.07512     0.00000
     0.08812     0.00000
     0.10012     0.00000
     0.11312     0.00000
     0.12612     0.00000
     0.13812     0.00000
     0.15112     0.00001
     0.16312     0.00006
     0.17612     0.00025
     0.18812     0.00093
     0.20112     0.00309
     0.21412     0.00906
     0.22612     0.02348
     0.23912     0.05371
     0.25112     0.10851
     0.26412     0.19395
     0.27612     0.30734
     0.28912     0.43427
     0.30212     0.55290
     0.31412     0.64774
     0.32712     0.72279
     0.33912     0.80154
     0.35212     0.91029
     0.36412     1.05472
     0.37712     1.20730
     0.39012     1.32104
     0.40212     1.35738
     0.41512     1.30483
     0.42712     1.17937
     0.44012     1.00714
     0.45212     0.81267
     0.46512     0.61483
     0.47712     0.43095
     0.49012     0.27601
     0.50312     0.15982
     0.51512     0.08310
     0.52812     0.03922
     0.54012     0.01880
     0.55312     0.01468
     0.56512     0.02471
     0.57812     0.05202
     0.59112     0.10236
     0.60312     0.17918
     0.61612     0.27721
     0.62812     0.37903
     0.64112     0.45929
     0.65312     0.49692
     0.66612     0.48981
     0.67912     0.46130
     0.69112     0.45290
     0.70412     0.50416
     0.71612     0.63066
     0.72912     0.81144
     0.74112     0.99701
     0.75412     1.13700
     0.76712     1.21230
     0.77912     1.25046
     0.79212     1.31171
     0.80412     1.45158
     0.81712     1.68740
     0.82912     1.98758
     0.84212     2.28897
     0.85512     2.52695
     0.86712     2.66770
     0.88012     2.72727
     0.89212     2.76599
     0.90512     2.85235
     0.91712     3.01794
     0.93012     3.23725
     0.94312     3.45201
     0.95512     3.61547
     0.96812     3.71867
     0.98012     3.77754
     0.99312     3.80856
     1.00512     3.82141
     1.01812     3.82923
     1.03112     3.84893
     1.04312     3.88595
     1.05612     3.91921
     1.06812     3.91638
     1.08112     3.86062
     1.09312     3.76568
     1.10612     3.65528
     1.11912     3.53099
     1.13112     3.36636
     1.14412     3.14144
     1.15612     2.87507
     1.16912     2.62790
     1.18112     2.45789
     1.19412     2.37290
     1.20612     2.31857
     1.21912     2.21393
     1.23212     2.00393
     1.24412     1.69165
     1.25712     1.33190
     1.26912     0.99688
     1.28212     0.73781
     1.29412     0.56683
     1.30712     0.46354
     1.32012     0.39926
     1.33212     0.35913
     1.34512     0.35078
     1.35712     0.39669
     1.37012     0.51751
     1.38212     0.71513
     1.39512     0.96340
     1.40812     1.21021
     1.42012     1.39361
     1.43312     1.46777
     1.44512     1.43013
     1.45812     1.33337
     1.47012     1.27468
     1.48312     1.35851
     1.49612     1.64722
     1.50812     2.11953
     1.52112     2.66318
     1.53312     3.11194
     1.54612     3.31679
     1.55812     3.21429
     1.57112     2.84875
     1.58412     2.34338
     1.59612     1.83982
     1.60912     1.44750
     1.62112     1.22377
     1.63412     1.17787
     1.64612     1.28370
     1.65912     1.49023
     1.67212     1.73521
     1.68412     1.96400
     1.69712     2.14848
     1.70912     2.28949
     1.72212     2.40114
     1.73412     2.48729
     1.74712     2.53729
     1.76012     2.54174
     1.77212     2.51294
     1.78512     2.48424
     1.79712     2.48549
     1.81012     2.51690
     1.82212     2.55092
     1.83512     2.56082
     1.84812     2.55597
     1.86012     2.59006
     1.87312     2.73518
     1.88512     3.03675
     1.89812     3.47652
     1.91012     3.96815
     1.92312     4.38997
     1.93512     4.63983
     1.94812     4.67740
     1.96112     4.53187
     1.97312     4.27347
     1.98612     3.97120
     1.99812     3.67590
     2.01112     3.42379
     2.02312     3.25052
     2.03612     3.19419
     2.04912     3.29241
     2.06112     3.57108
     2.07412     4.02937
     2.08612     4.62365
     2.09912     5.26474
     2.11112     5.83739
     2.12412     6.24277
     2.13712     6.43515
     2.14912     6.42342
     2.16212     6.25417
     2.17412     5.97704
     2.18712     5.63344
     2.19912     5.25725
     2.21212     4.88415
     2.22512     4.55412
     2.23712     4.30749
     2.25012     4.18449
     2.26212     4.22677
     2.27512     4.46442
     2.28712     4.89250
     2.30012     5.44835
     2.31312     6.01592
     2.32512     6.46177
     2.33812     6.68463
     2.35012     6.64157
     2.36312     6.34617
     2.37512     5.84939
     2.38812     5.21384
     2.40112     4.50062
     2.41312     3.76779
     2.42612     3.07501
     2.43812     2.48939
     2.45112     2.08688
     2.46312     1.93763
     2.47612     2.07704
     2.48912     2.47737
     2.50112     3.04170
     2.51412     3.63483
     2.52612     4.13784
     2.53912     4.49712
     2.55112     4.73000
     2.56412     4.88796
     2.57612     5.00394
     2.58912     5.06544
     2.60212     5.03444
     2.61412     4.89339
     2.62712     4.67685
     2.63912     4.46223
     2.65212     4.32251
     2.66412     4.28074
     2.67712     4.29941
     2.69012     4.31209
     2.70212     4.26868
     2.71512     4.16540
     2.72712     4.03397
     2.74012     3.90654
     2.75212     3.77633
     2.76512     3.59437
     2.77812     3.30541
     2.79012     2.89990
     2.80312     2.43884
     2.81512     2.03246
     2.82812     1.78840
     2.84012     1.77185
     2.85312     1.99671
     2.86612     2.43794
     2.87812     3.04168
     2.89112     3.72505
     2.90312     4.38154
     2.91612     4.90739
     2.92812     5.24378
     2.94112     5.40299
     2.95412     5.46097
     2.96612     5.50905
     2.97912     5.59511
     2.99112     5.68243
     3.00412     5.66379
     3.01612     5.42719
     3.02912     4.94303
     3.04212     4.31434
     3.05412     3.74330
     3.06712     3.43493
     3.07912     3.49823
     3.09212     3.90324
     3.10412     4.51311
     3.11712     5.15889
     3.13012     5.70955
     3.14212     6.10122
     3.15512     6.32803
     3.16712     6.39913
     3.18012     6.31466
     3.19212     6.06285
     3.20512     5.63794
     3.21812     5.05972
     3.23012     4.38157
     3.24312     3.68762
     3.25512     3.08605
     3.26812     2.69185
     3.28012     2.59568
     3.29312     2.82031
     3.30512     3.28807
     3.31812     3.83348
     3.33112     4.27094
     3.34312     4.48672
     3.35612     4.49752
     3.36812     4.42950
     3.38112     4.43041
     3.39312     4.57615
     3.40612     4.82544
     3.41912     5.04968
     3.43112     5.11255
     3.44412     4.94418
     3.45612     4.58247
     3.46912     4.15258
     3.48112     3.80968
     3.49412     3.67474
     3.50712     3.79488
     3.51912     4.13474
     3.53212     4.58054
     3.54412     4.96333
     3.55712     5.11106
     3.56912     4.92080
     3.58212     4.41292
     3.59512     3.72045
     3.60712     3.01639
     3.62012     2.43650
     3.63212     2.05025
     3.64512     1.88213
     3.65712     1.94093
     3.67012     2.22505
     3.68312     2.70383
     3.69512     3.30656
     3.70812     3.93672
     3.72012     4.50253
     3.73312     4.94128
     3.74512     5.22175
     3.75812     5.33565
     3.77112     5.28587
     3.78312     5.08474
     3.79612     4.75875
     3.80812     4.35588
     3.82112     3.94681
     3.83312     3.62097
     3.84612     3.46961
     3.85912     3.55693
     3.87112     3.88615
     3.88412     4.37644
     3.89612     4.87167
     3.90912     5.19319
     3.92112     5.21247
     3.93412     4.90454
     3.94712     4.35046
     3.95912     3.69864
     3.97212     3.11394
     3.98412     2.73412
     3.99712     2.63811
     4.00912     2.82755
     4.02212     3.22736
     4.03412     3.71401
     4.04712     4.16134
     4.06012     4.48056
     4.07212     4.64308
     4.08512     4.67702
     4.09712     4.64756
     4.11012     4.62848
     4.12212     4.66594
     4.13512     4.75148
     4.14812     4.81993
     4.16012     4.78434
     4.17312     4.59523
     4.18512     4.28804
     4.19812     3.98374
     4.21012     3.83686
     4.22312     3.96484
     4.23612     4.38936
     4.24812     5.01897
     4.26112     5.67274
     4.27312     6.14024
     4.28612     6.25641
     4.29812     5.97031
     4.31112     5.36979
     4.32412     4.65139
     4.33612     4.03840
     4.34912     3.69271
     4.36112     3.65832
     4.37412     3.86463
     4.38612     4.17329
     4.39912     4.44285
     4.41212     4.57658
     4.42412     4.53636
     4.43712     4.32942
     4.44912     3.98957
     4.46212     3.56949
     4.47412     3.14722
     4.48712     2.82940
     4.50012     2.73598
     4.51212     2.96382
     4.52512     3.53629
     4.53712     4.36953
     4.55012     5.28211
     4.56212     6.06013
     4.57512     6.55025
     4.58812     6.71803
     4.60012     6.63524
     4.61312     6.41440
     4.62512     6.13528
     4.63812     5.82651
     4.65012     5.49070
     4.66312     5.14592
     4.67612     4.83743
     4.68812     4.61884
     4.70112     4.51837
     4.71312     4.52314
     4.72612     4.59668
     4.73812     4.71073
     4.75112     4.86152
     4.76312     5.04952
     4.77612     5.24336
     4.78912     5.37000
     4.80112     5.35105
     4.81412     5.15486
     4.82612     4.82868
     4.83912     4.48083
     4.85112     4.23313
     4.86412     4.17399
     4.87712     4.33582
     4.88912     4.69559
     4.90212     5.18506
     4.91412     5.70590
     4.92712     6.15043
     4.93912     6.42289
     4.95212     6.47011
     4.96512     6.30271
     4.97712     5.99849
     4.99012     5.67674
     5.00212     5.45036
     5.01512     5.37245
     5.02712     5.40880
     5.04012     5.45604
     5.05312     5.39967
     5.06512     5.18392
     5.07812     4.84401
     5.09012     4.48364
     5.10312     4.20871
     5.11512     4.06721
     5.12812     4.02981
     5.14112     4.02235
     5.15312     3.98011
     5.16612     3.89335
     5.17812     3.81443
     5.19112     3.82456
     5.20312     3.98303
     5.21612     4.28759
     5.22912     4.67197
     5.24112     5.03822
     5.25412     5.30525
     5.26612     5.44079
     5.27912     5.46250
     5.29112     5.41221
     5.30412     5.32292
     5.31712     5.19667
     5.32912     5.00739
     5.34212     4.71861
     5.35412     4.31444
     5.36712     3.82540
     5.37912     3.33495
     5.39212     2.95737
     5.40412     2.79118
     5.41712     2.87394
     5.43012     3.15967
     5.44212     3.53443
     5.45512     3.86292
     5.46712     4.04695
     5.48012     4.06573
     5.49212     3.97908
     5.50512     3.88976
     5.51812     3.88503
     5.53012     3.99362
     5.54312     4.17819
     5.55512     4.36343
     5.56812     4.47962
     5.58012     4.49335
     5.59312     4.41314
     5.60612     4.27561
     5.61812     4.12579
     5.63112     4.00272
     5.64312     3.93159
     5.65612     3.92144
     5.66812     3.96291
     5.68112     4.03253
     5.69412     4.10347
     5.70612     4.15433
     5.71912     4.17176
     5.73112     4.14668
     5.74412     4.06808
     5.75612     3.92612
     5.76912     3.71897
     5.78212     3.45798
     5.79412     3.16933
     5.80712     2.88906
     5.81912     2.65479
     5.83212     2.49282
     5.84412     2.40473
     5.85712     2.36359
     5.87012     2.32194
     5.88212     2.23371
     5.89512     2.07822
     5.90712     1.87286
     5.92012     1.66349
     5.93212     1.49587
     5.94512     1.38684
     5.95812     1.31555
     5.97012     1.23987
     5.98312     1.12352
     5.99512     0.95543
     6.00812     0.75117
     6.02012     0.54118
     6.03312     0.35514
     6.04612     0.21123
     6.05812     0.11338
     6.07112     0.05470
     6.08312     0.02363
     6.09612     0.00911
     6.10812     0.00313
     6.12112     0.00095
     6.13312     0.00026
     6.14612     0.00006
     6.15912     0.00001
     6.17112     0.00000
     6.18412     0.00000
     6.19612     0.00000
     6.20912     0.00000
     6.22112     0.00000
     6.23412     0.00000
     6.24712     0.00000
     6.25912     0.00000
     6.27212     0.00000
     6.28412     0.00000
     6.29712     0.00000
     6.30912     0.00000
     6.32212     0.00000
     6.33512     0.00000
     6.34712     0.00000
     6.36012     0.00000
     6.37212     0.00000
     6.38512     0.00000
     6.39712     0.00000
     6.41012     0.00000
     6.42312     0.00000
     6.43512     0.00000
     6.44812     0.00000
     6.46012     0.00000
     6.47312     0.00000
     6.48512     0.00000
     6.49812     0.00000
     6.51112     0.00000
     6.52312     0.00000
     6.53612     0.00000
     6.54812     0.00000
     6.56112     0.00000
     6.57312     0.00000
     6.58612     0.00000
     6.59912     0.00000
     6.61112     0.00000
     6.62412     0.00000
     6.63612     0.00000
     6.64912     0.00000
     6.66112     0.00000
     6.67412     0.00000
     6.68712     0.00000
     6.69912     0.00000
     6.71212     0.00000
     6.72412     0.00000
     6.73712     0.00000
     6.74912     0.00000
     6.76212     0.00000
     6.77512     0.00000
     6.78712     0.00000
     6.80012     0.00000
     6.81212     0.00000
     6.82512     0.00000
     6.83712     0.00000
     6.85012     0.00000
     6.86212     0.00000
     6.87512     0.00000
     6.88812     0.00000
     6.90012     0.00000
     6.91312     0.00000
     6.92512     0.00000
     6.93812     0.00000
     6.95012     0.00000
     6.96312     0.00000
     6.97612     0.00000
     6.98812     0.00000
     7.00112     0.00000
     7.01312     0.00000
     7.02612     0.00000
     7.03812     0.00000
     7.05112     0.00000
     7.06412     0.00000
     7.07612     0.00000
     7.08912     0.00000
     7.10112     0.00000
     7.11412     0.00000
     7.12612     0.00000
     7.13912     0.00000
     7.15212     0.00000
     7.16412     0.00000
     7.17712     0.00000
     7.18912     0.00000
     7.20212     0.00000
     7.21412     0.00000
     7.22712     0.00000
     7.24012     0.00000
     7.25212     0.00000
     7.26512     0.00000
     7.27712     0.00000
     7.29012     0.00000
     7.30212     0.00000
     7.31512     0.00000
     7.32812     0.00000
     7.34012     0.00000
     7.35312     0.00000
     7.36512     0.00000
     7.37812     0.00000
     7.39012     0.00000
     7.40312     0.00000
     7.41612     0.00000
     7.42812     0.00000
     7.44112     0.00000
     7.45312     0.00000
     7.46612     0.00000
     7.47812     0.00000
     7.49112     0.00000
     7.50312     0.00000
     7.51612     0.00000
     7.52912     0.00000
     7.54112     0.00000
     7.55412     0.00000
     7.56612     0.00000
     7.57912     0.00000
     7.59112     0.00000
     7.60412     0.00000
     7.61712     0.00000
     7.62912     0.00000
     7.64212     0.00000
     7.65412     0.00000
     7.66712     0.00000
     7.67912     0.00000
     7.69212     0.00000
     7.70512     0.00000
