     #Energy 9&18&27&36_
   -29.98888     0.00000
   -29.97688     0.00000
   -29.96388     0.00000
   -29.95188     0.00000
   -29.93888     0.00000
   -29.92688     0.00000
   -29.91388     0.00000
   -29.90088     0.00000
   -29.88888     0.00000
   -29.87588     0.00000
   -29.86388     0.00000
   -29.85088     0.00000
   -29.83888     0.00000
   -29.82588     0.00000
   -29.81288     0.00000
   -29.80088     0.00000
   -29.78788     0.00000
   -29.77588     0.00000
   -29.76288     0.00000
   -29.75088     0.00000
   -29.73788     0.00000
   -29.72488     0.00000
   -29.71288     0.00000
   -29.69988     0.00000
   -29.68788     0.00000
   -29.67488     0.00000
   -29.66288     0.00000
   -29.64988     0.00000
   -29.63788     0.00000
   -29.62488     0.00000
   -29.61188     0.00000
   -29.59988     0.00000
   -29.58688     0.00000
   -29.57488     0.00000
   -29.56188     0.00000
   -29.54988     0.00000
   -29.53688     0.00000
   -29.52388     0.00000
   -29.51188     0.00000
   -29.49888     0.00000
   -29.48688     0.00000
   -29.47388     0.00000
   -29.46188     0.00000
   -29.44888     0.00000
   -29.43588     0.00000
   -29.42388     0.00000
   -29.41088     0.00000
   -29.39888     0.00000
   -29.38588     0.00000
   -29.37388     0.00000
   -29.36088     0.00000
   -29.34788     0.00000
   -29.33588     0.00000
   -29.32288     0.00000
   -29.31088     0.00000
   -29.29788     0.00000
   -29.28588     0.00000
   -29.27288     0.00000
   -29.25988     0.00000
   -29.24788     0.00000
   -29.23488     0.00000
   -29.22288     0.00000
   -29.20988     0.00000
   -29.19788     0.00000
   -29.18488     0.00000
   -29.17188     0.00000
   -29.15988     0.00000
   -29.14688     0.00000
   -29.13488     0.00000
   -29.12188     0.00000
   -29.10988     0.00000
   -29.09688     0.00000
   -29.08388     0.00000
   -29.07188     0.00000
   -29.05888     0.00000
   -29.04688     0.00000
   -29.03388     0.00000
   -29.02188     0.00000
   -29.00888     0.00000
   -28.99588     0.00000
   -28.98388     0.00000
   -28.97088     0.00000
   -28.95888     0.00000
   -28.94588     0.00000
   -28.93388     0.00000
   -28.92088     0.00000
   -28.90888     0.00000
   -28.89588     0.00000
   -28.88288     0.00000
   -28.87088     0.00000
   -28.85788     0.00000
   -28.84588     0.00000
   -28.83288     0.00000
   -28.82088     0.00000
   -28.80788     0.00000
   -28.79488     0.00000
   -28.78288     0.00000
   -28.76988     0.00000
   -28.75788     0.00000
   -28.74488     0.00000
   -28.73288     0.00000
   -28.71988     0.00000
   -28.70688     0.00000
   -28.69488     0.00000
   -28.68188     0.00000
   -28.66988     0.00000
   -28.65688     0.00000
   -28.64488     0.00000
   -28.63188     0.00000
   -28.61888     0.00000
   -28.60688     0.00000
   -28.59388     0.00000
   -28.58188     0.00000
   -28.56888     0.00000
   -28.55688     0.00000
   -28.54388     0.00000
   -28.53088     0.00000
   -28.51888     0.00000
   -28.50588     0.00000
   -28.49388     0.00000
   -28.48088     0.00000
   -28.46888     0.00000
   -28.45588     0.00000
   -28.44288     0.00000
   -28.43088     0.00000
   -28.41788     0.00000
   -28.40588     0.00001
   -28.39288     0.00002
   -28.38088     0.00006
   -28.36788     0.00017
   -28.35488     0.00044
   -28.34288     0.00098
   -28.32988     0.00195
   -28.31788     0.00351
   -28.30488     0.00576
   -28.29288     0.00879
   -28.27988     0.01272
   -28.26788     0.01777
   -28.25488     0.02406
   -28.24188     0.03119
   -28.22988     0.03793
   -28.21688     0.04245
   -28.20488     0.04310
   -28.19188     0.03936
   -28.17988     0.03224
   -28.16688     0.02386
   -28.15388     0.01671
   -28.14188     0.01312
   -28.12888     0.01554
   -28.11688     0.02694
   -28.10388     0.05065
   -28.09188     0.08909
   -28.07888     0.14222
   -28.06588     0.20970
   -28.05388     0.30322
   -28.04088     0.47697
   -28.02888     0.88137
   -28.01588     1.83404
   -28.00388     3.87670
   -27.99088     7.76233
   -27.97788    14.28971
   -27.96588    23.99081
   -27.95288    36.76160
   -27.94088    51.66406
   -27.92788    67.10219
   -27.91588    81.36740
   -27.90288    93.33155
   -27.88988   102.80440
   -27.87788   110.29484
   -27.86488   116.31014
   -27.85288   120.59776
   -27.83988   122.24008
   -27.82788   120.34088
   -27.81488   114.86982
   -27.80188   107.12949
   -27.78988    99.06714
   -27.77688    92.30088
   -27.76488    87.62865
   -27.75188    85.03166
   -27.73988    84.02720
   -27.72688    84.01896
   -27.71388    84.16251
   -27.70188    83.35501
   -27.68888    80.50435
   -27.67688    75.12094
   -27.66388    67.83048
   -27.65188    60.28588
   -27.63888    54.55520
   -27.62588    52.26294
   -27.61388    53.99709
   -27.60088    59.22272
   -27.58888    66.58817
   -27.57588    74.35671
   -27.56388    80.72011
   -27.55088    83.94518
   -27.53888    82.60902
   -27.52588    76.02279
   -27.51288    64.69907
   -27.50088    50.42135
   -27.48788    35.69301
   -27.47588    22.81039
   -27.46288    13.09538
   -27.45088     6.73340
   -27.43788     3.09360
   -27.42488     1.27167
   -27.41288     0.47586
   -27.39988     0.17934
   -27.38788     0.09684
   -27.37488     0.09768
   -27.36288     0.12830
   -27.34988     0.16591
   -27.33688     0.19778
   -27.32488     0.21524
   -27.31188     0.21351
   -27.29988     0.19266
   -27.28688     0.15764
   -27.27488     0.11651
   -27.26188     0.07745
   -27.24888     0.04612
   -27.23688     0.02452
   -27.22388     0.01161
   -27.21188     0.00488
   -27.19888     0.00182
   -27.18688     0.00060
   -27.17388     0.00018
   -27.16088     0.00005
   -27.14888     0.00001
   -27.13588     0.00000
   -27.12388     0.00000
   -27.11088     0.00000
   -27.09888     0.00000
   -27.08588     0.00000
   -27.07288     0.00000
   -27.06088     0.00000
   -27.04788     0.00000
   -27.03588     0.00000
   -27.02288     0.00000
   -27.01088     0.00000
   -26.99788     0.00000
   -26.98488     0.00000
   -26.97288     0.00000
   -26.95988     0.00000
   -26.94788     0.00000
   -26.93488     0.00000
   -26.92288     0.00000
   -26.90988     0.00000
   -26.89688     0.00000
   -26.88488     0.00000
   -26.87188     0.00000
   -26.85988     0.00000
   -26.84688     0.00000
   -26.83488     0.00000
   -26.82188     0.00000
   -26.80988     0.00000
   -26.79688     0.00000
   -26.78388     0.00000
   -26.77188     0.00000
   -26.75888     0.00000
   -26.74688     0.00000
   -26.73388     0.00000
   -26.72188     0.00000
   -26.70888     0.00000
   -26.69588     0.00000
   -26.68388     0.00000
   -26.67088     0.00000
   -26.65888     0.00000
   -26.64588     0.00000
   -26.63388     0.00000
   -26.62088     0.00000
   -26.60788     0.00000
   -26.59588     0.00000
   -26.58288     0.00000
   -26.57088     0.00000
   -26.55788     0.00000
   -26.54588     0.00000
   -26.53288     0.00000
   -26.51988     0.00000
   -26.50788     0.00000
   -26.49488     0.00000
   -26.48288     0.00000
   -26.46988     0.00000
   -26.45788     0.00000
   -26.44488     0.00000
   -26.43188     0.00000
   -26.41988     0.00000
   -26.40688     0.00000
   -26.39488     0.00000
   -26.38188     0.00000
   -26.36988     0.00000
   -26.35688     0.00000
   -26.34388     0.00000
   -26.33188     0.00000
   -26.31888     0.00000
   -26.30688     0.00000
   -26.29388     0.00000
   -26.28188     0.00000
   -26.26888     0.00000
   -26.25588     0.00000
   -26.24388     0.00000
   -26.23088     0.00000
   -26.21888     0.00000
   -26.20588     0.00000
   -26.19388     0.00000
   -26.18088     0.00000
   -26.16888     0.00000
   -26.15588     0.00000
   -26.14288     0.00000
   -26.13088     0.00000
   -26.11788     0.00000
   -26.10588     0.00000
   -26.09288     0.00000
   -26.08088     0.00000
   -26.06788     0.00000
   -26.05488     0.00000
   -26.04288     0.00000
   -26.02988     0.00000
   -26.01788     0.00000
   -26.00488     0.00000
   -25.99288     0.00000
   -25.97988     0.00000
   -25.96688     0.00000
   -25.95488     0.00000
   -25.94188     0.00000
   -25.92988     0.00000
   -25.91688     0.00000
   -25.90488     0.00000
   -25.89188     0.00000
   -25.87888     0.00000
   -25.86688     0.00000
   -25.85388     0.00000
   -25.84188     0.00000
   -25.82888     0.00000
   -25.81688     0.00000
   -25.80388     0.00000
   -25.79088     0.00000
   -25.77888     0.00000
   -25.76588     0.00000
   -25.75388     0.00000
   -25.74088     0.00000
   -25.72888     0.00000
   -25.71588     0.00000
   -25.70288     0.00000
   -25.69088     0.00000
   -25.67788     0.00000
   -25.66588     0.00000
   -25.65288     0.00000
   -25.64088     0.00000
   -25.62788     0.00000
   -25.61488     0.00000
   -25.60288     0.00000
   -25.58988     0.00000
   -25.57788     0.00000
   -25.56488     0.00000
   -25.55288     0.00000
   -25.53988     0.00000
   -25.52688     0.00000
   -25.51488     0.00000
   -25.50188     0.00000
   -25.48988     0.00000
   -25.47688     0.00000
   -25.46488     0.00000
   -25.45188     0.00000
   -25.43988     0.00000
   -25.42688     0.00000
   -25.41388     0.00000
   -25.40188     0.00000
   -25.38888     0.00000
   -25.37688     0.00000
   -25.36388     0.00000
   -25.35188     0.00000
   -25.33888     0.00000
   -25.32588     0.00000
   -25.31388     0.00000
   -25.30088     0.00000
   -25.28888     0.00000
   -25.27588     0.00000
   -25.26388     0.00000
   -25.25088     0.00000
   -25.23788     0.00000
   -25.22588     0.00000
   -25.21288     0.00000
   -25.20088     0.00000
   -25.18788     0.00000
   -25.17588     0.00000
   -25.16288     0.00000
   -25.14988     0.00000
   -25.13788     0.00000
   -25.12488     0.00000
   -25.11288     0.00000
   -25.09988     0.00000
   -25.08788     0.00000
   -25.07488     0.00000
   -25.06188     0.00000
   -25.04988     0.00000
   -25.03688     0.00000
   -25.02488     0.00000
   -25.01188     0.00000
   -24.99988     0.00000
   -24.98688     0.00000
   -24.97388     0.00000
   -24.96188     0.00000
   -24.94888     0.00000
   -24.93688     0.00000
   -24.92388     0.00000
   -24.91188     0.00000
   -24.89888     0.00000
   -24.88588     0.00000
   -24.87388     0.00000
   -24.86088     0.00000
   -24.84888     0.00000
   -24.83588     0.00000
   -24.82388     0.00000
   -24.81088     0.00000
   -24.79788     0.00000
   -24.78588     0.00000
   -24.77288     0.00000
   -24.76088     0.00000
   -24.74788     0.00000
   -24.73588     0.00000
   -24.72288     0.00000
   -24.71088     0.00000
   -24.69788     0.00000
   -24.68488     0.00000
   -24.67288     0.00000
   -24.65988     0.00000
   -24.64788     0.00000
   -24.63488     0.00000
   -24.62288     0.00000
   -24.60988     0.00000
   -24.59688     0.00000
   -24.58488     0.00000
   -24.57188     0.00000
   -24.55988     0.00000
   -24.54688     0.00000
   -24.53488     0.00000
   -24.52188     0.00000
   -24.50888     0.00000
   -24.49688     0.00000
   -24.48388     0.00000
   -24.47188     0.00000
   -24.45888     0.00000
   -24.44688     0.00000
   -24.43388     0.00000
   -24.42088     0.00000
   -24.40888     0.00000
   -24.39588     0.00000
   -24.38388     0.00000
   -24.37088     0.00000
   -24.35888     0.00000
   -24.34588     0.00000
   -24.33288     0.00000
   -24.32088     0.00000
   -24.30788     0.00000
   -24.29588     0.00000
   -24.28288     0.00000
   -24.27088     0.00000
   -24.25788     0.00000
   -24.24488     0.00000
   -24.23288     0.00000
   -24.21988     0.00000
   -24.20788     0.00000
   -24.19488     0.00000
   -24.18288     0.00000
   -24.16988     0.00000
   -24.15688     0.00000
   -24.14488     0.00000
   -24.13188     0.00000
   -24.11988     0.00000
   -24.10688     0.00000
   -24.09488     0.00000
   -24.08188     0.00000
   -24.06988     0.00000
   -24.05688     0.00000
   -24.04388     0.00000
   -24.03188     0.00000
   -24.01888     0.00000
   -24.00688     0.00000
   -23.99388     0.00000
   -23.98188     0.00000
   -23.96888     0.00000
   -23.95588     0.00000
   -23.94388     0.00000
   -23.93088     0.00000
   -23.91888     0.00000
   -23.90588     0.00000
   -23.89388     0.00000
   -23.88088     0.00000
   -23.86788     0.00000
   -23.85588     0.00000
   -23.84288     0.00000
   -23.83088     0.00000
   -23.81788     0.00000
   -23.80588     0.00000
   -23.79288     0.00000
   -23.77988     0.00000
   -23.76788     0.00000
   -23.75488     0.00000
   -23.74288     0.00000
   -23.72988     0.00000
   -23.71788     0.00000
   -23.70488     0.00000
   -23.69188     0.00000
   -23.67988     0.00000
   -23.66688     0.00000
   -23.65488     0.00000
   -23.64188     0.00000
   -23.62988     0.00000
   -23.61688     0.00000
   -23.60388     0.00000
   -23.59188     0.00000
   -23.57888     0.00000
   -23.56688     0.00000
   -23.55388     0.00000
   -23.54188     0.00000
   -23.52888     0.00000
   -23.51588     0.00000
   -23.50388     0.00000
   -23.49088     0.00000
   -23.47888     0.00000
   -23.46588     0.00000
   -23.45388     0.00000
   -23.44088     0.00000
   -23.42788     0.00000
   -23.41588     0.00000
   -23.40288     0.00000
   -23.39088     0.00000
   -23.37788     0.00000
   -23.36588     0.00000
   -23.35288     0.00000
   -23.34088     0.00000
   -23.32788     0.00000
   -23.31488     0.00000
   -23.30288     0.00000
   -23.28988     0.00000
   -23.27788     0.00000
   -23.26488     0.00000
   -23.25288     0.00000
   -23.23988     0.00000
   -23.22688     0.00000
   -23.21488     0.00000
   -23.20188     0.00000
   -23.18988     0.00000
   -23.17688     0.00000
   -23.16488     0.00000
   -23.15188     0.00000
   -23.13888     0.00000
   -23.12688     0.00000
   -23.11388     0.00000
   -23.10188     0.00000
   -23.08888     0.00000
   -23.07688     0.00000
   -23.06388     0.00000
   -23.05088     0.00000
   -23.03888     0.00000
   -23.02588     0.00000
   -23.01388     0.00000
   -23.00088     0.00000
   -22.98888     0.00000
   -22.97588     0.00000
   -22.96288     0.00000
   -22.95088     0.00000
   -22.93788     0.00000
   -22.92588     0.00000
   -22.91288     0.00000
   -22.90088     0.00000
   -22.88788     0.00000
   -22.87488     0.00000
   -22.86288     0.00000
   -22.84988     0.00000
   -22.83788     0.00000
   -22.82488     0.00000
   -22.81288     0.00000
   -22.79988     0.00000
   -22.78688     0.00000
   -22.77488     0.00000
   -22.76188     0.00000
   -22.74988     0.00000
   -22.73688     0.00000
   -22.72488     0.00000
   -22.71188     0.00000
   -22.69888     0.00000
   -22.68688     0.00000
   -22.67388     0.00000
   -22.66188     0.00000
   -22.64888     0.00000
   -22.63688     0.00000
   -22.62388     0.00000
   -22.61188     0.00000
   -22.59888     0.00000
   -22.58588     0.00000
   -22.57388     0.00000
   -22.56088     0.00000
   -22.54888     0.00000
   -22.53588     0.00000
   -22.52388     0.00000
   -22.51088     0.00000
   -22.49788     0.00000
   -22.48588     0.00000
   -22.47288     0.00000
   -22.46088     0.00000
   -22.44788     0.00000
   -22.43588     0.00000
   -22.42288     0.00000
   -22.40988     0.00000
   -22.39788     0.00000
   -22.38488     0.00000
   -22.37288     0.00000
   -22.35988     0.00000
   -22.34788     0.00000
   -22.33488     0.00000
   -22.32188     0.00000
   -22.30988     0.00000
   -22.29688     0.00000
   -22.28488     0.00000
   -22.27188     0.00000
   -22.25988     0.00000
   -22.24688     0.00000
   -22.23388     0.00000
   -22.22188     0.00000
   -22.20888     0.00000
   -22.19688     0.00000
   -22.18388     0.00000
   -22.17188     0.00000
   -22.15888     0.00000
   -22.14588     0.00000
   -22.13388     0.00000
   -22.12088     0.00000
   -22.10888     0.00000
   -22.09588     0.00000
   -22.08388     0.00000
   -22.07088     0.00000
   -22.05788     0.00000
   -22.04588     0.00000
   -22.03288     0.00000
   -22.02088     0.00000
   -22.00788     0.00000
   -21.99588     0.00000
   -21.98288     0.00000
   -21.96988     0.00000
   -21.95788     0.00000
   -21.94488     0.00000
   -21.93288     0.00000
   -21.91988     0.00000
   -21.90788     0.00000
   -21.89488     0.00000
   -21.88288     0.00000
   -21.86988     0.00000
   -21.85688     0.00000
   -21.84488     0.00000
   -21.83188     0.00000
   -21.81988     0.00000
   -21.80688     0.00000
   -21.79488     0.00000
   -21.78188     0.00000
   -21.76888     0.00000
   -21.75688     0.00000
   -21.74388     0.00000
   -21.73188     0.00000
   -21.71888     0.00000
   -21.70688     0.00000
   -21.69388     0.00000
   -21.68088     0.00000
   -21.66888     0.00000
   -21.65588     0.00000
   -21.64388     0.00000
   -21.63088     0.00000
   -21.61888     0.00000
   -21.60588     0.00000
   -21.59288     0.00000
   -21.58088     0.00000
   -21.56788     0.00000
   -21.55588     0.00000
   -21.54288     0.00000
   -21.53088     0.00000
   -21.51788     0.00000
   -21.50488     0.00000
   -21.49288     0.00000
   -21.47988     0.00000
   -21.46788     0.00000
   -21.45488     0.00000
   -21.44288     0.00000
   -21.42988     0.00000
   -21.41688     0.00000
   -21.40488     0.00000
   -21.39188     0.00000
   -21.37988     0.00000
   -21.36688     0.00000
   -21.35488     0.00000
   -21.34188     0.00000
   -21.32888     0.00000
   -21.31688     0.00000
   -21.30388     0.00000
   -21.29188     0.00000
   -21.27888     0.00000
   -21.26688     0.00000
   -21.25388     0.00000
   -21.24188     0.00000
   -21.22888     0.00000
   -21.21588     0.00000
   -21.20388     0.00000
   -21.19088     0.00000
   -21.17888     0.00000
   -21.16588     0.00000
   -21.15388     0.00000
   -21.14088     0.00000
   -21.12788     0.00000
   -21.11588     0.00000
   -21.10288     0.00000
   -21.09088     0.00000
   -21.07788     0.00000
   -21.06588     0.00000
   -21.05288     0.00000
   -21.03988     0.00000
   -21.02788     0.00000
   -21.01488     0.00000
   -21.00288     0.00000
   -20.98988     0.00000
   -20.97788     0.00000
   -20.96488     0.00000
   -20.95188     0.00000
   -20.93988     0.00000
   -20.92688     0.00000
   -20.91488     0.00000
   -20.90188     0.00000
   -20.88988     0.00000
   -20.87688     0.00000
   -20.86388     0.00000
   -20.85188     0.00000
   -20.83888     0.00000
   -20.82688     0.00000
   -20.81388     0.00000
   -20.80188     0.00000
   -20.78888     0.00000
   -20.77588     0.00000
   -20.76388     0.00000
   -20.75088     0.00000
   -20.73888     0.00000
   -20.72588     0.00000
   -20.71388     0.00000
   -20.70088     0.00000
   -20.68788     0.00000
   -20.67588     0.00000
   -20.66288     0.00000
   -20.65088     0.00000
   -20.63788     0.00000
   -20.62588     0.00000
   -20.61288     0.00000
   -20.59988     0.00000
   -20.58788     0.00000
   -20.57488     0.00000
   -20.56288     0.00000
   -20.54988     0.00000
   -20.53788     0.00000
   -20.52488     0.00000
   -20.51288     0.00000
   -20.49988     0.00000
   -20.48688     0.00000
   -20.47488     0.00000
   -20.46188     0.00000
   -20.44988     0.00000
   -20.43688     0.00000
   -20.42488     0.00000
   -20.41188     0.00000
   -20.39888     0.00000
   -20.38688     0.00000
   -20.37388     0.00000
   -20.36188     0.00000
   -20.34888     0.00000
   -20.33688     0.00000
   -20.32388     0.00000
   -20.31088     0.00000
   -20.29888     0.00000
   -20.28588     0.00000
   -20.27388     0.00000
   -20.26088     0.00000
   -20.24888     0.00000
   -20.23588     0.00000
   -20.22288     0.00000
   -20.21088     0.00000
   -20.19788     0.00000
   -20.18588     0.00000
   -20.17288     0.00000
   -20.16088     0.00000
   -20.14788     0.00000
   -20.13488     0.00000
   -20.12288     0.00000
   -20.10988     0.00000
   -20.09788     0.00000
   -20.08488     0.00000
   -20.07288     0.00000
   -20.05988     0.00000
   -20.04688     0.00000
   -20.03488     0.00000
   -20.02188     0.00000
   -20.00988     0.00000
   -19.99688     0.00000
   -19.98488     0.00000
   -19.97188     0.00000
   -19.95888     0.00000
   -19.94688     0.00000
   -19.93388     0.00000
   -19.92188     0.00000
   -19.90888     0.00000
   -19.89688     0.00000
   -19.88388     0.00000
   -19.87088     0.00000
   -19.85888     0.00000
   -19.84588     0.00000
   -19.83388     0.00000
   -19.82088     0.00000
   -19.80888     0.00000
   -19.79588     0.00000
   -19.78388     0.00000
   -19.77088     0.00000
   -19.75788     0.00000
   -19.74588     0.00000
   -19.73288     0.00000
   -19.72088     0.00000
   -19.70788     0.00000
   -19.69588     0.00000
   -19.68288     0.00000
   -19.66988     0.00000
   -19.65788     0.00000
   -19.64488     0.00000
   -19.63288     0.00000
   -19.61988     0.00000
   -19.60788     0.00000
   -19.59488     0.00000
   -19.58188     0.00000
   -19.56988     0.00000
   -19.55688     0.00000
   -19.54488     0.00000
   -19.53188     0.00000
   -19.51988     0.00000
   -19.50688     0.00000
   -19.49388     0.00000
   -19.48188     0.00000
   -19.46888     0.00000
   -19.45688     0.00000
   -19.44388     0.00000
   -19.43188     0.00000
   -19.41888     0.00000
   -19.40588     0.00000
   -19.39388     0.00000
   -19.38088     0.00000
   -19.36888     0.00000
   -19.35588     0.00000
   -19.34388     0.00000
   -19.33088     0.00000
   -19.31788     0.00000
   -19.30588     0.00000
   -19.29288     0.00000
   -19.28088     0.00000
   -19.26788     0.00000
   -19.25588     0.00000
   -19.24288     0.00000
   -19.22988     0.00000
   -19.21788     0.00000
   -19.20488     0.00000
   -19.19288     0.00000
   -19.17988     0.00000
   -19.16788     0.00000
   -19.15488     0.00000
   -19.14288     0.00000
   -19.12988     0.00000
   -19.11688     0.00000
   -19.10488     0.00000
   -19.09188     0.00000
   -19.07988     0.00000
   -19.06688     0.00000
   -19.05488     0.00000
   -19.04188     0.00000
   -19.02888     0.00000
   -19.01688     0.00000
   -19.00388     0.00000
   -18.99188     0.00000
   -18.97888     0.00000
   -18.96688     0.00000
   -18.95388     0.00000
   -18.94088     0.00000
   -18.92888     0.00000
   -18.91588     0.00000
   -18.90388     0.00000
   -18.89088     0.00000
   -18.87888     0.00000
   -18.86588     0.00000
   -18.85288     0.00000
   -18.84088     0.00000
   -18.82788     0.00000
   -18.81588     0.00000
   -18.80288     0.00000
   -18.79088     0.00000
   -18.77788     0.00000
   -18.76488     0.00000
   -18.75288     0.00000
   -18.73988     0.00000
   -18.72788     0.00000
   -18.71488     0.00000
   -18.70288     0.00000
   -18.68988     0.00000
   -18.67688     0.00000
   -18.66488     0.00000
   -18.65188     0.00000
   -18.63988     0.00000
   -18.62688     0.00000
   -18.61488     0.00000
   -18.60188     0.00000
   -18.58888     0.00000
   -18.57688     0.00000
   -18.56388     0.00000
   -18.55188     0.00000
   -18.53888     0.00000
   -18.52688     0.00000
   -18.51388     0.00000
   -18.50088     0.00000
   -18.48888     0.00000
   -18.47588     0.00000
   -18.46388     0.00000
   -18.45088     0.00000
   -18.43888     0.00000
   -18.42588     0.00000
   -18.41388     0.00000
   -18.40088     0.00000
   -18.38788     0.00000
   -18.37588     0.00000
   -18.36288     0.00000
   -18.35088     0.00000
   -18.33788     0.00000
   -18.32588     0.00000
   -18.31288     0.00000
   -18.29988     0.00000
   -18.28788     0.00000
   -18.27488     0.00000
   -18.26288     0.00000
   -18.24988     0.00000
   -18.23788     0.00000
   -18.22488     0.00000
   -18.21188     0.00000
   -18.19988     0.00000
   -18.18688     0.00000
   -18.17488     0.00000
   -18.16188     0.00000
   -18.14988     0.00000
   -18.13688     0.00000
   -18.12388     0.00000
   -18.11188     0.00000
   -18.09888     0.00000
   -18.08688     0.00000
   -18.07388     0.00000
   -18.06188     0.00000
   -18.04888     0.00000
   -18.03588     0.00000
   -18.02388     0.00000
   -18.01088     0.00000
   -17.99888     0.00000
   -17.98588     0.00000
   -17.97388     0.00000
   -17.96088     0.00000
   -17.94788     0.00000
   -17.93588     0.00000
   -17.92288     0.00000
   -17.91088     0.00000
   -17.89788     0.00000
   -17.88588     0.00000
   -17.87288     0.00000
   -17.85988     0.00000
   -17.84788     0.00000
   -17.83488     0.00000
   -17.82288     0.00000
   -17.80988     0.00000
   -17.79788     0.00000
   -17.78488     0.00000
   -17.77188     0.00000
   -17.75988     0.00000
   -17.74688     0.00000
   -17.73488     0.00000
   -17.72188     0.00000
   -17.70988     0.00000
   -17.69688     0.00000
   -17.68488     0.00000
   -17.67188     0.00000
   -17.65888     0.00000
   -17.64688     0.00000
   -17.63388     0.00000
   -17.62188     0.00000
   -17.60888     0.00000
   -17.59688     0.00000
   -17.58388     0.00000
   -17.57088     0.00000
   -17.55888     0.00000
   -17.54588     0.00000
   -17.53388     0.00000
   -17.52088     0.00000
   -17.50888     0.00000
   -17.49588     0.00000
   -17.48288     0.00000
   -17.47088     0.00000
   -17.45788     0.00000
   -17.44588     0.00000
   -17.43288     0.00000
   -17.42088     0.00000
   -17.40788     0.00000
   -17.39488     0.00000
   -17.38288     0.00000
   -17.36988     0.00000
   -17.35788     0.00000
   -17.34488     0.00000
   -17.33288     0.00000
   -17.31988     0.00000
   -17.30688     0.00000
   -17.29488     0.00000
   -17.28188     0.00000
   -17.26988     0.00000
   -17.25688     0.00000
   -17.24488     0.00000
   -17.23188     0.00000
   -17.21888     0.00000
   -17.20688     0.00000
   -17.19388     0.00000
   -17.18188     0.00000
   -17.16888     0.00000
   -17.15688     0.00000
   -17.14388     0.00000
   -17.13088     0.00000
   -17.11888     0.00000
   -17.10588     0.00000
   -17.09388     0.00000
   -17.08088     0.00000
   -17.06888     0.00000
   -17.05588     0.00000
   -17.04388     0.00000
   -17.03088     0.00000
   -17.01788     0.00000
   -17.00588     0.00000
   -16.99288     0.00000
   -16.98088     0.00000
   -16.96788     0.00000
   -16.95588     0.00000
   -16.94288     0.00000
   -16.92988     0.00000
   -16.91788     0.00000
   -16.90488     0.00000
   -16.89288     0.00000
   -16.87988     0.00000
   -16.86788     0.00000
   -16.85488     0.00000
   -16.84188     0.00000
   -16.82988     0.00000
   -16.81688     0.00000
   -16.80488     0.00000
   -16.79188     0.00000
   -16.77988     0.00000
   -16.76688     0.00000
   -16.75388     0.00000
   -16.74188     0.00000
   -16.72888     0.00000
   -16.71688     0.00000
   -16.70388     0.00000
   -16.69188     0.00000
   -16.67888     0.00000
   -16.66588     0.00000
   -16.65388     0.00000
   -16.64088     0.00000
   -16.62888     0.00000
   -16.61588     0.00000
   -16.60388     0.00000
   -16.59088     0.00000
   -16.57788     0.00000
   -16.56588     0.00000
   -16.55288     0.00000
   -16.54088     0.00000
   -16.52788     0.00000
   -16.51588     0.00000
   -16.50288     0.00000
   -16.48988     0.00000
   -16.47788     0.00000
   -16.46488     0.00000
   -16.45288     0.00000
   -16.43988     0.00000
   -16.42788     0.00000
   -16.41488     0.00000
   -16.40188     0.00000
   -16.38988     0.00000
   -16.37688     0.00000
   -16.36488     0.00000
   -16.35188     0.00000
   -16.33988     0.00000
   -16.32688     0.00000
   -16.31488     0.00000
   -16.30188     0.00000
   -16.28888     0.00000
   -16.27688     0.00000
   -16.26388     0.00000
   -16.25188     0.00000
   -16.23888     0.00000
   -16.22688     0.00000
   -16.21388     0.00000
   -16.20088     0.00000
   -16.18888     0.00000
   -16.17588     0.00000
   -16.16388     0.00000
   -16.15088     0.00000
   -16.13888     0.00000
   -16.12588     0.00000
   -16.11288     0.00000
   -16.10088     0.00000
   -16.08788     0.00000
   -16.07588     0.00000
   -16.06288     0.00000
   -16.05088     0.00000
   -16.03788     0.00000
   -16.02488     0.00000
   -16.01288     0.00000
   -15.99988     0.00000
   -15.98788     0.00000
   -15.97488     0.00000
   -15.96288     0.00000
   -15.94988     0.00000
   -15.93688     0.00000
   -15.92488     0.00000
   -15.91188     0.00000
   -15.89988     0.00000
   -15.88688     0.00000
   -15.87488     0.00000
   -15.86188     0.00000
   -15.84888     0.00000
   -15.83688     0.00000
   -15.82388     0.00000
   -15.81188     0.00000
   -15.79888     0.00000
   -15.78688     0.00000
   -15.77388     0.00000
   -15.76088     0.00000
   -15.74888     0.00000
   -15.73588     0.00000
   -15.72388     0.00000
   -15.71088     0.00000
   -15.69888     0.00000
   -15.68588     0.00000
   -15.67288     0.00000
   -15.66088     0.00000
   -15.64788     0.00000
   -15.63588     0.00000
   -15.62288     0.00000
   -15.61088     0.00000
   -15.59788     0.00000
   -15.58588     0.00000
   -15.57288     0.00000
   -15.55988     0.00000
   -15.54788     0.00000
   -15.53488     0.00000
   -15.52288     0.00000
   -15.50988     0.00000
   -15.49788     0.00000
   -15.48488     0.00000
   -15.47188     0.00000
   -15.45988     0.00000
   -15.44688     0.00000
   -15.43488     0.00000
   -15.42188     0.00000
   -15.40988     0.00000
   -15.39688     0.00000
   -15.38388     0.00000
   -15.37188     0.00000
   -15.35888     0.00000
   -15.34688     0.00000
   -15.33388     0.00000
   -15.32188     0.00000
   -15.30888     0.00000
   -15.29588     0.00000
   -15.28388     0.00000
   -15.27088     0.00000
   -15.25888     0.00000
   -15.24588     0.00000
   -15.23388     0.00000
   -15.22088     0.00000
   -15.20788     0.00000
   -15.19588     0.00000
   -15.18288     0.00000
   -15.17088     0.00000
   -15.15788     0.00000
   -15.14588     0.00000
   -15.13288     0.00000
   -15.11988     0.00000
   -15.10788     0.00000
   -15.09488     0.00000
   -15.08288     0.00000
   -15.06988     0.00000
   -15.05788     0.00000
   -15.04488     0.00000
   -15.03188     0.00000
   -15.01988     0.00000
   -15.00688     0.00000
   -14.99488     0.00000
   -14.98188     0.00000
   -14.96988     0.00000
   -14.95688     0.00000
   -14.94488     0.00000
   -14.93188     0.00000
   -14.91888     0.00000
   -14.90688     0.00000
   -14.89388     0.00000
   -14.88188     0.00000
   -14.86888     0.00000
   -14.85688     0.00000
   -14.84388     0.00000
   -14.83088     0.00000
   -14.81888     0.00000
   -14.80588     0.00000
   -14.79388     0.00000
   -14.78088     0.00000
   -14.76888     0.00000
   -14.75588     0.00000
   -14.74288     0.00000
   -14.73088     0.00000
   -14.71788     0.00000
   -14.70588     0.00000
   -14.69288     0.00000
   -14.68088     0.00000
   -14.66788     0.00000
   -14.65488     0.00000
   -14.64288     0.00000
   -14.62988     0.00000
   -14.61788     0.00000
   -14.60488     0.00000
   -14.59288     0.00000
   -14.57988     0.00000
   -14.56688     0.00000
   -14.55488     0.00000
   -14.54188     0.00000
   -14.52988     0.00000
   -14.51688     0.00000
   -14.50488     0.00000
   -14.49188     0.00000
   -14.47888     0.00000
   -14.46688     0.00000
   -14.45388     0.00000
   -14.44188     0.00000
   -14.42888     0.00000
   -14.41688     0.00000
   -14.40388     0.00000
   -14.39088     0.00000
   -14.37888     0.00000
   -14.36588     0.00000
   -14.35388     0.00000
   -14.34088     0.00000
   -14.32888     0.00000
   -14.31588     0.00000
   -14.30288     0.00000
   -14.29088     0.00000
   -14.27788     0.00000
   -14.26588     0.00000
   -14.25288     0.00000
   -14.24088     0.00000
   -14.22788     0.00000
   -14.21588     0.00000
   -14.20288     0.00000
   -14.18988     0.00000
   -14.17788     0.00000
   -14.16488     0.00000
   -14.15288     0.00000
   -14.13988     0.00000
   -14.12788     0.00000
   -14.11488     0.00000
   -14.10188     0.00000
   -14.08988     0.00000
   -14.07688     0.00000
   -14.06488     0.00000
   -14.05188     0.00000
   -14.03988     0.00000
   -14.02688     0.00000
   -14.01388     0.00000
   -14.00188     0.00000
   -13.98888     0.00000
   -13.97688     0.00000
   -13.96388     0.00000
   -13.95188     0.00000
   -13.93888     0.00000
   -13.92588     0.00000
   -13.91388     0.00000
   -13.90088     0.00000
   -13.88888     0.00002
   -13.87588     0.00008
   -13.86388     0.00027
   -13.85088     0.00080
   -13.83788     0.00213
   -13.82588     0.00500
   -13.81288     0.01035
   -13.80088     0.01892
   -13.78788     0.03050
   -13.77588     0.04339
   -13.76288     0.05451
   -13.74988     0.06047
   -13.73788     0.05941
   -13.72488     0.05222
   -13.71288     0.04258
   -13.69988     0.03597
   -13.68788     0.03827
   -13.67488     0.05445
   -13.66188     0.08683
   -13.64988     0.13299
   -13.63688     0.18414
   -13.62488     0.22648
   -13.61188     0.24637
   -13.59988     0.23687
   -13.58688     0.20184
   -13.57388     0.15413
   -13.56188     0.10985
   -13.54888     0.08240
   -13.53688     0.07934
   -13.52388     0.10158
   -13.51188     0.14335
   -13.49888     0.19251
   -13.48688     0.23300
   -13.47388     0.25023
   -13.46088     0.23745
   -13.44888     0.19894
   -13.43588     0.14711
   -13.42388     0.09607
   -13.41088     0.05565
   -13.39888     0.02939
   -13.38588     0.01653
   -13.37288     0.01536
   -13.36088     0.02592
   -13.34788     0.05032
   -13.33588     0.09082
   -13.32288     0.14614
   -13.31088     0.20856
   -13.29788     0.26417
   -13.28488     0.29888
   -13.27288     0.30553
   -13.25988     0.29059
   -13.24788     0.27311
   -13.23488     0.27706
   -13.22288     0.32235
   -13.20988     0.41790
   -13.19688     0.55717
   -13.18488     0.71663
   -13.17188     0.86021
   -13.15988     0.94869
   -13.14688     0.95634
   -13.13488     0.88508
   -13.12188     0.76793
   -13.10888     0.65553
   -13.09688     0.59437
   -13.08388     0.60742
   -13.07188     0.68531
   -13.05888     0.79079
   -13.04688     0.87457
   -13.03388     0.89408
   -13.02088     0.83161
   -13.00888     0.69979
   -12.99588     0.53502
   -12.98388     0.37840
   -12.97088     0.25935
   -12.95888     0.18693
   -12.94588     0.15242
   -12.93288     0.13829
   -12.92088     0.12798
   -12.90788     0.11219
   -12.89588     0.09040
   -12.88288     0.06829
   -12.87088     0.05410
   -12.85788     0.05590
   -12.84588     0.08052
   -12.83288     0.13287
   -12.81988     0.21426
   -12.80788     0.32023
   -12.79488     0.43900
   -12.78288     0.55283
   -12.76988     0.64106
   -12.75788     0.68581
   -12.74488     0.67827
   -12.73188     0.62406
   -12.71988     0.54433
   -12.70688     0.47174
   -12.69488     0.44010
   -12.68188     0.46970
   -12.66988     0.55605
   -12.65688     0.66765
   -12.64388     0.75789
   -12.63188     0.78783
   -12.61888     0.74511
   -12.60688     0.64881
   -12.59388     0.53578
   -12.58188     0.43997
   -12.56888     0.37817
   -12.55588     0.34889
   -12.54388     0.33915
   -12.53088     0.33428
   -12.51888     0.32470
   -12.50588     0.30965
   -12.49388     0.29652
   -12.48088     0.29855
   -12.46788     0.32959
   -12.45588     0.39816
   -12.44288     0.50386
   -12.43088     0.63500
   -12.41788     0.76947
   -12.40588     0.87723
   -12.39288     0.92800
   -12.37988     0.90313
   -12.36788     0.80403
   -12.35488     0.65366
   -12.34288     0.48578
   -12.32988     0.33152
   -12.31788     0.20908
   -12.30488     0.12281
   -12.29188     0.06816
   -12.27988     0.03774
   -12.26688     0.02574
   -12.25488     0.02982
   -12.24188     0.05112
   -12.22988     0.09244
   -12.21688     0.15445
   -12.20388     0.23134
   -12.19188     0.30888
   -12.17888     0.36823
   -12.16688     0.39476
   -12.15388     0.38735
   -12.14188     0.36147
   -12.12888     0.34523
   -12.11688     0.36987
   -12.10388     0.46177
   -12.09088     0.63397
   -12.07888     0.87945
   -12.06588     1.16507
   -12.05388     1.43380
   -12.04088     1.61986
   -12.02888     1.67255
   -12.01588     1.57793
   -12.00288     1.36506
   -11.99088     1.09246
   -11.97788     0.82628
   -11.96588     0.61876
   -11.95288     0.50058
   -11.94088     0.47904
   -11.92788     0.54011
   -11.91488     0.64871
   -11.90288     0.75514
   -11.88988     0.81110
   -11.87788     0.79048
   -11.86488     0.70172
   -11.85288     0.58095
   -11.83988     0.47157
   -11.82688     0.40347
   -11.81488     0.38353
   -11.80188     0.39999
   -11.78988     0.43288
   -11.77688     0.46420
   -11.76488     0.48492
   -11.75188     0.49661
   -11.73888     0.50845
   -11.72688     0.52713
   -11.71388     0.54971
   -11.70188     0.56306
   -11.68888     0.55361
   -11.67688     0.51854
   -11.66388     0.47288
   -11.65088     0.44471
   -11.63888     0.46238
   -11.62588     0.53905
   -11.61388     0.66412
   -11.60088     0.80432
   -11.58888     0.92081
   -11.57588     0.99230
   -11.56288     1.03208
   -11.55088     1.08338
   -11.53788     1.19223
   -11.52588     1.37495
   -11.51288     1.60546
   -11.50088     1.82673
   -11.48788     1.97916
   -11.47488     2.02414
   -11.46288     1.95211
   -11.44988     1.78311
   -11.43788     1.56033
   -11.42488     1.34237
   -11.41288     1.18822
   -11.39988     1.13570
   -11.38788     1.18384
   -11.37488     1.29184
   -11.36188     1.39827
   -11.34988     1.44983
   -11.33688     1.42410
   -11.32488     1.33092
   -11.31188     1.19524
   -11.29988     1.04006
   -11.28688     0.87880
   -11.27388     0.72129
   -11.26188     0.58166
   -11.24888     0.47908
   -11.23688     0.43215
   -11.22388     0.44996
   -11.21188     0.52490
   -11.19888     0.63365
   -11.18588     0.74268
   -11.17388     0.81908
   -11.16088     0.84206
   -11.14888     0.80959
   -11.13588     0.73897
   -11.12388     0.66021
   -11.11088     0.60395
   -11.09788     0.59140
   -11.08588     0.62642
   -11.07288     0.69633
   -11.06088     0.78016
   -11.04788     0.85745
   -11.03588     0.91566
   -11.02288     0.95506
   -11.00988     0.98779
   -10.99788     1.03489
   -10.98488     1.11529
   -10.97288     1.23381
   -10.95988     1.37228
   -10.94788     1.49270
   -10.93488     1.55331
   -10.92188     1.52581
   -10.90988     1.40558
   -10.89688     1.21076
   -10.88488     0.97559
   -10.87188     0.73839
   -10.85988     0.53285
   -10.84688     0.37864
   -10.83388     0.27943
   -10.82188     0.22637
   -10.80888     0.20704
   -10.79688     0.21453
   -10.78388     0.25054
   -10.77188     0.31972
   -10.75888     0.41931
   -10.74688     0.53195
   -10.73388     0.62766
   -10.72088     0.67882
   -10.70888     0.67381
   -10.69588     0.62186
   -10.68388     0.54513
   -10.67088     0.46391
   -10.65888     0.38870
   -10.64588     0.32304
   -10.63288     0.27147
   -10.62088     0.24497
   -10.60788     0.25781
   -10.59588     0.31810
   -10.58288     0.41841
   -10.57088     0.53496
   -10.55788     0.63598
   -10.54488     0.69911
   -10.53288     0.72212
   -10.51988     0.72098
   -10.50788     0.71456
   -10.49488     0.70893
   -10.48288     0.69518
   -10.46988     0.66109
   -10.45688     0.60439
   -10.44488     0.53661
   -10.43188     0.47365
   -10.41988     0.42624
   -10.40688     0.39634
   -10.39488     0.38395
   -10.38188     0.39435
   -10.36888     0.43818
   -10.35688     0.52388
   -10.34388     0.64508
   -10.33188     0.77500
   -10.31888     0.87369
   -10.30688     0.90611
   -10.29388     0.85982
   -10.28088     0.75086
   -10.26888     0.61402
   -10.25588     0.48881
   -10.24388     0.40864
   -10.23088     0.39690
   -10.21888     0.46518
   -10.20588     0.60772
   -10.19288     0.79622
   -10.18088     0.98531
   -10.16788     1.12983
   -10.15588     1.20770
   -10.14288     1.22946
   -10.13088     1.22552
   -10.11788     1.22190
   -10.10488     1.22376
   -10.09288     1.21722
   -10.07988     1.18528
   -10.06788     1.12075
   -10.05488     1.02839
   -10.04288     0.92165
   -10.02988     0.81819
   -10.01788     0.73828
   -10.00488     0.70088
    -9.99188     0.71755
    -9.97988     0.78929
    -9.96688     0.90417
    -9.95488     1.03830
    -9.94188     1.15571
    -9.92988     1.21509
    -9.91688     1.18274
    -9.90388     1.05135
    -9.89188     0.84717
    -9.87888     0.62259
    -9.86688     0.43666
    -9.85388     0.33737
    -9.84188     0.35575
    -9.82888     0.50319
    -9.81588     0.76776
    -9.80388     1.10632
    -9.79088     1.44458
    -9.77888     1.69377
    -9.76588     1.78341
    -9.75388     1.69030
    -9.74088     1.44726
    -9.72788     1.12471
    -9.71588     0.80072
    -9.70288     0.53577
    -9.69088     0.36214
    -9.67788     0.28815
    -9.66588     0.30583
    -9.65288     0.39713
    -9.63988     0.53421
    -9.62788     0.67845
    -9.61488     0.78553
    -9.60288     0.81809
    -9.58988     0.76254
    -9.57788     0.63574
    -9.56488     0.47806
    -9.55188     0.33382
    -9.53988     0.23323
    -9.52688     0.18446
    -9.51488     0.17653
    -9.50188     0.18907
    -9.48988     0.20351
    -9.47688     0.21241
    -9.46388     0.22410
    -9.45188     0.26014
    -9.43888     0.34497
    -9.42688     0.49039
    -9.41388     0.68193
    -9.40188     0.87496
    -9.38888     1.00957
    -9.37588     1.03686
    -9.36388     0.94437
    -9.35088     0.76123
    -9.33888     0.54310
    -9.32588     0.34253
    -9.31388     0.19101
    -9.30088     0.09416
    -9.28888     0.04101
    -9.27588     0.01582
    -9.26288     0.00551
    -9.25088     0.00209
    -9.23788     0.00183
    -9.22588     0.00370
    -9.21288     0.00820
    -9.20088     0.01640
    -9.18788     0.02901
    -9.17488     0.04526
    -9.16288     0.06235
    -9.14988     0.07576
    -9.13788     0.08126
    -9.12488     0.07689
    -9.11288     0.06422
    -9.09988     0.04733
    -9.08688     0.03078
    -9.07488     0.01766
    -9.06188     0.00894
    -9.04988     0.00400
    -9.03688     0.00158
    -9.02488     0.00055
    -9.01188     0.00018
    -8.99888     0.00011
    -8.98688     0.00026
    -8.97388     0.00092
    -8.96188     0.00299
    -8.94888     0.00875
    -8.93688     0.02282
    -8.92388     0.05285
    -8.91088     0.10850
    -8.89888     0.19715
    -8.88588     0.31692
    -8.87388     0.45064
    -8.86088     0.56734
    -8.84888     0.63421
    -8.83588     0.63446
    -8.82288     0.57784
    -8.81088     0.49734
    -8.79788     0.43186
    -8.78588     0.40749
    -8.77288     0.42784
    -8.76088     0.47696
    -8.74788     0.52979
    -8.73488     0.56168
    -8.72288     0.55733
    -8.70988     0.51245
    -8.69788     0.43558
    -8.68488     0.34421
    -8.67288     0.25973
    -8.65988     0.20069
    -8.64688     0.17872
    -8.63488     0.19740
    -8.62188     0.25423
    -8.60988     0.34226
    -8.59688     0.45173
    -8.58488     0.57092
    -8.57188     0.68907
    -8.55988     0.80106
    -8.54688     0.90832
    -8.53388     1.01733
    -8.52188     1.13269
    -8.50888     1.24921
    -8.49688     1.34851
    -8.48388     1.40496
    -8.47188     1.39940
    -8.45888     1.33445
    -8.44588     1.23760
    -8.43388     1.14768
    -8.42088     1.09318
    -8.40888     1.07689
    -8.39588     1.07990
    -8.38388     1.08131
    -8.37088     1.07946
    -8.35788     1.09799
    -8.34588     1.16948
    -8.33288     1.30659
    -8.32088     1.48338
    -8.30788     1.64072
    -8.29588     1.71419
    -8.28288     1.66563
    -8.26988     1.50016
    -8.25788     1.25969
    -8.24488     1.00378
    -8.23288     0.78594
    -8.21988     0.63785
    -8.20788     0.56384
    -8.19488     0.54818
    -8.18188     0.56762
    -8.16988     0.60519
    -8.15688     0.65519
    -8.14488     0.72238
    -8.13188     0.81613
    -8.11988     0.94221
    -8.10688     1.09534
    -8.09388     1.25249
    -8.08188     1.37526
    -8.06888     1.42364
    -8.05688     1.37575
    -8.04388     1.24030
    -8.03188     1.05272
    -8.01888     0.85883
    -8.00588     0.69673
    -7.99388     0.58723
    -7.98088     0.53419
    -7.96888     0.52864
    -7.95588     0.55294
    -7.94388     0.58414
    -7.93088     0.59776
    -7.91888     0.57517
    -7.90588     0.51051
    -7.89288     0.41440
    -7.88088     0.30908
    -7.86788     0.21908
    -7.85588     0.16274
    -7.84288     0.14912
    -7.83088     0.18093
    -7.81788     0.25927
    -7.80488     0.38565
    -7.79288     0.55870
    -7.77988     0.76725
    -7.76788     0.98557
    -7.75488     1.17622
    -7.74288     1.30267
    -7.72988     1.34292
    -7.71688     1.29782
    -7.70488     1.18695
    -7.69188     1.03661
    -7.67988     0.86989
    -7.66688     0.70421
    -7.65488     0.55756
    -7.64188     0.45432
    -7.62888     0.42418
    -7.61688     0.49347
    -7.60388     0.66941
    -7.59188     0.92918
    -7.57888     1.21746
    -7.56688     1.46202
    -7.55388     1.59850
    -7.54088     1.59739
    -7.52888     1.47321
    -7.51588     1.27866
    -7.50388     1.08253
    -7.49088     0.95138
    -7.47888     0.93440
    -7.46588     1.05098
    -7.45288     1.27990
    -7.44088     1.55654
    -7.42788     1.78779
    -7.41588     1.88698
    -7.40288     1.81159
    -7.39088     1.58185
    -7.37788     1.26660
    -7.36488     0.94640
    -7.35288     0.67943
    -7.33988     0.48545
    -7.32788     0.35484
    -7.31488     0.26692
    -7.30288     0.20621
    -7.28988     0.16748
    -7.27688     0.15177
    -7.26488     0.15969
    -7.25188     0.18727
    -7.23988     0.22639
    -7.22688     0.26852
    -7.21488     0.30898
    -7.20188     0.34911
    -7.18988     0.39356
    -7.17688     0.44389
    -7.16388     0.49239
    -7.15188     0.52212
    -7.13888     0.51522
    -7.12688     0.46392
    -7.11388     0.37655
    -7.10188     0.27376
    -7.08888     0.17849
    -7.07588     0.10702
    -7.06388     0.06639
    -7.05088     0.05810
    -7.03888     0.08324
    -7.02588     0.14496
    -7.01388     0.24631
    -7.00088     0.38459
    -6.98788     0.54565
    -6.97588     0.70263
    -6.96288     0.82175
    -6.95088     0.87484
    -6.93788     0.85055
    -6.92588     0.75981
    -6.91288     0.62911
    -6.89988     0.48918
    -6.88788     0.36342
    -6.87488     0.26328
    -6.86288     0.18959
    -6.84988     0.13760
    -6.83788     0.10200
    -6.82488     0.08033
    -6.81188     0.07476
    -6.79988     0.09188
    -6.78688     0.14062
    -6.77488     0.22818
    -6.76188     0.35499
    -6.74988     0.51082
    -6.73688     0.67416
    -6.72388     0.81805
    -6.71188     0.91738
    -6.69888     0.95744
    -6.68688     0.93701
    -6.67388     0.86859
    -6.66188     0.77492
    -6.64888     0.68320
    -6.63588     0.61649
    -6.62388     0.58472
    -6.61088     0.58008
    -6.59888     0.58048
    -6.58588     0.56258
    -6.57388     0.51733
    -6.56088     0.45944
    -6.54788     0.42457
    -6.53588     0.45469
    -6.52288     0.57724
    -6.51088     0.78636
    -6.49788     1.03635
    -6.48588     1.25362
    -6.47288     1.36755
    -6.46088     1.34257
    -6.44788     1.19382
    -6.43488     0.97251
    -6.42288     0.73950
    -6.40988     0.54071
    -6.39788     0.39953
    -6.38488     0.32174
    -6.37288     0.30119
    -6.35988     0.32313
    -6.34688     0.36717
    -6.33488     0.41189
    -6.32188     0.44128
    -6.30988     0.44827
    -6.29688     0.43379
    -6.28488     0.40501
    -6.27188     0.37085
    -6.25888     0.33918
    -6.24688     0.31382
    -6.23388     0.29302
    -6.22188     0.27080
    -6.20888     0.24087
    -6.19688     0.20089
    -6.18388     0.15407
    -6.17088     0.10736
    -6.15888     0.06775
    -6.14588     0.03968
    -6.13388     0.02495
    -6.12088     0.02491
    -6.10888     0.04308
    -6.09588     0.08593
    -6.08288     0.16034
    -6.07088     0.26739
    -6.05788     0.39559
    -6.04588     0.51937
    -6.03288     0.60755
    -6.02088     0.63949
    -6.00788     0.61916
    -5.99488     0.57582
    -5.98288     0.54800
    -5.96988     0.56065
    -5.95788     0.61073
    -5.94488     0.67122
    -5.93288     0.71000
    -5.91988     0.71062
    -5.90688     0.67927
    -5.89488     0.63462
    -5.88188     0.59322
    -5.86988     0.56040
    -5.85688     0.53419
    -5.84488     0.51233
    -5.83188     0.49474
    -5.81988     0.48071
    -5.80688     0.46615
    -5.79388     0.44478
    -5.78188     0.41222
    -5.76888     0.36872
    -5.75688     0.31867
    -5.74388     0.26782
    -5.73188     0.22124
    -5.71888     0.18347
    -5.70588     0.15958
    -5.69388     0.15546
    -5.68088     0.17526
    -5.66888     0.21676
    -5.65588     0.26821
    -5.64388     0.31072
    -5.63088     0.32574
    -5.61788     0.30458
    -5.60588     0.25249
    -5.59288     0.18510
    -5.58088     0.11992
    -5.56788     0.06861
    -5.55588     0.03468
    -5.54288     0.01549
    -5.52988     0.00617
    -5.51788     0.00231
    -5.50488     0.00109
    -5.49288     0.00108
    -5.47988     0.00173
    -5.46788     0.00281
    -5.45488     0.00418
    -5.44188     0.00574
    -5.42988     0.00769
    -5.41688     0.01108
    -5.40488     0.01836
    -5.39188     0.03362
    -5.37988     0.06174
    -5.36688     0.10652
    -5.35388     0.16832
    -5.34188     0.24333
    -5.32888     0.32631
    -5.31688     0.41609
    -5.30388     0.51882
    -5.29188     0.64676
    -5.27888     0.80657
    -5.26588     0.98747
    -5.25388     1.15505
    -5.24088     1.25921
    -5.22888     1.25747
    -5.21588     1.13655
    -5.20388     0.92364
    -5.19088     0.67198
    -5.17788     0.43792
    -5.16588     0.25954
    -5.15288     0.14941
    -5.14088     0.10148
    -5.12788     0.10144
    -5.11588     0.13387
    -5.10288     0.18483
    -5.09088     0.24260
    -5.07788     0.29928
    -5.06488     0.35142
    -5.05288     0.39800
    -5.03988     0.43654
    -5.02788     0.46090
    -5.01488     0.46389
    -5.00288     0.44221
    -4.98988     0.39936
    -4.97688     0.34410
    -4.96488     0.28658
    -4.95188     0.23562
    -4.93988     0.19739
    -4.92688     0.17431
    -4.91488     0.16393
    -4.90188     0.15943
    -4.88888     0.15277
    -4.87688     0.13862
    -4.86388     0.11673
    -4.85188     0.09091
    -4.83888     0.06637
    -4.82688     0.04716
    -4.81388     0.03525
    -4.80088     0.03067
    -4.78888     0.03190
    -4.77588     0.03654
    -4.76388     0.04221
    -4.75088     0.04822
    -4.73888     0.05686
    -4.72588     0.07343
    -4.71288     0.10382
    -4.70088     0.15014
    -4.68788     0.20668
    -4.67588     0.25955
    -4.66288     0.29169
    -4.65088     0.29145
    -4.63788     0.25925
    -4.62488     0.20800
    -4.61288     0.15662
    -4.59988     0.12155
    -4.58788     0.11102
    -4.57488     0.12447
    -4.56288     0.15593
    -4.54988     0.19929
    -4.53688     0.25182
    -4.52488     0.31403
    -4.51188     0.38545
    -4.49988     0.45942
    -4.48688     0.52279
    -4.47488     0.56158
    -4.46188     0.56938
    -4.44888     0.55201
    -4.43688     0.52374
    -4.42388     0.49910
    -4.41188     0.48628
    -4.39888     0.48621
    -4.38688     0.49547
    -4.37388     0.50937
    -4.36188     0.52368
    -4.34888     0.53732
    -4.33588     0.55735
    -4.32388     0.59968
    -4.31088     0.68524
    -4.29888     0.83056
    -4.28588     1.03665
    -4.27388     1.28397
    -4.26088     1.53261
    -4.24788     1.72996
    -4.23588     1.82502
    -4.22288     1.78595
    -4.21088     1.61511
    -4.19788     1.35128
    -4.18588     1.05541
    -4.17288     0.78967
    -4.15988     0.59783
    -4.14788     0.49943
    -4.13488     0.49202
    -4.12288     0.55602
    -4.10988     0.65903
    -4.09788     0.76125
    -4.08488     0.82729
    -4.07188     0.84037
    -4.05988     0.81022
    -4.04688     0.76619
    -4.03488     0.73911
    -4.02188     0.74351
    -4.00988     0.77145
    -3.99688     0.80012
    -3.98388     0.80737
    -3.97188     0.78461
    -3.95888     0.74348
    -3.94688     0.71159
    -3.93388     0.72089
    -3.92188     0.79037
    -3.90888     0.91154
    -3.89588     1.04723
    -3.88388     1.14776
    -3.87088     1.17734
    -3.85888     1.13296
    -3.84588     1.04204
    -3.83388     0.94134
    -3.82088     0.85297
    -3.80788     0.77949
    -3.79588     0.71613
    -3.78288     0.67019
    -3.77088     0.66711
    -3.75788     0.73700
    -3.74588     0.89090
    -3.73288     1.10395
    -3.72088     1.32028
    -3.70788     1.47807
    -3.69488     1.54019
    -3.68288     1.51191
    -3.66988     1.43316
    -3.65788     1.35935
    -3.64488     1.33683
    -3.63288     1.38835
    -3.61988     1.50694
    -3.60688     1.65773
    -3.59488     1.79270
    -3.58188     1.86998
    -3.56988     1.87139
    -3.55688     1.80645
    -3.54488     1.69996
    -3.53188     1.57950
    -3.51888     1.46497
    -3.50688     1.36960
    -3.49388     1.29771
    -3.48188     1.24240
    -3.46888     1.18736
    -3.45688     1.11593
    -3.44388     1.02559
    -3.43088     0.93445
    -3.41888     0.87479
    -3.40588     0.87336
    -3.39388     0.93352
    -3.38088     1.02889
    -3.36888     1.11564
    -3.35588     1.15672
    -3.34288     1.14593
    -3.33088     1.11035
    -3.31788     1.09301
    -3.30588     1.12134
    -3.29288     1.18864
    -3.28088     1.25878
    -3.26788     1.29195
    -3.25488     1.27141
    -3.24288     1.21221
    -3.22988     1.14979
    -3.21788     1.11691
    -3.20488     1.12598
    -3.19288     1.16537
    -3.17988     1.20656
    -3.16688     1.21992
    -3.15488     1.18758
    -3.14188     1.11025
    -3.12988     1.00289
    -3.11688     0.88623
    -3.10488     0.77782
    -3.09188     0.68632
    -3.07888     0.61156
    -3.06688     0.55002
    -3.05388     0.50229
    -3.04188     0.47735
    -3.02888     0.48905
    -3.01688     0.54602
    -3.00388     0.64177
    -2.99188     0.75298
    -2.97888     0.84863
    -2.96588     0.90549
    -2.95388     0.91965
    -2.94088     0.90907
    -2.92888     0.90260
    -2.91588     0.92410
    -2.90388     0.97886
    -2.89088     1.05308
    -2.87788     1.12567
    -2.86588     1.18640
    -2.85288     1.24596
    -2.84088     1.32939
    -2.82788     1.46127
    -2.81588     1.64747
    -2.80288     1.86621
    -2.78988     2.07168
    -2.77788     2.20751
    -2.76488     2.22863
    -2.75288     2.11893
    -2.73988     1.90101
    -2.72788     1.62597
    -2.71488     1.35622
    -2.70188     1.14638
    -2.68988     1.03115
    -2.67688     1.02121
    -2.66488     1.10169
    -2.65188     1.23637
    -2.63988     1.38007
    -2.62688     1.49425
    -2.61388     1.56041
    -2.60188     1.58234
    -2.58888     1.57243
    -2.57688     1.53859
    -2.56388     1.48076
    -2.55188     1.39915
    -2.53888     1.30411
    -2.52588     1.21798
    -2.51388     1.16915
    -2.50088     1.17713
    -2.48888     1.24022
    -2.47588     1.32947
    -2.46388     1.39777
    -2.45088     1.40086
    -2.43788     1.32071
    -2.42588     1.17632
    -2.41288     1.01385
    -2.40088     0.88587
    -2.38788     0.83292
    -2.37588     0.87340
    -2.36288     1.00141
    -2.34988     1.18739
    -2.33788     1.38140
    -2.32488     1.52604
    -2.31288     1.57701
    -2.29988     1.52442
    -2.28788     1.39897
    -2.27488     1.25858
    -2.26288     1.15992
    -2.24988     1.13375
    -2.23688     1.17559
    -2.22488     1.25527
    -2.21188     1.33739
    -2.19988     1.39898
    -2.18688     1.43910
    -2.17488     1.47239
    -2.16188     1.51499
    -2.14888     1.57158
    -2.13688     1.62858
    -2.12388     1.66405
    -2.11188     1.65995
    -2.09888     1.61048
    -2.08688     1.52304
    -2.07388     1.41196
    -2.06088     1.29451
    -2.04888     1.18773
    -2.03588     1.10649
    -2.02388     1.05902
    -2.01088     1.04672
    -1.99888     1.06666
    -1.98588     1.11600
    -1.97288     1.19229
    -1.96088     1.28971
    -1.94788     1.39457
    -1.93588     1.49091
    -1.92288     1.56731
    -1.91088     1.62243
    -1.89788     1.65824
    -1.88488     1.67189
    -1.87288     1.64921
    -1.85988     1.57757
    -1.84788     1.45591
    -1.83488     1.30334
    -1.82288     1.15154
    -1.80988     1.02964
    -1.79688     0.95293
    -1.78488     0.92186
    -1.77188     0.93056
    -1.75988     0.97647
    -1.74688     1.06184
    -1.73488     1.18620
    -1.72188     1.33397
    -1.70888     1.46696
    -1.69688     1.53520
    -1.68388     1.50126
    -1.67188     1.36554
    -1.65888     1.16864
    -1.64688     0.96961
    -1.63388     0.81449
    -1.62188     0.71835
    -1.60888     0.67207
    -1.59588     0.66014
    -1.58388     0.67192
    -1.57088     0.70037
    -1.55888     0.73658
    -1.54588     0.77092
    -1.53388     0.80169
    -1.52088     0.83953
    -1.50788     0.89987
    -1.49588     0.98679
    -1.48288     1.08519
    -1.47088     1.16967
    -1.45788     1.22407
    -1.44588     1.25380
    -1.43288     1.27789
    -1.41988     1.30736
    -1.40788     1.33241
    -1.39488     1.33217
    -1.38288     1.29635
    -1.36988     1.24286
    -1.35788     1.21106
    -1.34488     1.23661
    -1.33188     1.32464
    -1.31988     1.44308
    -1.30688     1.53823
    -1.29488     1.56157
    -1.28188     1.49215
    -1.26988     1.34180
    -1.25688     1.14929
    -1.24388     0.96776
    -1.23188     0.85185
    -1.21888     0.84112
    -1.20688     0.94249
    -1.19388     1.12109
    -1.18188     1.30937
    -1.16888     1.43706
    -1.15588     1.46785
    -1.14388     1.41742
    -1.13088     1.33944
    -1.11888     1.28841
    -1.10588     1.28370
    -1.09388     1.30282
    -1.08088     1.30520
    -1.06788     1.26394
    -1.05588     1.18305
    -1.04288     1.08863
    -1.03088     1.00547
    -1.01788     0.94104
    -1.00588     0.88569
    -0.99288     0.82766
    -0.97988     0.76477
    -0.96788     0.70665
    -0.95488     0.66490
    -0.94288     0.64269
    -0.92988     0.63155
    -0.91788     0.61870
    -0.90488     0.60014
    -0.89288     0.59098
    -0.87988     0.62354
    -0.86688     0.73221
    -0.85488     0.93272
    -0.84188     1.20532
    -0.82988     1.49445
    -0.81688     1.72648
    -0.80488     1.83662
    -0.79188     1.79410
    -0.77888     1.61125
    -0.76688     1.33614
    -0.75388     1.03358
    -0.74188     0.76175
    -0.72888     0.55603
    -0.71688     0.42518
    -0.70388     0.36065
    -0.69088     0.34974
    -0.67888     0.38307
    -0.66588     0.45172
    -0.65388     0.54018
    -0.64088     0.62372
    -0.62888     0.67604
    -0.61588     0.68177
    -0.60288     0.64494
    -0.59088     0.58715
    -0.57788     0.53465
    -0.56588     0.50492
    -0.55288     0.49861
    -0.54088     0.50254
    -0.52788     0.49976
    -0.51488     0.47866
    -0.50288     0.43773
    -0.48988     0.38228
    -0.47788     0.32147
    -0.46488     0.26485
    -0.45288     0.21945
    -0.43988     0.18793
    -0.42688     0.16741
    -0.41488     0.15117
    -0.40188     0.13296
    -0.38988     0.11103
    -0.37688     0.08943
    -0.36488     0.07617
    -0.35188     0.08008
    -0.33888     0.10778
    -0.32688     0.16146
    -0.31388     0.23710
    -0.30188     0.32389
    -0.28888     0.40573
    -0.27688     0.46555
    -0.26388     0.49089
    -0.25088     0.47765
    -0.23888     0.43049
    -0.22588     0.36071
    -0.21388     0.28155
    -0.20088     0.20432
    -0.18888     0.13722
    -0.17588     0.08469
    -0.16388     0.04764
    -0.15088     0.02425
    -0.13788     0.01109
    -0.12588     0.00454
    -0.11288     0.00165
    -0.10088     0.00053
    -0.08788     0.00015
    -0.07588     0.00004
    -0.06288     0.00001
    -0.04988     0.00000
    -0.03788     0.00000
    -0.02488     0.00000
    -0.01288     0.00000
     0.00012     0.00000
     0.01212     0.00000
     0.02512     0.00000
     0.03812     0.00000
     0.05012     0.00000
     0.06312     0.00000
     0.07512     0.00000
     0.08812     0.00000
     0.10012     0.00000
     0.11312     0.00000
     0.12612     0.00000
     0.13812     0.00000
     0.15112     0.00000
     0.16312     0.00001
     0.17612     0.00004
     0.18812     0.00014
     0.20112     0.00046
     0.21412     0.00134
     0.22612     0.00348
     0.23912     0.00796
     0.25112     0.01609
     0.26412     0.02876
     0.27612     0.04563
     0.28912     0.06460
     0.30212     0.08263
     0.31412     0.09765
     0.32712     0.11055
     0.33912     0.12508
     0.35212     0.14514
     0.36412     0.17102
     0.37712     0.19780
     0.39012     0.21757
     0.40212     0.22395
     0.41512     0.21525
     0.42712     0.19431
     0.44012     0.16567
     0.45212     0.13345
     0.46512     0.10081
     0.47712     0.07057
     0.49012     0.04516
     0.50312     0.02613
     0.51512     0.01358
     0.52812     0.00640
     0.54012     0.00302
     0.55312     0.00225
     0.56512     0.00366
     0.57812     0.00764
     0.59112     0.01502
     0.60312     0.02629
     0.61612     0.04068
     0.62812     0.05563
     0.64112     0.06746
     0.65312     0.07311
     0.66612     0.07241
     0.67912     0.06896
     0.69112     0.06911
     0.70412     0.07881
     0.71612     0.10035
     0.72912     0.13030
     0.74112     0.16074
     0.75412     0.18366
     0.76712     0.19608
     0.77912     0.20256
     0.79212     0.21279
     0.80412     0.23565
     0.81712     0.27377
     0.82912     0.32195
     0.84212     0.37015
     0.85512     0.40865
     0.86712     0.43334
     0.88012     0.44876
     0.89212     0.46669
     0.90512     0.49930
     0.91712     0.55108
     0.93012     0.61486
     0.94312     0.67606
     0.95512     0.72168
     0.96812     0.74644
     0.98012     0.75219
     0.99312     0.74399
     1.00512     0.72760
     1.01812     0.70976
     1.03112     0.69684
     1.04312     0.69170
     1.05612     0.69100
     1.06812     0.68807
     1.08112     0.67870
     1.09312     0.66388
     1.10612     0.64676
     1.11912     0.62714
     1.13112     0.60067
     1.14412     0.56470
     1.15612     0.52457
     1.16912     0.49350
     1.18112     0.48359
     1.19412     0.49562
     1.20612     0.51545
     1.21912     0.52107
     1.23212     0.49478
     1.24412     0.43302
     1.25712     0.34760
     1.26912     0.25802
     1.28212     0.18162
     1.29412     0.12672
     1.30712     0.09225
     1.32012     0.07281
     1.33212     0.06415
     1.34512     0.06588
     1.35712     0.08078
     1.37012     0.11143
     1.38212     0.15699
     1.39512     0.21110
     1.40812     0.26278
     1.42012     0.29978
     1.43312     0.31392
     1.44512     0.30649
     1.45812     0.29061
     1.47012     0.28891
     1.48312     0.32539
     1.49612     0.41384
     1.50812     0.54724
     1.52112     0.69525
     1.53312     0.81312
     1.54612     0.86097
     1.55812     0.82240
     1.57112     0.71168
     1.58412     0.56448
     1.59612     0.42060
     1.60912     0.30883
     1.62112     0.24192
     1.63412     0.21947
     1.64612     0.23348
     1.65912     0.27235
     1.67212     0.32387
     1.68412     0.37835
     1.69712     0.43128
     1.70912     0.48266
     1.72212     0.53279
     1.73412     0.57729
     1.74712     0.60826
     1.76012     0.61990
     1.77212     0.61421
     1.78512     0.60060
     1.79712     0.58878
     1.81012     0.58107
     1.82212     0.57291
     1.83512     0.56001
     1.84812     0.54624
     1.86012     0.54512
     1.87312     0.57339
     1.88512     0.64133
     1.89812     0.74511
     1.91012     0.86650
     1.92312     0.97926
     1.93512     1.06033
     1.94812     1.09882
     1.96112     1.09652
     1.97312     1.06452
     1.98612     1.01499
     1.99812     0.95870
     2.01112     0.90720
     2.02312     0.87302
     2.03612     0.86870
     2.04912     0.90355
     2.06112     0.98135
     2.07412     1.09804
     2.08612     1.23961
     2.09912     1.38258
     2.11112     1.49959
     2.12412     1.57049
     2.13712     1.59127
     2.14912     1.57248
     2.16212     1.53240
     2.17412     1.48733
     2.18712     1.44642
     2.19912     1.41097
     2.21212     1.37641
     2.22512     1.33572
     2.23712     1.28422
     2.25012     1.22735
     2.26212     1.18196
     2.27512     1.17043
     2.28712     1.20706
     2.30012     1.28741
     2.31312     1.38939
     2.32512     1.48233
     2.33812     1.54125
     2.35012     1.55157
     2.36312     1.51097
     2.37512     1.42215
     2.38812     1.29255
     2.40112     1.13148
     2.41312     0.95352
     2.42612     0.77770
     2.43812     0.62659
     2.45112     0.52391
     2.46312     0.48935
     2.47612     0.53181
     2.48912     0.64240
     2.50112     0.79370
     2.51412     0.94795
     2.52612     1.07202
     2.53912     1.15028
     2.55112     1.18887
     2.56412     1.20480
     2.57612     1.21235
     2.58912     1.21242
     2.60212     1.19619
     2.61412     1.15630
     2.62712     1.09729
     2.63912     1.03675
     2.65212     0.99491
     2.66412     0.98274
     2.67712     0.99592
     2.69012     1.01934
     2.70212     1.03763
     2.71512     1.04352
     2.72712     1.03824
     2.74012     1.02499
     2.75212     1.00022
     2.76512     0.95206
     2.77812     0.86857
     2.79012     0.74978
     2.80312     0.61431
     2.81512     0.49387
     2.82812     0.42037
     2.84012     0.41482
     2.85312     0.48308
     2.86612     0.61741
     2.87812     0.79899
     2.89112     0.99959
     2.90312     1.18570
     2.91612     1.32693
     2.92812     1.40730
     2.94112     1.43160
     2.95412     1.42272
     2.96612     1.40863
     2.97912     1.40635
     2.99112     1.41082
     3.00412     1.39754
     3.01612     1.33815
     3.02912     1.22403
     3.04212     1.07886
     3.05412     0.95134
     3.06712     0.89120
     3.07912     0.92447
     3.09212     1.04295
     3.10412     1.21133
     3.11712     1.38696
     3.13012     1.53677
     3.14212     1.64641
     3.15512     1.71666
     3.16712     1.75229
     3.18012     1.75197
     3.19212     1.70748
     3.20512     1.61015
     3.21812     1.45991
     3.23012     1.26979
     3.24312     1.06431
     3.25512     0.87512
     3.26812     0.73453
     3.28012     0.66818
     3.29312     0.68532
     3.30512     0.77155
     3.31812     0.89021
     3.33112     0.99656
     3.34312     1.05848
     3.35612     1.07260
     3.36812     1.06259
     3.38112     1.06290
     3.39312     1.09550
     3.40612     1.15650
     3.41912     1.21879
     3.43112     1.24885
     3.44412     1.22594
     3.45612     1.15433
     3.46912     1.06177
     3.48112     0.98513
     3.49412     0.95405
     3.50712     0.97983
     3.51912     1.05309
     3.53212     1.14568
     3.54412     1.21828
     3.55712     1.23311
     3.56912     1.17045
     3.58212     1.04018
     3.59512     0.87589
     3.60712     0.71777
     3.62012     0.59526
     3.63212     0.52181
     3.64512     0.50162
     3.65712     0.53582
     3.67012     0.62138
     3.68312     0.74530
     3.69512     0.88344
     3.70812     1.00805
     3.72012     1.09920
     3.73312     1.15122
     3.74512     1.16988
     3.75812     1.16412
     3.77112     1.13932
     3.78312     1.09599
     3.79612     1.03326
     3.80812     0.95410
     3.82112     0.86925
     3.83312     0.79804
     3.84612     0.76497
     3.85912     0.79171
     3.87112     0.88547
     3.88412     1.02949
     3.89612     1.18284
     3.90912     1.29351
     3.92112     1.32070
     3.93412     1.25219
     3.94712     1.10685
     3.95912     0.92554
     3.97212     0.75448
     3.98412     0.63282
     3.99712     0.58357
     4.00912     0.61003
     4.02212     0.69679
     4.03412     0.81549
     4.04712     0.93445
     4.06012     1.02745
     4.07212     1.08066
     4.08512     1.09555
     4.09712     1.08679
     4.11012     1.07503
     4.12212     1.07537
     4.13512     1.08847
     4.14812     1.09927
     4.16012     1.08719
     4.17312     1.04151
     4.18512     0.97244
     4.19812     0.90942
     4.21012     0.88753
     4.22312     0.93110
     4.23612     1.04213
     4.24812     1.19785
     4.26112     1.35663
     4.27312     1.47130
     4.28612     1.50560
     4.29812     1.44989
     4.31112     1.32511
     4.32412     1.17588
     4.33612     1.05137
     4.34912     0.98732
     4.36112     0.99369
     4.37412     1.05629
     4.38612     1.14515
     4.39912     1.22854
     4.41212     1.28249
     4.42412     1.29398
     4.43712     1.25822
     4.44912     1.17689
     4.46212     1.05970
     4.47412     0.92797
     4.48712     0.81464
     4.50012     0.75794
     4.51212     0.78881
     4.52512     0.91706
     4.53712     1.12290
     4.55012     1.36110
     4.56212     1.57771
     4.57512     1.73319
     4.58812     1.81556
     4.60012     1.83706
     4.61312     1.81649
     4.62512     1.76517
     4.63812     1.68628
     4.65012     1.58418
     4.66312     1.47328
     4.67612     1.37503
     4.68812     1.30892
     4.70112     1.28174
     4.71312     1.28526
     4.72612     1.30495
     4.73812     1.33183
     4.75112     1.36790
     4.76312     1.41825
     4.77612     1.47697
     4.78912     1.52249
     4.80112     1.52629
     4.81412     1.47220
     4.82612     1.36792
     4.83912     1.24270
     4.85112     1.13314
     4.86412     1.06756
     4.87712     1.05873
     4.88912     1.10390
     4.90212     1.18849
     4.91412     1.28992
     4.92712     1.38176
     4.93912     1.43950
     4.95212     1.44819
     4.96512     1.40847
     4.97712     1.33825
     4.99012     1.26551
     5.00212     1.21593
     5.01512     1.20118
     5.02712     1.21156
     5.04012     1.22128
     5.05312     1.20241
     5.06512     1.14209
     5.07812     1.05058
     5.09012     0.95504
     5.10312     0.88306
     5.11512     0.84756
     5.12812     0.84292
     5.14112     0.85262
     5.15312     0.86300
     5.16612     0.87316
     5.17812     0.89560
     5.19112     0.94762
     5.20312     1.03931
     5.21612     1.16476
     5.22912     1.30304
     5.24112     1.42614
     5.25412     1.51293
     5.26612     1.55638
     5.27912     1.56460
     5.29112     1.55229
     5.30412     1.53122
     5.31712     1.50154
     5.32912     1.45339
     5.34212     1.37212
     5.35412     1.25020
     5.36712     1.09591
     5.37912     0.93471
     5.39212     0.80141
     5.40412     0.72568
     5.41712     0.71911
     5.43012     0.77096
     5.44212     0.85397
     5.45512     0.93680
     5.46712     0.99722
     5.48012     1.03021
     5.49212     1.04736
     5.50512     1.06766
     5.51812     1.10388
     5.53012     1.15332
     5.54312     1.19855
     5.55512     1.21681
     5.56812     1.19385
     5.58012     1.13168
     5.59312     1.04585
     5.60612     0.95797
     5.61812     0.88592
     5.63112     0.83941
     5.64312     0.82141
     5.65612     0.83049
     5.66812     0.86289
     5.68112     0.91181
     5.69412     0.96750
     5.70612     1.01839
     5.71912     1.05362
     5.73112     1.06532
     5.74412     1.04993
     5.75612     1.00808
     5.76912     0.94450
     5.78212     0.86693
     5.79412     0.78508
     5.80712     0.70933
     5.81912     0.64874
     5.83212     0.60846
     5.84412     0.58765
     5.85712     0.57872
     5.87012     0.57002
     5.88212     0.55052
     5.89512     0.51552
     5.90712     0.46948
     5.92012     0.42345
     5.93212     0.38815
     5.94512     0.36667
     5.95812     0.35299
     5.97012     0.33600
     5.98312     0.30653
     5.99512     0.26207
     6.00812     0.20710
     6.02012     0.14997
     6.03312     0.09892
     6.04612     0.05912
     6.05812     0.03187
     6.07112     0.01543
     6.08312     0.00669
     6.09612     0.00259
     6.10812     0.00089
     6.12112     0.00027
     6.13312     0.00007
     6.14612     0.00002
     6.15912     0.00000
     6.17112     0.00000
     6.18412     0.00000
     6.19612     0.00000
     6.20912     0.00000
     6.22112     0.00000
     6.23412     0.00000
     6.24712     0.00000
     6.25912     0.00000
     6.27212     0.00000
     6.28412     0.00000
     6.29712     0.00000
     6.30912     0.00000
     6.32212     0.00000
     6.33512     0.00000
     6.34712     0.00000
     6.36012     0.00000
     6.37212     0.00000
     6.38512     0.00000
     6.39712     0.00000
     6.41012     0.00000
     6.42312     0.00000
     6.43512     0.00000
     6.44812     0.00000
     6.46012     0.00000
     6.47312     0.00000
     6.48512     0.00000
     6.49812     0.00000
     6.51112     0.00000
     6.52312     0.00000
     6.53612     0.00000
     6.54812     0.00000
     6.56112     0.00000
     6.57312     0.00000
     6.58612     0.00000
     6.59912     0.00000
     6.61112     0.00000
     6.62412     0.00000
     6.63612     0.00000
     6.64912     0.00000
     6.66112     0.00000
     6.67412     0.00000
     6.68712     0.00000
     6.69912     0.00000
     6.71212     0.00000
     6.72412     0.00000
     6.73712     0.00000
     6.74912     0.00000
     6.76212     0.00000
     6.77512     0.00000
     6.78712     0.00000
     6.80012     0.00000
     6.81212     0.00000
     6.82512     0.00000
     6.83712     0.00000
     6.85012     0.00000
     6.86212     0.00000
     6.87512     0.00000
     6.88812     0.00000
     6.90012     0.00000
     6.91312     0.00000
     6.92512     0.00000
     6.93812     0.00000
     6.95012     0.00000
     6.96312     0.00000
     6.97612     0.00000
     6.98812     0.00000
     7.00112     0.00000
     7.01312     0.00000
     7.02612     0.00000
     7.03812     0.00000
     7.05112     0.00000
     7.06412     0.00000
     7.07612     0.00000
     7.08912     0.00000
     7.10112     0.00000
     7.11412     0.00000
     7.12612     0.00000
     7.13912     0.00000
     7.15212     0.00000
     7.16412     0.00000
     7.17712     0.00000
     7.18912     0.00000
     7.20212     0.00000
     7.21412     0.00000
     7.22712     0.00000
     7.24012     0.00000
     7.25212     0.00000
     7.26512     0.00000
     7.27712     0.00000
     7.29012     0.00000
     7.30212     0.00000
     7.31512     0.00000
     7.32812     0.00000
     7.34012     0.00000
     7.35312     0.00000
     7.36512     0.00000
     7.37812     0.00000
     7.39012     0.00000
     7.40312     0.00000
     7.41612     0.00000
     7.42812     0.00000
     7.44112     0.00000
     7.45312     0.00000
     7.46612     0.00000
     7.47812     0.00000
     7.49112     0.00000
     7.50312     0.00000
     7.51612     0.00000
     7.52912     0.00000
     7.54112     0.00000
     7.55412     0.00000
     7.56612     0.00000
     7.57912     0.00000
     7.59112     0.00000
     7.60412     0.00000
     7.61712     0.00000
     7.62912     0.00000
     7.64212     0.00000
     7.65412     0.00000
     7.66712     0.00000
     7.67912     0.00000
     7.69212     0.00000
     7.70512     0.00000
