     #Energy 5&14&23&32_
   -29.98888     0.00000
   -29.97688     0.00000
   -29.96388     0.00000
   -29.95188     0.00000
   -29.93888     0.00000
   -29.92688     0.00000
   -29.91388     0.00000
   -29.90088     0.00000
   -29.88888     0.00000
   -29.87588     0.00000
   -29.86388     0.00000
   -29.85088     0.00000
   -29.83888     0.00000
   -29.82588     0.00000
   -29.81288     0.00000
   -29.80088     0.00000
   -29.78788     0.00000
   -29.77588     0.00000
   -29.76288     0.00000
   -29.75088     0.00000
   -29.73788     0.00000
   -29.72488     0.00000
   -29.71288     0.00000
   -29.69988     0.00000
   -29.68788     0.00000
   -29.67488     0.00000
   -29.66288     0.00000
   -29.64988     0.00000
   -29.63788     0.00000
   -29.62488     0.00000
   -29.61188     0.00000
   -29.59988     0.00000
   -29.58688     0.00000
   -29.57488     0.00000
   -29.56188     0.00000
   -29.54988     0.00000
   -29.53688     0.00000
   -29.52388     0.00000
   -29.51188     0.00000
   -29.49888     0.00000
   -29.48688     0.00000
   -29.47388     0.00000
   -29.46188     0.00000
   -29.44888     0.00000
   -29.43588     0.00000
   -29.42388     0.00000
   -29.41088     0.00000
   -29.39888     0.00000
   -29.38588     0.00000
   -29.37388     0.00000
   -29.36088     0.00000
   -29.34788     0.00000
   -29.33588     0.00000
   -29.32288     0.00000
   -29.31088     0.00000
   -29.29788     0.00000
   -29.28588     0.00000
   -29.27288     0.00000
   -29.25988     0.00000
   -29.24788     0.00000
   -29.23488     0.00000
   -29.22288     0.00000
   -29.20988     0.00000
   -29.19788     0.00000
   -29.18488     0.00000
   -29.17188     0.00000
   -29.15988     0.00000
   -29.14688     0.00000
   -29.13488     0.00000
   -29.12188     0.00000
   -29.10988     0.00000
   -29.09688     0.00000
   -29.08388     0.00000
   -29.07188     0.00000
   -29.05888     0.00000
   -29.04688     0.00000
   -29.03388     0.00000
   -29.02188     0.00000
   -29.00888     0.00000
   -28.99588     0.00000
   -28.98388     0.00000
   -28.97088     0.00000
   -28.95888     0.00000
   -28.94588     0.00000
   -28.93388     0.00000
   -28.92088     0.00000
   -28.90888     0.00000
   -28.89588     0.00000
   -28.88288     0.00000
   -28.87088     0.00000
   -28.85788     0.00000
   -28.84588     0.00000
   -28.83288     0.00000
   -28.82088     0.00000
   -28.80788     0.00000
   -28.79488     0.00000
   -28.78288     0.00000
   -28.76988     0.00000
   -28.75788     0.00000
   -28.74488     0.00000
   -28.73288     0.00000
   -28.71988     0.00000
   -28.70688     0.00000
   -28.69488     0.00000
   -28.68188     0.00000
   -28.66988     0.00000
   -28.65688     0.00000
   -28.64488     0.00000
   -28.63188     0.00000
   -28.61888     0.00000
   -28.60688     0.00000
   -28.59388     0.00000
   -28.58188     0.00000
   -28.56888     0.00000
   -28.55688     0.00000
   -28.54388     0.00000
   -28.53088     0.00000
   -28.51888     0.00000
   -28.50588     0.00000
   -28.49388     0.00000
   -28.48088     0.00000
   -28.46888     0.00000
   -28.45588     0.00000
   -28.44288     0.00000
   -28.43088     0.00000
   -28.41788     0.00000
   -28.40588     0.00000
   -28.39288     0.00000
   -28.38088     0.00000
   -28.36788     0.00000
   -28.35488     0.00000
   -28.34288     0.00000
   -28.32988     0.00000
   -28.31788     0.00000
   -28.30488     0.00000
   -28.29288     0.00000
   -28.27988     0.00000
   -28.26788     0.00000
   -28.25488     0.00000
   -28.24188     0.00000
   -28.22988     0.00000
   -28.21688     0.00000
   -28.20488     0.00000
   -28.19188     0.00000
   -28.17988     0.00000
   -28.16688     0.00000
   -28.15388     0.00000
   -28.14188     0.00000
   -28.12888     0.00000
   -28.11688     0.00001
   -28.10388     0.00006
   -28.09188     0.00022
   -28.07888     0.00082
   -28.06588     0.00268
   -28.05388     0.00787
   -28.04088     0.02081
   -28.02888     0.04965
   -28.01588     0.10717
   -28.00388     0.20992
   -27.99088     0.37496
   -27.97788     0.61484
   -27.96588     0.93538
   -27.95288     1.34313
   -27.94088     1.86393
   -27.92788     2.57350
   -27.91588     3.61829
   -27.90288     5.20622
   -27.88988     7.54940
   -27.87788    10.74858
   -27.86488    14.67664
   -27.85288    18.90584
   -27.83988    22.77830
   -27.82788    25.65445
   -27.81488    27.14940
   -27.80188    27.33737
   -27.78988    26.70948
   -27.77688    25.94217
   -27.76488    25.59096
   -27.75188    25.92841
   -27.73988    26.88564
   -27.72688    28.23422
   -27.71388    29.73154
   -27.70188    31.37278
   -27.68888    33.52712
   -27.67688    37.09939
   -27.66388    43.47817
   -27.65188    54.27701
   -27.63888    70.71785
   -27.62588    92.97152
   -27.61388   119.70839
   -27.60088   148.59578
   -27.58888   176.99885
   -27.57588   203.06693
   -27.56388   225.34379
   -27.55088   241.98556
   -27.53888   249.76052
   -27.52588   245.03480
   -27.51288   225.62839
   -27.50088   192.67549
   -27.48788   151.32568
   -27.47588   108.53496
   -27.46288    70.73229
   -27.45088    41.70419
   -27.43788    22.16921
   -27.42488    10.59287
   -27.41288     4.53785
   -27.39988     1.73832
   -27.38788     0.59417
   -27.37488     0.18094
   -27.36288     0.04900
   -27.34988     0.01179
   -27.33688     0.00252
   -27.32488     0.00048
   -27.31188     0.00008
   -27.29988     0.00001
   -27.28688     0.00000
   -27.27488     0.00000
   -27.26188     0.00000
   -27.24888     0.00000
   -27.23688     0.00000
   -27.22388     0.00000
   -27.21188     0.00000
   -27.19888     0.00000
   -27.18688     0.00000
   -27.17388     0.00000
   -27.16088     0.00000
   -27.14888     0.00000
   -27.13588     0.00000
   -27.12388     0.00000
   -27.11088     0.00000
   -27.09888     0.00000
   -27.08588     0.00000
   -27.07288     0.00000
   -27.06088     0.00000
   -27.04788     0.00000
   -27.03588     0.00000
   -27.02288     0.00000
   -27.01088     0.00000
   -26.99788     0.00000
   -26.98488     0.00000
   -26.97288     0.00000
   -26.95988     0.00000
   -26.94788     0.00000
   -26.93488     0.00000
   -26.92288     0.00000
   -26.90988     0.00000
   -26.89688     0.00000
   -26.88488     0.00000
   -26.87188     0.00000
   -26.85988     0.00000
   -26.84688     0.00000
   -26.83488     0.00000
   -26.82188     0.00000
   -26.80988     0.00000
   -26.79688     0.00000
   -26.78388     0.00000
   -26.77188     0.00000
   -26.75888     0.00000
   -26.74688     0.00000
   -26.73388     0.00000
   -26.72188     0.00000
   -26.70888     0.00000
   -26.69588     0.00000
   -26.68388     0.00000
   -26.67088     0.00000
   -26.65888     0.00000
   -26.64588     0.00000
   -26.63388     0.00000
   -26.62088     0.00000
   -26.60788     0.00000
   -26.59588     0.00000
   -26.58288     0.00000
   -26.57088     0.00000
   -26.55788     0.00000
   -26.54588     0.00000
   -26.53288     0.00000
   -26.51988     0.00000
   -26.50788     0.00000
   -26.49488     0.00000
   -26.48288     0.00000
   -26.46988     0.00000
   -26.45788     0.00000
   -26.44488     0.00000
   -26.43188     0.00000
   -26.41988     0.00000
   -26.40688     0.00000
   -26.39488     0.00000
   -26.38188     0.00000
   -26.36988     0.00000
   -26.35688     0.00000
   -26.34388     0.00000
   -26.33188     0.00000
   -26.31888     0.00000
   -26.30688     0.00000
   -26.29388     0.00000
   -26.28188     0.00000
   -26.26888     0.00000
   -26.25588     0.00000
   -26.24388     0.00000
   -26.23088     0.00000
   -26.21888     0.00000
   -26.20588     0.00000
   -26.19388     0.00000
   -26.18088     0.00000
   -26.16888     0.00000
   -26.15588     0.00000
   -26.14288     0.00000
   -26.13088     0.00000
   -26.11788     0.00000
   -26.10588     0.00000
   -26.09288     0.00000
   -26.08088     0.00000
   -26.06788     0.00000
   -26.05488     0.00000
   -26.04288     0.00000
   -26.02988     0.00000
   -26.01788     0.00000
   -26.00488     0.00000
   -25.99288     0.00000
   -25.97988     0.00000
   -25.96688     0.00000
   -25.95488     0.00000
   -25.94188     0.00000
   -25.92988     0.00000
   -25.91688     0.00000
   -25.90488     0.00000
   -25.89188     0.00000
   -25.87888     0.00000
   -25.86688     0.00000
   -25.85388     0.00000
   -25.84188     0.00000
   -25.82888     0.00000
   -25.81688     0.00000
   -25.80388     0.00000
   -25.79088     0.00000
   -25.77888     0.00000
   -25.76588     0.00000
   -25.75388     0.00000
   -25.74088     0.00000
   -25.72888     0.00000
   -25.71588     0.00000
   -25.70288     0.00000
   -25.69088     0.00000
   -25.67788     0.00000
   -25.66588     0.00000
   -25.65288     0.00000
   -25.64088     0.00000
   -25.62788     0.00000
   -25.61488     0.00000
   -25.60288     0.00000
   -25.58988     0.00000
   -25.57788     0.00000
   -25.56488     0.00000
   -25.55288     0.00000
   -25.53988     0.00000
   -25.52688     0.00000
   -25.51488     0.00000
   -25.50188     0.00000
   -25.48988     0.00000
   -25.47688     0.00000
   -25.46488     0.00000
   -25.45188     0.00000
   -25.43988     0.00000
   -25.42688     0.00000
   -25.41388     0.00000
   -25.40188     0.00000
   -25.38888     0.00000
   -25.37688     0.00000
   -25.36388     0.00000
   -25.35188     0.00000
   -25.33888     0.00000
   -25.32588     0.00000
   -25.31388     0.00000
   -25.30088     0.00000
   -25.28888     0.00000
   -25.27588     0.00000
   -25.26388     0.00000
   -25.25088     0.00000
   -25.23788     0.00000
   -25.22588     0.00000
   -25.21288     0.00000
   -25.20088     0.00000
   -25.18788     0.00000
   -25.17588     0.00000
   -25.16288     0.00000
   -25.14988     0.00000
   -25.13788     0.00000
   -25.12488     0.00000
   -25.11288     0.00000
   -25.09988     0.00000
   -25.08788     0.00000
   -25.07488     0.00000
   -25.06188     0.00000
   -25.04988     0.00000
   -25.03688     0.00000
   -25.02488     0.00000
   -25.01188     0.00000
   -24.99988     0.00000
   -24.98688     0.00000
   -24.97388     0.00000
   -24.96188     0.00000
   -24.94888     0.00000
   -24.93688     0.00000
   -24.92388     0.00000
   -24.91188     0.00000
   -24.89888     0.00000
   -24.88588     0.00000
   -24.87388     0.00000
   -24.86088     0.00000
   -24.84888     0.00000
   -24.83588     0.00000
   -24.82388     0.00000
   -24.81088     0.00000
   -24.79788     0.00000
   -24.78588     0.00000
   -24.77288     0.00000
   -24.76088     0.00000
   -24.74788     0.00000
   -24.73588     0.00000
   -24.72288     0.00000
   -24.71088     0.00000
   -24.69788     0.00000
   -24.68488     0.00000
   -24.67288     0.00000
   -24.65988     0.00000
   -24.64788     0.00000
   -24.63488     0.00000
   -24.62288     0.00000
   -24.60988     0.00000
   -24.59688     0.00000
   -24.58488     0.00000
   -24.57188     0.00000
   -24.55988     0.00000
   -24.54688     0.00000
   -24.53488     0.00000
   -24.52188     0.00000
   -24.50888     0.00000
   -24.49688     0.00000
   -24.48388     0.00000
   -24.47188     0.00000
   -24.45888     0.00000
   -24.44688     0.00000
   -24.43388     0.00000
   -24.42088     0.00000
   -24.40888     0.00000
   -24.39588     0.00000
   -24.38388     0.00000
   -24.37088     0.00000
   -24.35888     0.00000
   -24.34588     0.00000
   -24.33288     0.00000
   -24.32088     0.00000
   -24.30788     0.00000
   -24.29588     0.00000
   -24.28288     0.00000
   -24.27088     0.00000
   -24.25788     0.00000
   -24.24488     0.00000
   -24.23288     0.00000
   -24.21988     0.00000
   -24.20788     0.00000
   -24.19488     0.00000
   -24.18288     0.00000
   -24.16988     0.00000
   -24.15688     0.00000
   -24.14488     0.00000
   -24.13188     0.00000
   -24.11988     0.00000
   -24.10688     0.00000
   -24.09488     0.00000
   -24.08188     0.00000
   -24.06988     0.00000
   -24.05688     0.00000
   -24.04388     0.00000
   -24.03188     0.00000
   -24.01888     0.00000
   -24.00688     0.00000
   -23.99388     0.00000
   -23.98188     0.00000
   -23.96888     0.00000
   -23.95588     0.00000
   -23.94388     0.00000
   -23.93088     0.00000
   -23.91888     0.00000
   -23.90588     0.00000
   -23.89388     0.00000
   -23.88088     0.00000
   -23.86788     0.00000
   -23.85588     0.00000
   -23.84288     0.00000
   -23.83088     0.00000
   -23.81788     0.00000
   -23.80588     0.00000
   -23.79288     0.00000
   -23.77988     0.00000
   -23.76788     0.00000
   -23.75488     0.00000
   -23.74288     0.00000
   -23.72988     0.00000
   -23.71788     0.00000
   -23.70488     0.00000
   -23.69188     0.00000
   -23.67988     0.00000
   -23.66688     0.00000
   -23.65488     0.00000
   -23.64188     0.00000
   -23.62988     0.00000
   -23.61688     0.00000
   -23.60388     0.00000
   -23.59188     0.00000
   -23.57888     0.00000
   -23.56688     0.00000
   -23.55388     0.00000
   -23.54188     0.00000
   -23.52888     0.00000
   -23.51588     0.00000
   -23.50388     0.00000
   -23.49088     0.00000
   -23.47888     0.00000
   -23.46588     0.00000
   -23.45388     0.00000
   -23.44088     0.00000
   -23.42788     0.00000
   -23.41588     0.00000
   -23.40288     0.00000
   -23.39088     0.00000
   -23.37788     0.00000
   -23.36588     0.00000
   -23.35288     0.00000
   -23.34088     0.00000
   -23.32788     0.00000
   -23.31488     0.00000
   -23.30288     0.00000
   -23.28988     0.00000
   -23.27788     0.00000
   -23.26488     0.00000
   -23.25288     0.00000
   -23.23988     0.00000
   -23.22688     0.00000
   -23.21488     0.00000
   -23.20188     0.00000
   -23.18988     0.00000
   -23.17688     0.00000
   -23.16488     0.00000
   -23.15188     0.00000
   -23.13888     0.00000
   -23.12688     0.00000
   -23.11388     0.00000
   -23.10188     0.00000
   -23.08888     0.00000
   -23.07688     0.00000
   -23.06388     0.00000
   -23.05088     0.00000
   -23.03888     0.00000
   -23.02588     0.00000
   -23.01388     0.00000
   -23.00088     0.00000
   -22.98888     0.00000
   -22.97588     0.00000
   -22.96288     0.00000
   -22.95088     0.00000
   -22.93788     0.00000
   -22.92588     0.00000
   -22.91288     0.00000
   -22.90088     0.00000
   -22.88788     0.00000
   -22.87488     0.00000
   -22.86288     0.00000
   -22.84988     0.00000
   -22.83788     0.00000
   -22.82488     0.00000
   -22.81288     0.00000
   -22.79988     0.00000
   -22.78688     0.00000
   -22.77488     0.00000
   -22.76188     0.00000
   -22.74988     0.00000
   -22.73688     0.00000
   -22.72488     0.00000
   -22.71188     0.00000
   -22.69888     0.00000
   -22.68688     0.00000
   -22.67388     0.00000
   -22.66188     0.00000
   -22.64888     0.00000
   -22.63688     0.00000
   -22.62388     0.00000
   -22.61188     0.00000
   -22.59888     0.00000
   -22.58588     0.00000
   -22.57388     0.00000
   -22.56088     0.00000
   -22.54888     0.00000
   -22.53588     0.00000
   -22.52388     0.00000
   -22.51088     0.00000
   -22.49788     0.00000
   -22.48588     0.00000
   -22.47288     0.00000
   -22.46088     0.00000
   -22.44788     0.00000
   -22.43588     0.00000
   -22.42288     0.00000
   -22.40988     0.00000
   -22.39788     0.00000
   -22.38488     0.00000
   -22.37288     0.00000
   -22.35988     0.00000
   -22.34788     0.00000
   -22.33488     0.00000
   -22.32188     0.00000
   -22.30988     0.00000
   -22.29688     0.00000
   -22.28488     0.00000
   -22.27188     0.00000
   -22.25988     0.00000
   -22.24688     0.00000
   -22.23388     0.00000
   -22.22188     0.00000
   -22.20888     0.00000
   -22.19688     0.00000
   -22.18388     0.00000
   -22.17188     0.00000
   -22.15888     0.00000
   -22.14588     0.00000
   -22.13388     0.00000
   -22.12088     0.00000
   -22.10888     0.00000
   -22.09588     0.00000
   -22.08388     0.00000
   -22.07088     0.00000
   -22.05788     0.00000
   -22.04588     0.00000
   -22.03288     0.00000
   -22.02088     0.00000
   -22.00788     0.00000
   -21.99588     0.00000
   -21.98288     0.00000
   -21.96988     0.00000
   -21.95788     0.00000
   -21.94488     0.00000
   -21.93288     0.00000
   -21.91988     0.00000
   -21.90788     0.00000
   -21.89488     0.00000
   -21.88288     0.00000
   -21.86988     0.00000
   -21.85688     0.00000
   -21.84488     0.00000
   -21.83188     0.00000
   -21.81988     0.00000
   -21.80688     0.00000
   -21.79488     0.00000
   -21.78188     0.00000
   -21.76888     0.00000
   -21.75688     0.00000
   -21.74388     0.00000
   -21.73188     0.00000
   -21.71888     0.00000
   -21.70688     0.00000
   -21.69388     0.00000
   -21.68088     0.00000
   -21.66888     0.00000
   -21.65588     0.00000
   -21.64388     0.00000
   -21.63088     0.00000
   -21.61888     0.00000
   -21.60588     0.00000
   -21.59288     0.00000
   -21.58088     0.00000
   -21.56788     0.00000
   -21.55588     0.00000
   -21.54288     0.00000
   -21.53088     0.00000
   -21.51788     0.00000
   -21.50488     0.00000
   -21.49288     0.00000
   -21.47988     0.00000
   -21.46788     0.00000
   -21.45488     0.00000
   -21.44288     0.00000
   -21.42988     0.00000
   -21.41688     0.00000
   -21.40488     0.00000
   -21.39188     0.00000
   -21.37988     0.00000
   -21.36688     0.00000
   -21.35488     0.00000
   -21.34188     0.00000
   -21.32888     0.00000
   -21.31688     0.00000
   -21.30388     0.00000
   -21.29188     0.00000
   -21.27888     0.00000
   -21.26688     0.00000
   -21.25388     0.00000
   -21.24188     0.00000
   -21.22888     0.00000
   -21.21588     0.00000
   -21.20388     0.00000
   -21.19088     0.00000
   -21.17888     0.00000
   -21.16588     0.00000
   -21.15388     0.00000
   -21.14088     0.00000
   -21.12788     0.00000
   -21.11588     0.00000
   -21.10288     0.00000
   -21.09088     0.00000
   -21.07788     0.00000
   -21.06588     0.00000
   -21.05288     0.00000
   -21.03988     0.00000
   -21.02788     0.00000
   -21.01488     0.00000
   -21.00288     0.00000
   -20.98988     0.00000
   -20.97788     0.00000
   -20.96488     0.00000
   -20.95188     0.00000
   -20.93988     0.00000
   -20.92688     0.00000
   -20.91488     0.00000
   -20.90188     0.00000
   -20.88988     0.00000
   -20.87688     0.00000
   -20.86388     0.00000
   -20.85188     0.00000
   -20.83888     0.00000
   -20.82688     0.00000
   -20.81388     0.00000
   -20.80188     0.00000
   -20.78888     0.00000
   -20.77588     0.00000
   -20.76388     0.00000
   -20.75088     0.00000
   -20.73888     0.00000
   -20.72588     0.00000
   -20.71388     0.00000
   -20.70088     0.00000
   -20.68788     0.00000
   -20.67588     0.00000
   -20.66288     0.00000
   -20.65088     0.00000
   -20.63788     0.00000
   -20.62588     0.00000
   -20.61288     0.00000
   -20.59988     0.00000
   -20.58788     0.00000
   -20.57488     0.00000
   -20.56288     0.00000
   -20.54988     0.00000
   -20.53788     0.00000
   -20.52488     0.00000
   -20.51288     0.00000
   -20.49988     0.00000
   -20.48688     0.00000
   -20.47488     0.00000
   -20.46188     0.00000
   -20.44988     0.00000
   -20.43688     0.00000
   -20.42488     0.00000
   -20.41188     0.00000
   -20.39888     0.00000
   -20.38688     0.00000
   -20.37388     0.00000
   -20.36188     0.00000
   -20.34888     0.00000
   -20.33688     0.00000
   -20.32388     0.00000
   -20.31088     0.00000
   -20.29888     0.00000
   -20.28588     0.00000
   -20.27388     0.00000
   -20.26088     0.00000
   -20.24888     0.00000
   -20.23588     0.00000
   -20.22288     0.00000
   -20.21088     0.00000
   -20.19788     0.00000
   -20.18588     0.00000
   -20.17288     0.00000
   -20.16088     0.00000
   -20.14788     0.00000
   -20.13488     0.00000
   -20.12288     0.00000
   -20.10988     0.00000
   -20.09788     0.00000
   -20.08488     0.00000
   -20.07288     0.00000
   -20.05988     0.00000
   -20.04688     0.00000
   -20.03488     0.00000
   -20.02188     0.00000
   -20.00988     0.00000
   -19.99688     0.00000
   -19.98488     0.00000
   -19.97188     0.00000
   -19.95888     0.00000
   -19.94688     0.00000
   -19.93388     0.00000
   -19.92188     0.00000
   -19.90888     0.00000
   -19.89688     0.00000
   -19.88388     0.00000
   -19.87088     0.00000
   -19.85888     0.00000
   -19.84588     0.00000
   -19.83388     0.00000
   -19.82088     0.00000
   -19.80888     0.00000
   -19.79588     0.00000
   -19.78388     0.00000
   -19.77088     0.00000
   -19.75788     0.00000
   -19.74588     0.00000
   -19.73288     0.00000
   -19.72088     0.00000
   -19.70788     0.00000
   -19.69588     0.00000
   -19.68288     0.00000
   -19.66988     0.00000
   -19.65788     0.00000
   -19.64488     0.00000
   -19.63288     0.00000
   -19.61988     0.00000
   -19.60788     0.00000
   -19.59488     0.00000
   -19.58188     0.00000
   -19.56988     0.00000
   -19.55688     0.00000
   -19.54488     0.00000
   -19.53188     0.00000
   -19.51988     0.00000
   -19.50688     0.00000
   -19.49388     0.00000
   -19.48188     0.00000
   -19.46888     0.00000
   -19.45688     0.00000
   -19.44388     0.00000
   -19.43188     0.00000
   -19.41888     0.00000
   -19.40588     0.00000
   -19.39388     0.00000
   -19.38088     0.00000
   -19.36888     0.00000
   -19.35588     0.00000
   -19.34388     0.00000
   -19.33088     0.00000
   -19.31788     0.00000
   -19.30588     0.00000
   -19.29288     0.00000
   -19.28088     0.00000
   -19.26788     0.00000
   -19.25588     0.00000
   -19.24288     0.00000
   -19.22988     0.00000
   -19.21788     0.00000
   -19.20488     0.00000
   -19.19288     0.00000
   -19.17988     0.00000
   -19.16788     0.00000
   -19.15488     0.00000
   -19.14288     0.00000
   -19.12988     0.00000
   -19.11688     0.00000
   -19.10488     0.00000
   -19.09188     0.00000
   -19.07988     0.00000
   -19.06688     0.00000
   -19.05488     0.00000
   -19.04188     0.00000
   -19.02888     0.00000
   -19.01688     0.00000
   -19.00388     0.00000
   -18.99188     0.00000
   -18.97888     0.00000
   -18.96688     0.00000
   -18.95388     0.00000
   -18.94088     0.00000
   -18.92888     0.00000
   -18.91588     0.00000
   -18.90388     0.00000
   -18.89088     0.00000
   -18.87888     0.00000
   -18.86588     0.00000
   -18.85288     0.00000
   -18.84088     0.00000
   -18.82788     0.00000
   -18.81588     0.00000
   -18.80288     0.00000
   -18.79088     0.00000
   -18.77788     0.00000
   -18.76488     0.00000
   -18.75288     0.00000
   -18.73988     0.00000
   -18.72788     0.00000
   -18.71488     0.00000
   -18.70288     0.00000
   -18.68988     0.00000
   -18.67688     0.00000
   -18.66488     0.00000
   -18.65188     0.00000
   -18.63988     0.00000
   -18.62688     0.00000
   -18.61488     0.00000
   -18.60188     0.00000
   -18.58888     0.00000
   -18.57688     0.00000
   -18.56388     0.00000
   -18.55188     0.00000
   -18.53888     0.00000
   -18.52688     0.00000
   -18.51388     0.00000
   -18.50088     0.00000
   -18.48888     0.00000
   -18.47588     0.00000
   -18.46388     0.00000
   -18.45088     0.00000
   -18.43888     0.00000
   -18.42588     0.00000
   -18.41388     0.00000
   -18.40088     0.00000
   -18.38788     0.00000
   -18.37588     0.00000
   -18.36288     0.00000
   -18.35088     0.00000
   -18.33788     0.00000
   -18.32588     0.00000
   -18.31288     0.00000
   -18.29988     0.00000
   -18.28788     0.00000
   -18.27488     0.00000
   -18.26288     0.00000
   -18.24988     0.00000
   -18.23788     0.00000
   -18.22488     0.00000
   -18.21188     0.00000
   -18.19988     0.00000
   -18.18688     0.00000
   -18.17488     0.00000
   -18.16188     0.00000
   -18.14988     0.00000
   -18.13688     0.00000
   -18.12388     0.00000
   -18.11188     0.00000
   -18.09888     0.00000
   -18.08688     0.00000
   -18.07388     0.00000
   -18.06188     0.00000
   -18.04888     0.00000
   -18.03588     0.00000
   -18.02388     0.00000
   -18.01088     0.00000
   -17.99888     0.00000
   -17.98588     0.00000
   -17.97388     0.00000
   -17.96088     0.00000
   -17.94788     0.00000
   -17.93588     0.00000
   -17.92288     0.00000
   -17.91088     0.00000
   -17.89788     0.00000
   -17.88588     0.00000
   -17.87288     0.00000
   -17.85988     0.00000
   -17.84788     0.00000
   -17.83488     0.00000
   -17.82288     0.00000
   -17.80988     0.00000
   -17.79788     0.00000
   -17.78488     0.00000
   -17.77188     0.00000
   -17.75988     0.00000
   -17.74688     0.00000
   -17.73488     0.00000
   -17.72188     0.00000
   -17.70988     0.00000
   -17.69688     0.00000
   -17.68488     0.00000
   -17.67188     0.00000
   -17.65888     0.00000
   -17.64688     0.00000
   -17.63388     0.00000
   -17.62188     0.00000
   -17.60888     0.00000
   -17.59688     0.00000
   -17.58388     0.00000
   -17.57088     0.00000
   -17.55888     0.00000
   -17.54588     0.00000
   -17.53388     0.00000
   -17.52088     0.00000
   -17.50888     0.00000
   -17.49588     0.00000
   -17.48288     0.00000
   -17.47088     0.00000
   -17.45788     0.00000
   -17.44588     0.00000
   -17.43288     0.00000
   -17.42088     0.00000
   -17.40788     0.00000
   -17.39488     0.00000
   -17.38288     0.00000
   -17.36988     0.00000
   -17.35788     0.00000
   -17.34488     0.00000
   -17.33288     0.00000
   -17.31988     0.00000
   -17.30688     0.00000
   -17.29488     0.00000
   -17.28188     0.00000
   -17.26988     0.00000
   -17.25688     0.00000
   -17.24488     0.00000
   -17.23188     0.00000
   -17.21888     0.00000
   -17.20688     0.00000
   -17.19388     0.00000
   -17.18188     0.00000
   -17.16888     0.00000
   -17.15688     0.00000
   -17.14388     0.00000
   -17.13088     0.00000
   -17.11888     0.00000
   -17.10588     0.00000
   -17.09388     0.00000
   -17.08088     0.00000
   -17.06888     0.00000
   -17.05588     0.00000
   -17.04388     0.00000
   -17.03088     0.00000
   -17.01788     0.00000
   -17.00588     0.00000
   -16.99288     0.00000
   -16.98088     0.00000
   -16.96788     0.00000
   -16.95588     0.00000
   -16.94288     0.00000
   -16.92988     0.00000
   -16.91788     0.00000
   -16.90488     0.00000
   -16.89288     0.00000
   -16.87988     0.00000
   -16.86788     0.00000
   -16.85488     0.00000
   -16.84188     0.00000
   -16.82988     0.00000
   -16.81688     0.00000
   -16.80488     0.00000
   -16.79188     0.00000
   -16.77988     0.00000
   -16.76688     0.00000
   -16.75388     0.00000
   -16.74188     0.00000
   -16.72888     0.00000
   -16.71688     0.00000
   -16.70388     0.00000
   -16.69188     0.00000
   -16.67888     0.00000
   -16.66588     0.00000
   -16.65388     0.00000
   -16.64088     0.00000
   -16.62888     0.00000
   -16.61588     0.00000
   -16.60388     0.00000
   -16.59088     0.00000
   -16.57788     0.00000
   -16.56588     0.00000
   -16.55288     0.00000
   -16.54088     0.00000
   -16.52788     0.00000
   -16.51588     0.00000
   -16.50288     0.00000
   -16.48988     0.00000
   -16.47788     0.00000
   -16.46488     0.00000
   -16.45288     0.00000
   -16.43988     0.00000
   -16.42788     0.00000
   -16.41488     0.00000
   -16.40188     0.00000
   -16.38988     0.00000
   -16.37688     0.00000
   -16.36488     0.00000
   -16.35188     0.00000
   -16.33988     0.00000
   -16.32688     0.00000
   -16.31488     0.00000
   -16.30188     0.00000
   -16.28888     0.00000
   -16.27688     0.00000
   -16.26388     0.00000
   -16.25188     0.00000
   -16.23888     0.00000
   -16.22688     0.00000
   -16.21388     0.00000
   -16.20088     0.00000
   -16.18888     0.00000
   -16.17588     0.00000
   -16.16388     0.00000
   -16.15088     0.00000
   -16.13888     0.00000
   -16.12588     0.00000
   -16.11288     0.00000
   -16.10088     0.00000
   -16.08788     0.00000
   -16.07588     0.00000
   -16.06288     0.00000
   -16.05088     0.00000
   -16.03788     0.00000
   -16.02488     0.00000
   -16.01288     0.00000
   -15.99988     0.00000
   -15.98788     0.00000
   -15.97488     0.00000
   -15.96288     0.00000
   -15.94988     0.00000
   -15.93688     0.00000
   -15.92488     0.00000
   -15.91188     0.00000
   -15.89988     0.00000
   -15.88688     0.00000
   -15.87488     0.00000
   -15.86188     0.00000
   -15.84888     0.00000
   -15.83688     0.00000
   -15.82388     0.00000
   -15.81188     0.00000
   -15.79888     0.00000
   -15.78688     0.00000
   -15.77388     0.00000
   -15.76088     0.00000
   -15.74888     0.00000
   -15.73588     0.00000
   -15.72388     0.00000
   -15.71088     0.00000
   -15.69888     0.00000
   -15.68588     0.00000
   -15.67288     0.00000
   -15.66088     0.00000
   -15.64788     0.00000
   -15.63588     0.00000
   -15.62288     0.00000
   -15.61088     0.00000
   -15.59788     0.00000
   -15.58588     0.00000
   -15.57288     0.00000
   -15.55988     0.00000
   -15.54788     0.00000
   -15.53488     0.00000
   -15.52288     0.00000
   -15.50988     0.00000
   -15.49788     0.00000
   -15.48488     0.00000
   -15.47188     0.00000
   -15.45988     0.00000
   -15.44688     0.00000
   -15.43488     0.00000
   -15.42188     0.00000
   -15.40988     0.00000
   -15.39688     0.00000
   -15.38388     0.00000
   -15.37188     0.00000
   -15.35888     0.00000
   -15.34688     0.00000
   -15.33388     0.00000
   -15.32188     0.00000
   -15.30888     0.00000
   -15.29588     0.00000
   -15.28388     0.00000
   -15.27088     0.00000
   -15.25888     0.00000
   -15.24588     0.00000
   -15.23388     0.00000
   -15.22088     0.00000
   -15.20788     0.00000
   -15.19588     0.00000
   -15.18288     0.00000
   -15.17088     0.00000
   -15.15788     0.00000
   -15.14588     0.00000
   -15.13288     0.00000
   -15.11988     0.00000
   -15.10788     0.00000
   -15.09488     0.00000
   -15.08288     0.00000
   -15.06988     0.00000
   -15.05788     0.00000
   -15.04488     0.00000
   -15.03188     0.00000
   -15.01988     0.00000
   -15.00688     0.00000
   -14.99488     0.00000
   -14.98188     0.00000
   -14.96988     0.00000
   -14.95688     0.00000
   -14.94488     0.00000
   -14.93188     0.00000
   -14.91888     0.00000
   -14.90688     0.00000
   -14.89388     0.00000
   -14.88188     0.00000
   -14.86888     0.00000
   -14.85688     0.00000
   -14.84388     0.00000
   -14.83088     0.00000
   -14.81888     0.00000
   -14.80588     0.00000
   -14.79388     0.00000
   -14.78088     0.00000
   -14.76888     0.00000
   -14.75588     0.00000
   -14.74288     0.00000
   -14.73088     0.00000
   -14.71788     0.00000
   -14.70588     0.00000
   -14.69288     0.00000
   -14.68088     0.00000
   -14.66788     0.00000
   -14.65488     0.00000
   -14.64288     0.00000
   -14.62988     0.00000
   -14.61788     0.00000
   -14.60488     0.00000
   -14.59288     0.00000
   -14.57988     0.00000
   -14.56688     0.00000
   -14.55488     0.00000
   -14.54188     0.00000
   -14.52988     0.00000
   -14.51688     0.00000
   -14.50488     0.00000
   -14.49188     0.00000
   -14.47888     0.00000
   -14.46688     0.00000
   -14.45388     0.00000
   -14.44188     0.00000
   -14.42888     0.00000
   -14.41688     0.00000
   -14.40388     0.00000
   -14.39088     0.00000
   -14.37888     0.00000
   -14.36588     0.00000
   -14.35388     0.00000
   -14.34088     0.00000
   -14.32888     0.00000
   -14.31588     0.00000
   -14.30288     0.00000
   -14.29088     0.00000
   -14.27788     0.00000
   -14.26588     0.00000
   -14.25288     0.00000
   -14.24088     0.00000
   -14.22788     0.00000
   -14.21588     0.00000
   -14.20288     0.00000
   -14.18988     0.00000
   -14.17788     0.00000
   -14.16488     0.00000
   -14.15288     0.00000
   -14.13988     0.00000
   -14.12788     0.00000
   -14.11488     0.00000
   -14.10188     0.00000
   -14.08988     0.00000
   -14.07688     0.00000
   -14.06488     0.00000
   -14.05188     0.00000
   -14.03988     0.00000
   -14.02688     0.00000
   -14.01388     0.00000
   -14.00188     0.00000
   -13.98888     0.00000
   -13.97688     0.00000
   -13.96388     0.00000
   -13.95188     0.00000
   -13.93888     0.00000
   -13.92588     0.00000
   -13.91388     0.00000
   -13.90088     0.00000
   -13.88888     0.00002
   -13.87588     0.00007
   -13.86388     0.00024
   -13.85088     0.00071
   -13.83788     0.00188
   -13.82588     0.00442
   -13.81288     0.00915
   -13.80088     0.01672
   -13.78788     0.02697
   -13.77588     0.03837
   -13.76288     0.04819
   -13.74988     0.05346
   -13.73788     0.05253
   -13.72488     0.04616
   -13.71288     0.03759
   -13.69988     0.03166
   -13.68788     0.03352
   -13.67488     0.04755
   -13.66188     0.07580
   -13.64988     0.11618
   -13.63688     0.16109
   -13.62488     0.19841
   -13.61188     0.21610
   -13.59988     0.20805
   -13.58688     0.17752
   -13.57388     0.13573
   -13.56188     0.09679
   -13.54888     0.07252
   -13.53688     0.06961
   -13.52388     0.08889
   -13.51188     0.12527
   -13.49888     0.16815
   -13.48688     0.20351
   -13.47388     0.21853
   -13.46088     0.20738
   -13.44888     0.17374
   -13.43588     0.12847
   -13.42388     0.08385
   -13.41088     0.04838
   -13.39888     0.02497
   -13.38588     0.01235
   -13.37288     0.00799
   -13.36088     0.01013
   -13.34788     0.01847
   -13.33588     0.03345
   -13.32288     0.05465
   -13.31088     0.07959
   -13.29788     0.10364
   -13.28488     0.12217
   -13.27288     0.13365
   -13.25988     0.14163
   -13.24788     0.15388
   -13.23488     0.17866
   -13.22288     0.22088
   -13.20988     0.28003
   -13.19688     0.35021
   -13.18488     0.42104
   -13.17188     0.47884
   -13.15988     0.51013
   -13.14688     0.50787
   -13.13488     0.47649
   -13.12188     0.43376
   -13.10888     0.40324
   -13.09688     0.40456
   -13.08388     0.44256
   -13.07188     0.50608
   -13.05888     0.57247
   -13.04688     0.61768
   -13.03388     0.62375
   -13.02088     0.58449
   -13.00888     0.50670
   -12.99588     0.40680
   -12.98388     0.30599
   -12.97088     0.22177
   -12.95888     0.16295
   -12.94588     0.12821
   -12.93288     0.10907
   -12.92088     0.09559
   -12.90788     0.08107
   -12.89588     0.06418
   -12.88288     0.04803
   -12.87088     0.03778
   -12.85788     0.03860
   -12.84588     0.05475
   -12.83288     0.08882
   -12.81988     0.14042
   -12.80788     0.20488
   -12.79488     0.27294
   -12.78288     0.33228
   -12.76988     0.37104
   -12.75788     0.38114
   -12.74488     0.36164
   -12.73188     0.31960
   -12.71988     0.26966
   -12.70688     0.23044
   -12.69488     0.21977
   -12.68188     0.24817
   -12.66988     0.31432
   -12.65688     0.40439
   -12.64388     0.49752
   -12.63188     0.57554
   -12.61888     0.63072
   -12.60688     0.66665
   -12.59388     0.69036
   -12.58188     0.70474
   -12.56888     0.70510
   -12.55588     0.68459
   -12.54388     0.64274
   -12.53088     0.59218
   -12.51888     0.55644
   -12.50588     0.56247
   -12.49388     0.62995
   -12.48088     0.76268
   -12.46788     0.94335
   -12.45588     1.13885
   -12.44288     1.30936
   -12.43088     1.42226
   -12.41788     1.46464
   -12.40588     1.44275
   -12.39288     1.37696
   -12.37988     1.28960
   -12.36788     1.19523
   -12.35488     1.09442
   -12.34288     0.97714
   -12.32988     0.83424
   -12.31788     0.66677
   -12.30488     0.49093
   -12.29188     0.33220
   -12.27988     0.21268
   -12.26688     0.14411
   -12.25488     0.12681
   -12.24188     0.15311
   -12.22988     0.21084
   -12.21688     0.28519
   -12.20388     0.36040
   -12.19188     0.42298
   -12.17888     0.46733
   -12.16688     0.49824
   -12.15388     0.53189
   -12.14188     0.58794
   -12.12888     0.68187
   -12.11688     0.81721
   -12.10388     0.98765
   -12.09088     1.18366
   -12.07888     1.39487
   -12.06588     1.60793
   -12.05388     1.79954
   -12.04088     1.93555
   -12.02888     1.98398
   -12.01588     1.93139
   -12.00288     1.79395
   -11.99088     1.60851
   -11.97788     1.41629
   -11.96588     1.24840
   -11.95288     1.12489
   -11.94088     1.05565
   -11.92788     1.03703
   -11.91488     1.04621
   -11.90288     1.04468
   -11.88988     0.99620
   -11.87788     0.88920
   -11.86488     0.74627
   -11.85288     0.61437
   -11.83988     0.54318
   -11.82688     0.56748
   -11.81488     0.69864
   -11.80188     0.92284
   -11.78988     1.20164
   -11.77688     1.47721
   -11.76488     1.68930
   -11.75188     1.79606
   -11.73888     1.78807
   -11.72688     1.68575
   -11.71388     1.52038
   -11.70188     1.31997
   -11.68888     1.10599
   -11.67688     0.90159
   -11.66388     0.73847
   -11.65088     0.65175
   -11.63888     0.66579
   -11.62588     0.77959
   -11.61388     0.95690
   -11.60088     1.13277
   -11.58888     1.24126
   -11.57588     1.24592
   -11.56288     1.16176
   -11.55088     1.04700
   -11.53788     0.97148
   -11.52588     0.98212
   -11.51288     1.08279
   -11.50088     1.24026
   -11.48788     1.39936
   -11.47488     1.50440
   -11.46288     1.51728
   -11.44988     1.43218
   -11.43788     1.28141
   -11.42488     1.12696
   -11.41288     1.03633
   -11.39988     1.05544
   -11.38788     1.18983
   -11.37488     1.40347
   -11.36188     1.63412
   -11.34988     1.81801
   -11.33688     1.91375
   -11.32488     1.91119
   -11.31188     1.82590
   -11.29988     1.68161
   -11.28688     1.49876
   -11.27388     1.29657
   -11.26188     1.10508
   -11.24888     0.97203
   -11.23688     0.95453
   -11.22388     1.09237
   -11.21188     1.38221
   -11.19888     1.76470
   -11.18588     2.13864
   -11.17388     2.39794
   -11.16088     2.47501
   -11.14888     2.36847
   -11.13588     2.14307
   -11.12388     1.90140
   -11.11088     1.74009
   -11.09788     1.71128
   -11.08588     1.80140
   -11.07288     1.94050
   -11.06088     2.03788
   -11.04788     2.02336
   -11.03588     1.87583
   -11.02288     1.62427
   -11.00988     1.32748
   -10.99788     1.05166
   -10.98488     0.85305
   -10.97288     0.77134
   -10.95988     0.82309
   -10.94788     0.99465
   -10.93488     1.24322
   -10.92188     1.50684
   -10.90988     1.71909
   -10.89688     1.82876
   -10.88488     1.81375
   -10.87188     1.68727
   -10.85988     1.49241
   -10.84688     1.28706
   -10.83388     1.12405
   -10.82188     1.03828
   -10.80888     1.05236
   -10.79688     1.18861
   -10.78388     1.47061
   -10.77188     1.90552
   -10.75888     2.45604
   -10.74688     3.02796
   -10.73388     3.49422
   -10.72088     3.74161
   -10.70888     3.71159
   -10.69588     3.41419
   -10.68388     2.91423
   -10.67088     2.30604
   -10.65888     1.68872
   -10.64588     1.14589
   -10.63288     0.73243
   -10.62088     0.46966
   -10.60788     0.35153
   -10.59588     0.35141
   -10.58288     0.43020
   -10.57088     0.54178
   -10.55788     0.64247
   -10.54488     0.70383
   -10.53288     0.72039
   -10.51988     0.70778
   -10.50788     0.68817
   -10.49488     0.67694
   -10.48288     0.67979
   -10.46988     0.69978
   -10.45688     0.74500
   -10.44488     0.82944
   -10.43188     0.96302
   -10.41988     1.13674
   -10.40688     1.31458
   -10.39488     1.44007
   -10.38188     1.46084
   -10.36888     1.36064
   -10.35688     1.17817
   -10.34388     0.99470
   -10.33188     0.90039
   -10.31888     0.94897
   -10.30688     1.13076
   -10.29388     1.37043
   -10.28088     1.56006
   -10.26888     1.60685
   -10.25588     1.47720
   -10.24388     1.20768
   -10.23088     0.87951
   -10.21888     0.57510
   -10.20588     0.34711
   -10.19288     0.21142
   -10.18088     0.16063
   -10.16788     0.18027
   -10.15588     0.25738
   -10.14288     0.38092
   -10.13088     0.54032
   -10.11788     0.72667
   -10.10488     0.93517
   -10.09288     1.16252
   -10.07988     1.39609
   -10.06788     1.60138
   -10.05488     1.72691
   -10.04288     1.72600
   -10.02988     1.58870
   -10.01788     1.35403
   -10.00488     1.09378
    -9.99188     0.87688
    -9.97988     0.74061
    -9.96688     0.68303
    -9.95488     0.67537
    -9.94188     0.67854
    -9.92988     0.65950
    -9.91688     0.60036
    -9.90388     0.50150
    -9.89188     0.38013
    -9.87888     0.26069
    -9.86688     0.16413
    -9.85388     0.10252
    -9.84188     0.07905
    -9.82888     0.09195
    -9.81588     0.13698
    -9.80388     0.20710
    -9.79088     0.29075
    -9.77888     0.37128
    -9.76588     0.43023
    -9.75388     0.45256
    -9.74088     0.43257
    -9.72788     0.37511
    -9.71588     0.29511
    -9.70288     0.21151
    -9.69088     0.14137
    -9.67788     0.09602
    -9.66588     0.07990
    -9.65288     0.09159
    -9.63988     0.12486
    -9.62788     0.16919
    -9.61488     0.21154
    -9.60288     0.24002
    -9.58988     0.24828
    -9.57788     0.23774
    -9.56488     0.21646
    -9.55188     0.19507
    -9.53988     0.18243
    -9.52688     0.18256
    -9.51488     0.19314
    -9.50188     0.20640
    -9.48988     0.21349
    -9.47688     0.21027
    -9.46388     0.20117
    -9.45188     0.19774
    -9.43888     0.21127
    -9.42688     0.24433
    -9.41388     0.28663
    -9.40188     0.31908
    -9.38888     0.32378
    -9.37588     0.29388
    -9.36388     0.23669
    -9.35088     0.16861
    -9.33888     0.10610
    -9.32588     0.05897
    -9.31388     0.02893
    -9.30088     0.01253
    -9.28888     0.00479
    -9.27588     0.00162
    -9.26288     0.00048
    -9.25088     0.00013
    -9.23788     0.00003
    -9.22588     0.00001
    -9.21288     0.00000
    -9.20088     0.00000
    -9.18788     0.00000
    -9.17488     0.00000
    -9.16288     0.00000
    -9.14988     0.00000
    -9.13788     0.00000
    -9.12488     0.00000
    -9.11288     0.00000
    -9.09988     0.00000
    -9.08688     0.00000
    -9.07488     0.00000
    -9.06188     0.00000
    -9.04988     0.00002
    -9.03688     0.00009
    -9.02488     0.00037
    -9.01188     0.00139
    -8.99888     0.00453
    -8.98688     0.01310
    -8.97388     0.03342
    -8.96188     0.07539
    -8.94888     0.15047
    -8.93688     0.26606
    -8.92388     0.41754
    -8.91088     0.58332
    -8.89888     0.72825
    -8.88588     0.81714
    -8.87388     0.83045
    -8.86088     0.77447
    -8.84888     0.67709
    -8.83588     0.57808
    -8.82288     0.51588
    -8.81088     0.51893
    -8.79788     0.59658
    -8.78588     0.73635
    -8.77288     0.90770
    -8.76088     1.07228
    -8.74788     1.19609
    -8.73488     1.25591
    -8.72288     1.23952
    -8.70988     1.14584
    -8.69788     0.98764
    -8.68488     0.79282
    -8.67288     0.60024
    -8.65988     0.44492
    -8.64688     0.34644
    -8.63488     0.30512
    -8.62188     0.30749
    -8.60988     0.33578
    -8.59688     0.37443
    -8.58488     0.41251
    -8.57188     0.44374
    -8.55988     0.46595
    -8.54688     0.48112
    -8.53388     0.49456
    -8.52188     0.51516
    -8.50888     0.55594
    -8.49688     0.63197
    -8.48388     0.75293
    -8.47188     0.91133
    -8.45888     1.07764
    -8.44588     1.21010
    -8.43388     1.27577
    -8.42088     1.27017
    -8.40888     1.21864
    -8.39588     1.15767
    -8.38388     1.11398
    -8.37088     1.09467
    -8.35788     1.09186
    -8.34588     1.09212
    -8.33288     1.08068
    -8.32088     1.04503
    -8.30788     0.97661
    -8.29588     0.87681
    -8.28288     0.75584
    -8.26988     0.62861
    -8.25788     0.50897
    -8.24488     0.40796
    -8.23288     0.33511
    -8.21988     0.29937
    -8.20788     0.30762
    -8.19488     0.36166
    -8.18188     0.45560
    -8.16988     0.57546
    -8.15688     0.70089
    -8.14488     0.80871
    -8.13188     0.87830
    -8.11988     0.90032
    -8.10688     0.87708
    -8.09388     0.82177
    -8.08188     0.74953
    -8.06888     0.67100
    -8.05688     0.59118
    -8.04388     0.51294
    -8.03188     0.44075
    -8.01888     0.38102
    -8.00588     0.33859
    -7.99388     0.31411
    -7.98088     0.30359
    -7.96888     0.30021
    -7.95588     0.29668
    -7.94388     0.28672
    -7.93088     0.26625
    -7.91888     0.23413
    -7.90588     0.19340
    -7.89288     0.15073
    -7.88088     0.11478
    -7.86788     0.09350
    -7.85588     0.09132
    -7.84288     0.10849
    -7.83088     0.14194
    -7.81788     0.18733
    -7.80488     0.24099
    -7.79288     0.29980
    -7.77988     0.35963
    -7.76788     0.41387
    -7.75488     0.45405
    -7.74288     0.47247
    -7.72988     0.46521
    -7.71688     0.43317
    -7.70488     0.38117
    -7.69188     0.31648
    -7.67988     0.24749
    -7.66688     0.18300
    -7.65488     0.13195
    -7.64188     0.10314
    -7.62888     0.10494
    -7.61688     0.14434
    -7.60388     0.22399
    -7.59188     0.33803
    -7.57888     0.46930
    -7.56688     0.59153
    -7.55388     0.67748
    -7.54088     0.70984
    -7.52888     0.68809
    -7.51588     0.62850
    -7.50388     0.55719
    -7.49088     0.50196
    -7.47888     0.48433
    -7.46588     0.51450
    -7.45288     0.58736
    -7.44088     0.68104
    -7.42788     0.76238
    -7.41588     0.79808
    -7.40288     0.76914
    -7.39088     0.68026
    -7.37788     0.55510
    -7.36488     0.42502
    -7.35288     0.31393
    -7.33988     0.23121
    -7.32788     0.17363
    -7.31488     0.13308
    -7.30288     0.10364
    -7.28988     0.08378
    -7.27688     0.07489
    -7.26488     0.07827
    -7.25188     0.09347
    -7.23988     0.11824
    -7.22688     0.14932
    -7.21488     0.18337
    -7.20188     0.21777
    -7.18988     0.25057
    -7.17688     0.27980
    -7.16388     0.30153
    -7.15188     0.30954
    -7.13888     0.29761
    -7.12688     0.26359
    -7.11388     0.21225
    -7.10188     0.15408
    -7.08888     0.10077
    -7.07588     0.06096
    -7.06388     0.03887
    -7.05088     0.03652
    -7.03888     0.05714
    -7.02588     0.10771
    -7.01388     0.19872
    -7.00088     0.34051
    -6.98788     0.53710
    -6.97588     0.77977
    -6.96288     1.04443
    -6.95088     1.29788
    -6.93788     1.50821
    -6.92588     1.65411
    -6.91288     1.72869
    -6.89988     1.73305
    -6.88788     1.67125
    -6.87488     1.54595
    -6.86288     1.36321
    -6.84988     1.13556
    -6.83788     0.88564
    -6.82488     0.64207
    -6.81188     0.43281
    -6.79988     0.27681
    -6.78688     0.18165
    -6.77488     0.14417
    -6.76188     0.15439
    -6.74988     0.19921
    -6.73688     0.26425
    -6.72388     0.33501
    -6.71188     0.39821
    -6.69888     0.44325
    -6.68688     0.46405
    -6.67388     0.46064
    -6.66188     0.44048
    -6.64888     0.41678
    -6.63588     0.40396
    -6.62388     0.40970
    -6.61088     0.42920
    -6.59888     0.44617
    -6.58588     0.44280
    -6.57388     0.41227
    -6.56088     0.36707
    -6.54788     0.33635
    -6.53588     0.35456
    -6.52288     0.44567
    -6.51088     0.61230
    -6.49788     0.83479
    -6.48588     1.08497
    -6.47288     1.34555
    -6.46088     1.61851
    -6.44788     1.90868
    -6.43488     2.19361
    -6.42288     2.40664
    -6.40988     2.46032
    -6.39788     2.30157
    -6.38488     1.95174
    -6.37288     1.50276
    -6.35988     1.06584
    -6.34688     0.72212
    -6.33488     0.49887
    -6.32188     0.38213
    -6.30988     0.34344
    -6.29688     0.36107
    -6.28488     0.42721
    -6.27188     0.54215
    -6.25888     0.70155
    -6.24688     0.88406
    -6.23388     1.04664
    -6.22188     1.13799
    -6.20888     1.12098
    -6.19688     0.99222
    -6.18388     0.78564
    -6.17088     0.55522
    -6.15888     0.34967
    -6.14588     0.19662
    -6.13388     0.10030
    -6.12088     0.05094
    -6.10888     0.03584
    -6.09588     0.04619
    -6.08288     0.07777
    -6.07088     0.12717
    -6.05788     0.18727
    -6.04588     0.24558
    -6.03288     0.28737
    -6.02088     0.30353
    -6.00788     0.29663
    -5.99488     0.28115
    -5.98288     0.27547
    -5.96988     0.29137
    -5.95788     0.32766
    -5.94488     0.37362
    -5.93288     0.41830
    -5.91988     0.45864
    -5.90688     0.49797
    -5.89488     0.53763
    -5.88188     0.56913
    -5.86988     0.57728
    -5.85688     0.55138
    -5.84488     0.49581
    -5.83188     0.42977
    -5.81988     0.37594
    -5.80688     0.34774
    -5.79388     0.34372
    -5.78188     0.35073
    -5.76888     0.35302
    -5.75688     0.34039
    -5.74388     0.31106
    -5.73188     0.27041
    -5.71888     0.22756
    -5.70588     0.19278
    -5.69388     0.17566
    -5.68088     0.18247
    -5.66888     0.21192
    -5.65588     0.25359
    -5.64388     0.29070
    -5.63088     0.30863
    -5.61788     0.30497
    -5.60588     0.29393
    -5.59288     0.30164
    -5.58088     0.35273
    -5.56788     0.45485
    -5.55588     0.58910
    -5.54288     0.71488
    -5.52988     0.78957
    -5.51788     0.79481
    -5.50488     0.75326
    -5.49288     0.72217
    -5.47988     0.76683
    -5.46788     0.92168
    -5.45488     1.16389
    -5.44188     1.41476
    -5.42988     1.57417
    -5.41688     1.56923
    -5.40488     1.39403
    -5.39188     1.11022
    -5.37988     0.81146
    -5.36688     0.57714
    -5.35388     0.44285
    -5.34188     0.40139
    -5.32888     0.42273
    -5.31688     0.47950
    -5.30388     0.56320
    -5.29188     0.68466
    -5.27888     0.85848
    -5.26588     1.08128
    -5.25388     1.31643
    -5.24088     1.49776
    -5.22888     1.55689
    -5.21588     1.45867
    -5.20388     1.22306
    -5.19088     0.91391
    -5.17788     0.60864
    -5.16588     0.36481
    -5.15288     0.20713
    -5.14088     0.13378
    -5.12788     0.13264
    -5.11588     0.19438
    -5.10288     0.31619
    -5.09088     0.49794
    -5.07788     0.73375
    -5.06488     1.00436
    -5.05288     1.27390
    -5.03988     1.49846
    -5.02788     1.63962
    -5.01488     1.67981
    -5.00288     1.62610
    -4.98988     1.49913
    -4.97688     1.32165
    -4.96488     1.11212
    -4.95188     0.89120
    -4.93988     0.68819
    -4.92688     0.53999
    -4.91488     0.48077
    -4.90188     0.52880
    -4.88888     0.67535
    -4.87688     0.87974
    -4.86388     1.07561
    -4.85188     1.19369
    -4.83888     1.19067
    -4.82688     1.07350
    -4.81388     0.89330
    -4.80088     0.71857
    -4.78888     0.59647
    -4.77588     0.53495
    -4.76388     0.50796
    -4.75088     0.47978
    -4.73888     0.42844
    -4.72588     0.35589
    -4.71288     0.28093
    -4.70088     0.22356
    -4.68788     0.19251
    -4.67588     0.18214
    -4.66288     0.17836
    -4.65088     0.16816
    -4.63788     0.14657
    -4.62488     0.11775
    -4.61288     0.09116
    -4.59988     0.07640
    -4.58788     0.07979
    -4.57488     0.10448
    -4.56288     0.15277
    -4.54988     0.22843
    -4.53688     0.33592
    -4.52488     0.47507
    -4.51188     0.63384
    -4.49988     0.78646
    -4.48688     0.90199
    -4.47488     0.96032
    -4.46188     0.96455
    -4.44888     0.93811
    -4.43688     0.90727
    -4.42388     0.88291
    -4.41188     0.85585
    -4.39888     0.80915
    -4.38688     0.73484
    -4.37388     0.64327
    -4.36188     0.55746
    -4.34888     0.50131
    -4.33588     0.48964
    -4.32388     0.52580
    -4.31088     0.60383
    -4.29888     0.71176
    -4.28588     0.83424
    -4.27388     0.95406
    -4.26088     1.05408
    -4.24788     1.12137
    -4.23588     1.15150
    -4.22288     1.15135
    -4.21088     1.13864
    -4.19788     1.13403
    -4.18588     1.15393
    -4.17288     1.20582
    -4.15988     1.28910
    -4.14788     1.40216
    -4.13488     1.54992
    -4.12288     1.73825
    -4.10988     1.96097
    -4.09788     2.18333
    -4.08488     2.34843
    -4.07188     2.40868
    -4.05988     2.35747
    -4.04688     2.23516
    -4.03488     2.09805
    -4.02188     1.97472
    -4.00988     1.84983
    -3.99688     1.68629
    -3.98388     1.46392
    -3.97188     1.20183
    -3.95888     0.94913
    -3.94688     0.75750
    -3.93388     0.65772
    -3.92188     0.65124
    -3.90888     0.71391
    -3.89588     0.80579
    -3.88388     0.88273
    -3.87088     0.91096
    -3.85888     0.87838
    -3.84588     0.79619
    -3.83388     0.69089
    -3.82088     0.58898
    -3.80788     0.50861
    -3.79588     0.45986
    -3.78288     0.45187
    -3.77088     0.49625
    -3.75788     0.60161
    -3.74588     0.76293
    -3.73288     0.95546
    -3.72088     1.14193
    -3.70788     1.28863
    -3.69488     1.37957
    -3.68288     1.41500
    -3.66988     1.40418
    -3.65788     1.35737
    -3.64488     1.28777
    -3.63288     1.21383
    -3.61988     1.15699
    -3.60688     1.13422
    -3.59488     1.15674
    -3.58188     1.23150
    -3.56988     1.36584
    -3.55688     1.56282
    -3.54488     1.80998
    -3.53188     2.07741
    -3.51888     2.32547
    -3.50688     2.51969
    -3.49388     2.64070
    -3.48188     2.68678
    -3.46888     2.66753
    -3.45688     2.60151
    -3.44388     2.51892
    -3.43088     2.45476
    -3.41888     2.43889
    -3.40588     2.48219
    -3.39388     2.56577
    -3.38088     2.64239
    -3.36888     2.65041
    -3.35588     2.54061
    -3.34288     2.30302
    -3.33088     1.98062
    -3.31788     1.65084
    -3.30588     1.38924
    -3.29288     1.23442
    -3.28088     1.18596
    -3.26788     1.22632
    -3.25488     1.34597
    -3.24288     1.54616
    -3.22988     1.82017
    -3.21788     2.13424
    -3.20488     2.42590
    -3.19288     2.62732
    -3.17988     2.69078
    -3.16688     2.60558
    -3.15488     2.39766
    -3.14188     2.11786
    -3.12988     1.82950
    -3.11688     1.59151
    -3.10488     1.43989
    -3.09188     1.37503
    -3.07888     1.36383
    -3.06688     1.36485
    -3.05388     1.35861
    -3.04188     1.36623
    -3.02888     1.43554
    -3.01688     1.60276
    -3.00388     1.85422
    -2.99188     2.12070
    -2.97888     2.31374
    -2.96588     2.37671
    -2.95388     2.31977
    -2.94088     2.20902
    -2.92888     2.12051
    -2.91588     2.09480
    -2.90388     2.11469
    -2.89088     2.12412
    -2.87788     2.06920
    -2.86588     1.93433
    -2.85288     1.75013
    -2.84088     1.57409
    -2.82788     1.45781
    -2.81588     1.42523
    -2.80288     1.46621
    -2.78988     1.54203
    -2.77788     1.60146
    -2.76488     1.59798
    -2.75288     1.50847
    -2.73988     1.34328
    -2.72788     1.14305
    -2.71488     0.96130
    -2.70188     0.84452
    -2.68988     0.81547
    -2.67688     0.86929
    -2.66488     0.97983
    -2.65188     1.11491
    -2.63988     1.25081
    -2.62688     1.37912
    -2.61388     1.49929
    -2.60188     1.60798
    -2.58888     1.68613
    -2.57688     1.70682
    -2.56388     1.64947
    -2.55188     1.51546
    -2.53888     1.33412
    -2.52588     1.15174
    -2.51388     1.01207
    -2.50088     0.94457
    -2.48888     0.95210
    -2.47588     1.01231
    -2.46388     1.08408
    -2.45088     1.12513
    -2.43788     1.10928
    -2.42588     1.03786
    -2.41288     0.93715
    -2.40088     0.84373
    -2.38788     0.79362
    -2.37588     0.81159
    -2.36288     0.90570
    -2.34988     1.06062
    -2.33788     1.23576
    -2.32488     1.37471
    -2.31288     1.42910
    -2.29988     1.38445
    -2.28788     1.27078
    -2.27488     1.15106
    -2.26288     1.09304
    -2.24988     1.13694
    -2.23688     1.27865
    -2.22488     1.47037
    -2.21188     1.64230
    -2.19988     1.73571
    -2.18688     1.72923
    -2.17488     1.64919
    -2.16188     1.54868
    -2.14888     1.47715
    -2.13688     1.45291
    -2.12388     1.45888
    -2.11188     1.45962
    -2.09888     1.42147
    -2.08688     1.32886
    -2.07388     1.19054
    -2.06088     1.03295
    -2.04888     0.88993
    -2.03588     0.78548
    -2.02388     0.72379
    -2.01088     0.69034
    -1.99888     0.66685
    -1.98588     0.64479
    -1.97288     0.63238
    -1.96088     0.64896
    -1.94788     0.71395
    -1.93588     0.83650
    -1.92288     1.00912
    -1.91088     1.20693
    -1.89788     1.38846
    -1.88488     1.50669
    -1.87288     1.52443
    -1.85988     1.43470
    -1.84788     1.26504
    -1.83488     1.06824
    -1.82288     0.89665
    -1.80988     0.78142
    -1.79688     0.72545
    -1.78488     0.71224
    -1.77188     0.72019
    -1.75988     0.73431
    -1.74688     0.74887
    -1.73488     0.76364
    -1.72188     0.77665
    -1.70888     0.77904
    -1.69688     0.75607
    -1.68388     0.69588
    -1.67188     0.59905
    -1.65888     0.48172
    -1.64688     0.36799
    -1.63388     0.27797
    -1.62188     0.22079
    -1.60888     0.19581
    -1.59588     0.19765
    -1.58388     0.21997
    -1.57088     0.25489
    -1.55888     0.29230
    -1.54588     0.32193
    -1.53388     0.33784
    -1.52088     0.34128
    -1.50788     0.33898
    -1.49588     0.33842
    -1.48288     0.34531
    -1.47088     0.36532
    -1.45788     0.40718
    -1.44588     0.48166
    -1.43288     0.59488
    -1.41988     0.73922
    -1.40788     0.89106
    -1.39488     1.01915
    -1.38288     1.09851
    -1.36988     1.12162
    -1.35788     1.09959
    -1.34488     1.05070
    -1.33188     0.98877
    -1.31988     0.91603
    -1.30688     0.82764
    -1.29488     0.72126
    -1.28188     0.60329
    -1.26988     0.48729
    -1.25688     0.39023
    -1.24388     0.32921
    -1.23188     0.31951
    -1.21888     0.37080
    -1.20688     0.48058
    -1.19388     0.62692
    -1.18188     0.76944
    -1.16888     0.86177
    -1.15588     0.87340
    -1.14388     0.80462
    -1.13088     0.68631
    -1.11888     0.56213
    -1.10588     0.46597
    -1.09388     0.41015
    -1.08088     0.38743
    -1.06788     0.38232
    -1.05588     0.38117
    -1.04288     0.37546
    -1.03088     0.36036
    -1.01788     0.33289
    -1.00588     0.29248
    -0.99288     0.24260
    -0.97988     0.19023
    -0.96788     0.14323
    -0.95488     0.10711
    -0.94288     0.08347
    -0.92988     0.07025
    -0.91788     0.06364
    -0.90488     0.06040
    -0.89288     0.05969
    -0.87988     0.06374
    -0.86688     0.07667
    -0.85488     0.10188
    -0.84188     0.13924
    -0.82988     0.18344
    -0.81688     0.22504
    -0.80488     0.25392
    -0.79188     0.26327
    -0.77888     0.25264
    -0.76688     0.22764
    -0.75388     0.19713
    -0.74188     0.16915
    -0.72888     0.14848
    -0.71688     0.13590
    -0.70388     0.13028
    -0.69088     0.13113
    -0.67888     0.13928
    -0.66588     0.15522
    -0.65388     0.17623
    -0.64088     0.19578
    -0.62888     0.20604
    -0.61588     0.20240
    -0.60288     0.18649
    -0.59088     0.16572
    -0.57788     0.14963
    -0.56588     0.14474
    -0.55288     0.15121
    -0.54088     0.16239
    -0.52788     0.16891
    -0.51488     0.16434
    -0.50288     0.14947
    -0.48988     0.13282
    -0.47788     0.12659
    -0.46488     0.14064
    -0.45288     0.17692
    -0.43988     0.22683
    -0.42688     0.27354
    -0.41488     0.29871
    -0.40188     0.29109
    -0.38988     0.25194
    -0.37688     0.19350
    -0.36488     0.13231
    -0.35188     0.08159
    -0.33888     0.04727
    -0.32688     0.02866
    -0.31388     0.02145
    -0.30188     0.02061
    -0.28888     0.02208
    -0.27688     0.02319
    -0.26388     0.02264
    -0.25088     0.02023
    -0.23888     0.01648
    -0.22588     0.01225
    -0.21388     0.00832
    -0.20088     0.00519
    -0.18888     0.00298
    -0.17588     0.00158
    -0.16388     0.00077
    -0.15088     0.00035
    -0.13788     0.00015
    -0.12588     0.00006
    -0.11288     0.00002
    -0.10088     0.00001
    -0.08788     0.00000
    -0.07588     0.00000
    -0.06288     0.00000
    -0.04988     0.00000
    -0.03788     0.00000
    -0.02488     0.00000
    -0.01288     0.00000
     0.00012     0.00000
     0.01212     0.00000
     0.02512     0.00000
     0.03812     0.00000
     0.05012     0.00000
     0.06312     0.00000
     0.07512     0.00000
     0.08812     0.00000
     0.10012     0.00000
     0.11312     0.00000
     0.12612     0.00000
     0.13812     0.00000
     0.15112     0.00000
     0.16312     0.00000
     0.17612     0.00000
     0.18812     0.00001
     0.20112     0.00002
     0.21412     0.00006
     0.22612     0.00016
     0.23912     0.00037
     0.25112     0.00074
     0.26412     0.00132
     0.27612     0.00210
     0.28912     0.00299
     0.30212     0.00387
     0.31412     0.00467
     0.32712     0.00546
     0.33912     0.00644
     0.35212     0.00781
     0.36412     0.00950
     0.37712     0.01121
     0.39012     0.01247
     0.40212     0.01292
     0.41512     0.01246
     0.42712     0.01128
     0.44012     0.00964
     0.45212     0.00778
     0.46512     0.00589
     0.47712     0.00413
     0.49012     0.00264
     0.50312     0.00153
     0.51512     0.00080
     0.52812     0.00040
     0.54012     0.00027
     0.55312     0.00039
     0.56512     0.00087
     0.57812     0.00193
     0.59112     0.00383
     0.60312     0.00670
     0.61612     0.01037
     0.62812     0.01417
     0.64112     0.01714
     0.65312     0.01846
     0.66612     0.01797
     0.67912     0.01644
     0.69112     0.01525
     0.70412     0.01576
     0.71612     0.01852
     0.72912     0.02292
     0.74112     0.02737
     0.75412     0.03007
     0.76712     0.03000
     0.77912     0.02743
     0.79212     0.02371
     0.80412     0.02045
     0.81712     0.01867
     0.82912     0.01841
     0.84212     0.01904
     0.85512     0.01966
     0.86712     0.01969
     0.88012     0.01909
     0.89212     0.01829
     0.90512     0.01791
     0.91712     0.01828
     0.93012     0.01919
     0.94312     0.02006
     0.95512     0.02028
     0.96812     0.01961
     0.98012     0.01831
     0.99312     0.01692
     1.00512     0.01597
     1.01812     0.01575
     1.03112     0.01621
     1.04312     0.01705
     1.05612     0.01790
     1.06812     0.01856
     1.08112     0.01911
     1.09312     0.01975
     1.10612     0.02060
     1.11912     0.02159
     1.13112     0.02262
     1.14412     0.02403
     1.15612     0.02687
     1.16912     0.03270
     1.18112     0.04269
     1.19412     0.05645
     1.20612     0.07146
     1.21912     0.08385
     1.23212     0.09036
     1.24412     0.09033
     1.25712     0.08625
     1.26912     0.08212
     1.28212     0.08055
     1.29412     0.08106
     1.30712     0.08063
     1.32012     0.07619
     1.33212     0.06724
     1.34512     0.05626
     1.35712     0.04739
     1.37012     0.04398
     1.38212     0.04695
     1.39512     0.05450
     1.40812     0.06310
     1.42012     0.06912
     1.43312     0.07040
     1.44512     0.06741
     1.45812     0.06354
     1.47012     0.06425
     1.48312     0.07507
     1.49612     0.09906
     1.50812     0.13459
     1.52112     0.17475
     1.53312     0.20952
     1.54612     0.23000
     1.55812     0.23235
     1.57112     0.21931
     1.58412     0.19832
     1.59612     0.17756
     1.60912     0.16341
     1.62112     0.16001
     1.63412     0.16975
     1.64612     0.19273
     1.65912     0.22547
     1.67212     0.26002
     1.68412     0.28598
     1.69712     0.29509
     1.70912     0.28522
     1.72212     0.26142
     1.73412     0.23333
     1.74712     0.21067
     1.76012     0.20024
     1.77212     0.20417
     1.78512     0.22001
     1.79712     0.24083
     1.81012     0.25782
     1.82212     0.26404
     1.83512     0.25824
     1.84812     0.24620
     1.86012     0.23747
     1.87312     0.24018
     1.88512     0.25663
     1.89812     0.28310
     1.91012     0.31263
     1.92312     0.33948
     1.93512     0.36152
     1.94812     0.37953
     1.96112     0.39422
     1.97312     0.40390
     1.98612     0.40440
     1.99812     0.39250
     2.01112     0.36861
     2.02312     0.33844
     2.03612     0.31195
     2.04912     0.30097
     2.06112     0.31616
     2.07412     0.36276
     2.08612     0.43737
     2.09912     0.52686
     2.11112     0.61184
     2.12412     0.67334
     2.13712     0.69936
     2.14912     0.68918
     2.16212     0.65266
     2.17412     0.60696
     2.18712     0.57015
     2.19912     0.55412
     2.21212     0.55927
     2.22512     0.57522
     2.23712     0.58771
     2.25012     0.58902
     2.26212     0.58317
     2.27512     0.58273
     2.28712     0.59861
     2.30012     0.63184
     2.31312     0.67276
     2.32512     0.70864
     2.33812     0.73178
     2.35012     0.74326
     2.36312     0.74923
     2.37512     0.75581
     2.38812     0.76498
     2.40112     0.77340
     2.41312     0.77346
     2.42612     0.75533
     2.43812     0.71193
     2.45112     0.64495
     2.46312     0.56804
     2.47612     0.50260
     2.48912     0.46767
     2.50112     0.47143
     2.51412     0.51055
     2.52612     0.57682
     2.53912     0.66470
     2.55112     0.77219
     2.56412     0.89495
     2.57612     1.01777
     2.58912     1.11438
     2.60212     1.15758
     2.61412     1.13254
     2.62712     1.04919
     2.63912     0.93774
     2.65212     0.83687
     2.66412     0.77728
     2.67712     0.77247
     2.69012     0.81781
     2.70212     0.89523
     2.71512     0.97990
     2.72712     1.04605
     2.74012     1.07251
     2.75212     1.04599
     2.76512     0.96380
     2.77812     0.83496
     2.79012     0.68015
     2.80312     0.52832
     2.81512     0.41000
     2.82812     0.34958
     2.84012     0.36020
     2.85312     0.44299
     2.86612     0.58821
     2.87812     0.77591
     2.89112     0.97726
     2.90312     1.15926
     2.91612     1.29326
     2.92812     1.36403
     2.94112     1.37434
     2.95412     1.34144
     2.96612     1.28826
     2.97912     1.23341
     2.99112     1.18046
     3.00412     1.11975
     3.01612     1.03550
     3.02912     0.92308
     3.04212     0.79896
     3.05412     0.69726
     3.06712     0.65261
     3.07912     0.68214
     3.09212     0.77641
     3.10412     0.90370
     3.11712     1.02343
     3.13012     1.10248
     3.14212     1.12595
     3.15512     1.09944
     3.16712     1.04144
     3.18012     0.97079
     3.19212     0.89773
     3.20512     0.82260
     3.21812     0.74202
     3.23012     0.65659
     3.24312     0.57607
     3.25512     0.52047
     3.26812     0.51606
     3.28012     0.58619
     3.29312     0.73715
     3.30512     0.94581
     3.31812     1.16028
     3.33112     1.31698
     3.34312     1.37124
     3.35612     1.31916
     3.36812     1.19509
     3.38112     1.04899
     3.39312     0.91911
     3.40612     0.82040
     3.41912     0.74834
     3.43112     0.69445
     3.44412     0.65698
     3.45612     0.64370
     3.46912     0.66467
     3.48112     0.72302
     3.49412     0.80997
     3.50712     0.90865
     3.51912     1.00050
     3.53212     1.07097
     3.54412     1.10880
     3.55712     1.10711
     3.56912     1.06824
     3.58212     1.00738
     3.59512     0.94605
     3.60712     0.89854
     3.62012     0.86368
     3.63212     0.83128
     3.64512     0.79996
     3.65712     0.78743
     3.67012     0.82311
     3.68312     0.92643
     3.69512     1.08721
     3.70812     1.26713
     3.72012     1.41752
     3.73312     1.50267
     3.74512     1.51339
     3.75812     1.46227
     3.77112     1.36992
     3.78312     1.25360
     3.79612     1.12517
     3.80812     0.99623
     3.82112     0.88254
     3.83312     0.80429
     3.84612     0.78127
     3.85912     0.82497
     3.87112     0.93289
     3.88412     1.08591
     3.89612     1.25213
     3.90912     1.39562
     3.92112     1.48636
     3.93412     1.50572
     3.94712     1.45220
     3.95912     1.34232
     3.97212     1.21189
     3.98412     1.10615
     3.99712     1.06257
     4.00912     1.09234
     4.02212     1.17349
     4.03412     1.26643
     4.04712     1.33776
     4.06012     1.37840
     4.07212     1.40200
     4.08512     1.42915
     4.09712     1.46987
     4.11012     1.51890
     4.12212     1.56222
     4.13512     1.58384
     4.14812     1.56888
     4.16012     1.50496
     4.17312     1.38805
     4.18512     1.23056
     4.19812     1.06620
     4.21012     0.94191
     4.22312     0.90330
     4.23612     0.97538
     4.24812     1.14827
     4.26112     1.37534
     4.27312     1.58494
     4.28612     1.70700
     4.29812     1.70178
     4.31112     1.57762
     4.32412     1.38396
     4.33612     1.18656
     4.34912     1.03653
     4.36112     0.95377
     4.37412     0.93015
     4.38612     0.94437
     4.39912     0.97700
     4.41212     1.01616
     4.42412     1.05437
     4.43712     1.08228
     4.44912     1.08779
     4.46212     1.06156
     4.47412     1.00476
     4.48712     0.93542
     4.50012     0.88417
     4.51212     0.88464
     4.52512     0.96023
     4.53712     1.11257
     4.55012     1.31761
     4.56212     1.53157
     4.57512     1.70806
     4.58812     1.81432
     4.60012     1.84197
     4.61312     1.80279
     4.62512     1.71721
     4.63812     1.60134
     4.65012     1.46611
     4.66312     1.32113
     4.67612     1.17994
     4.68812     1.05841
     4.70112     0.96837
     4.71312     0.91361
     4.72612     0.89153
     4.73812     0.89745
     4.75112     0.92573
     4.76312     0.96688
     4.77612     1.00522
     4.78912     1.02236
     4.80112     1.00648
     4.81412     0.95948
     4.82612     0.89662
     4.83912     0.83830
     4.85112     0.80126
     4.86412     0.79620
     4.87712     0.83014
     4.88912     0.90813
     4.90212     1.03002
     4.91412     1.18327
     4.92712     1.33928
     4.93912     1.45825
     4.95212     1.50411
     4.96512     1.46166
     4.97712     1.34434
     4.99012     1.18927
     5.00212     1.04123
     5.01512     0.93401
     5.02712     0.87981
     5.04012     0.86867
     5.05312     0.87746
     5.06512     0.88341
     5.07812     0.87507
     5.09012     0.85629
     5.10312     0.84127
     5.11512     0.84267
     5.12812     0.86193
     5.14112     0.88719
     5.15312     0.90218
     5.16612     0.89928
     5.17812     0.88731
     5.19112     0.88716
     5.20312     0.91926
     5.21612     0.99073
     5.22912     1.09139
     5.24112     1.20071
     5.25412     1.29902
     5.26612     1.37661
     5.27912     1.43638
     5.29112     1.48661
     5.30412     1.53221
     5.31712     1.56847
     5.32912     1.57892
     5.34212     1.54394
     5.35412     1.45292
     5.36712     1.31641
     5.37912     1.16757
     5.39212     1.05089
     5.40412     1.00305
     5.41712     1.03610
     5.43012     1.13251
     5.44212     1.25266
     5.45512     1.35141
     5.46712     1.39701
     5.48012     1.38459
     5.49212     1.33792
     5.50512     1.29751
     5.51812     1.29919
     5.53012     1.35456
     5.54312     1.44269
     5.55512     1.52207
     5.56812     1.55235
     5.58012     1.51652
     5.59312     1.42869
     5.60612     1.32030
     5.61812     1.22322
     5.63112     1.15450
     5.64312     1.11730
     5.65612     1.10984
     5.66812     1.13243
     5.68112     1.18668
     5.69412     1.26816
     5.70612     1.36130
     5.71912     1.43995
     5.73112     1.47671
     5.74412     1.45339
     5.75612     1.36879
     5.76912     1.23997
     5.78212     1.09305
     5.79412     0.95420
     5.80712     0.84023
     5.81912     0.75625
     5.83212     0.69704
     5.84412     0.65238
     5.85712     0.61137
     5.87012     0.56557
     5.88212     0.51152
     5.89512     0.45146
     5.90712     0.39248
     5.92012     0.34388
     5.93212     0.31193
     5.94512     0.29607
     5.95812     0.28837
     5.97012     0.27787
     5.98312     0.25604
     5.99512     0.22046
     6.00812     0.17503
     6.02012     0.12707
     6.03312     0.08389
     6.04612     0.05014
     6.05812     0.02700
     6.07112     0.01306
     6.08312     0.00565
     6.09612     0.00218
     6.10812     0.00075
     6.12112     0.00023
     6.13312     0.00006
     6.14612     0.00001
     6.15912     0.00000
     6.17112     0.00000
     6.18412     0.00000
     6.19612     0.00000
     6.20912     0.00000
     6.22112     0.00000
     6.23412     0.00000
     6.24712     0.00000
     6.25912     0.00000
     6.27212     0.00000
     6.28412     0.00000
     6.29712     0.00000
     6.30912     0.00000
     6.32212     0.00000
     6.33512     0.00000
     6.34712     0.00000
     6.36012     0.00000
     6.37212     0.00000
     6.38512     0.00000
     6.39712     0.00000
     6.41012     0.00000
     6.42312     0.00000
     6.43512     0.00000
     6.44812     0.00000
     6.46012     0.00000
     6.47312     0.00000
     6.48512     0.00000
     6.49812     0.00000
     6.51112     0.00000
     6.52312     0.00000
     6.53612     0.00000
     6.54812     0.00000
     6.56112     0.00000
     6.57312     0.00000
     6.58612     0.00000
     6.59912     0.00000
     6.61112     0.00000
     6.62412     0.00000
     6.63612     0.00000
     6.64912     0.00000
     6.66112     0.00000
     6.67412     0.00000
     6.68712     0.00000
     6.69912     0.00000
     6.71212     0.00000
     6.72412     0.00000
     6.73712     0.00000
     6.74912     0.00000
     6.76212     0.00000
     6.77512     0.00000
     6.78712     0.00000
     6.80012     0.00000
     6.81212     0.00000
     6.82512     0.00000
     6.83712     0.00000
     6.85012     0.00000
     6.86212     0.00000
     6.87512     0.00000
     6.88812     0.00000
     6.90012     0.00000
     6.91312     0.00000
     6.92512     0.00000
     6.93812     0.00000
     6.95012     0.00000
     6.96312     0.00000
     6.97612     0.00000
     6.98812     0.00000
     7.00112     0.00000
     7.01312     0.00000
     7.02612     0.00000
     7.03812     0.00000
     7.05112     0.00000
     7.06412     0.00000
     7.07612     0.00000
     7.08912     0.00000
     7.10112     0.00000
     7.11412     0.00000
     7.12612     0.00000
     7.13912     0.00000
     7.15212     0.00000
     7.16412     0.00000
     7.17712     0.00000
     7.18912     0.00000
     7.20212     0.00000
     7.21412     0.00000
     7.22712     0.00000
     7.24012     0.00000
     7.25212     0.00000
     7.26512     0.00000
     7.27712     0.00000
     7.29012     0.00000
     7.30212     0.00000
     7.31512     0.00000
     7.32812     0.00000
     7.34012     0.00000
     7.35312     0.00000
     7.36512     0.00000
     7.37812     0.00000
     7.39012     0.00000
     7.40312     0.00000
     7.41612     0.00000
     7.42812     0.00000
     7.44112     0.00000
     7.45312     0.00000
     7.46612     0.00000
     7.47812     0.00000
     7.49112     0.00000
     7.50312     0.00000
     7.51612     0.00000
     7.52912     0.00000
     7.54112     0.00000
     7.55412     0.00000
     7.56612     0.00000
     7.57912     0.00000
     7.59112     0.00000
     7.60412     0.00000
     7.61712     0.00000
     7.62912     0.00000
     7.64212     0.00000
     7.65412     0.00000
     7.66712     0.00000
     7.67912     0.00000
     7.69212     0.00000
     7.70512     0.00000
