     #Energy 1&10&19&28_
   -29.98888     0.00000
   -29.97688     0.00000
   -29.96388     0.00000
   -29.95188     0.00000
   -29.93888     0.00000
   -29.92688     0.00000
   -29.91388     0.00000
   -29.90088     0.00000
   -29.88888     0.00000
   -29.87588     0.00000
   -29.86388     0.00000
   -29.85088     0.00000
   -29.83888     0.00000
   -29.82588     0.00000
   -29.81288     0.00000
   -29.80088     0.00000
   -29.78788     0.00000
   -29.77588     0.00000
   -29.76288     0.00000
   -29.75088     0.00000
   -29.73788     0.00000
   -29.72488     0.00000
   -29.71288     0.00000
   -29.69988     0.00000
   -29.68788     0.00000
   -29.67488     0.00000
   -29.66288     0.00000
   -29.64988     0.00000
   -29.63788     0.00000
   -29.62488     0.00000
   -29.61188     0.00000
   -29.59988     0.00000
   -29.58688     0.00000
   -29.57488     0.00000
   -29.56188     0.00000
   -29.54988     0.00000
   -29.53688     0.00000
   -29.52388     0.00000
   -29.51188     0.00000
   -29.49888     0.00000
   -29.48688     0.00000
   -29.47388     0.00000
   -29.46188     0.00000
   -29.44888     0.00000
   -29.43588     0.00000
   -29.42388     0.00000
   -29.41088     0.00000
   -29.39888     0.00000
   -29.38588     0.00000
   -29.37388     0.00000
   -29.36088     0.00000
   -29.34788     0.00000
   -29.33588     0.00000
   -29.32288     0.00000
   -29.31088     0.00000
   -29.29788     0.00000
   -29.28588     0.00000
   -29.27288     0.00000
   -29.25988     0.00000
   -29.24788     0.00000
   -29.23488     0.00000
   -29.22288     0.00000
   -29.20988     0.00000
   -29.19788     0.00000
   -29.18488     0.00000
   -29.17188     0.00000
   -29.15988     0.00000
   -29.14688     0.00000
   -29.13488     0.00000
   -29.12188     0.00000
   -29.10988     0.00000
   -29.09688     0.00000
   -29.08388     0.00000
   -29.07188     0.00000
   -29.05888     0.00000
   -29.04688     0.00000
   -29.03388     0.00000
   -29.02188     0.00000
   -29.00888     0.00000
   -28.99588     0.00000
   -28.98388     0.00000
   -28.97088     0.00000
   -28.95888     0.00000
   -28.94588     0.00000
   -28.93388     0.00000
   -28.92088     0.00000
   -28.90888     0.00000
   -28.89588     0.00000
   -28.88288     0.00000
   -28.87088     0.00000
   -28.85788     0.00000
   -28.84588     0.00000
   -28.83288     0.00000
   -28.82088     0.00000
   -28.80788     0.00000
   -28.79488     0.00000
   -28.78288     0.00000
   -28.76988     0.00000
   -28.75788     0.00000
   -28.74488     0.00000
   -28.73288     0.00000
   -28.71988     0.00000
   -28.70688     0.00000
   -28.69488     0.00000
   -28.68188     0.00000
   -28.66988     0.00000
   -28.65688     0.00000
   -28.64488     0.00000
   -28.63188     0.00000
   -28.61888     0.00000
   -28.60688     0.00000
   -28.59388     0.00000
   -28.58188     0.00000
   -28.56888     0.00000
   -28.55688     0.00000
   -28.54388     0.00000
   -28.53088     0.00000
   -28.51888     0.00000
   -28.50588     0.00000
   -28.49388     0.00000
   -28.48088     0.00000
   -28.46888     0.00000
   -28.45588     0.00000
   -28.44288     0.00000
   -28.43088     0.00000
   -28.41788     0.00000
   -28.40588     0.00000
   -28.39288     0.00000
   -28.38088     0.00000
   -28.36788     0.00000
   -28.35488     0.00000
   -28.34288     0.00000
   -28.32988     0.00000
   -28.31788     0.00000
   -28.30488     0.00000
   -28.29288     0.00000
   -28.27988     0.00000
   -28.26788     0.00000
   -28.25488     0.00000
   -28.24188     0.00000
   -28.22988     0.00000
   -28.21688     0.00000
   -28.20488     0.00000
   -28.19188     0.00000
   -28.17988     0.00000
   -28.16688     0.00000
   -28.15388     0.00002
   -28.14188     0.00014
   -28.12888     0.00077
   -28.11688     0.00377
   -28.10388     0.01644
   -28.09188     0.06368
   -28.07888     0.21923
   -28.06588     0.67159
   -28.05388     1.83234
   -28.04088     4.45903
   -28.02888     9.69112
   -28.01588    18.84666
   -28.00388    32.86471
   -27.99088    51.49943
   -27.97788    72.72166
   -27.96588    92.87076
   -27.95288   107.76261
   -27.94088   114.37344
   -27.92788   112.24909
   -27.91588   103.69096
   -27.90288    92.74090
   -27.88988    83.49235
   -27.87788    78.64564
   -27.86488    78.86599
   -27.85288    83.08999
   -27.83988    89.34637
   -27.82788    95.61660
   -27.81488   100.48501
   -27.80188   103.33458
   -27.78988   104.25850
   -27.77688   103.80374
   -27.76488   102.60688
   -27.75188   101.16797
   -27.73988    99.70451
   -27.72688    98.24955
   -27.71388    96.81605
   -27.70188    95.51116
   -27.68888    94.58262
   -27.67688    94.20878
   -27.66388    94.18825
   -27.65188    93.67750
   -27.63888    91.29463
   -27.62588    85.64741
   -27.61388    76.10957
   -27.60088    63.28790
   -27.58888    48.89934
   -27.57588    35.03158
   -27.56388    23.35367
   -27.55088    14.62682
   -27.53888     8.74201
   -27.52588     5.08675
   -27.51288     2.93578
   -27.50088     1.69543
   -27.48788     0.97512
   -27.47588     0.54939
   -27.46288     0.29723
   -27.45088     0.15166
   -27.43788     0.07192
   -27.42488     0.03135
   -27.41288     0.01247
   -27.39988     0.00449
   -27.38788     0.00146
   -27.37488     0.00043
   -27.36288     0.00011
   -27.34988     0.00003
   -27.33688     0.00001
   -27.32488     0.00001
   -27.31188     0.00001
   -27.29988     0.00001
   -27.28688     0.00000
   -27.27488     0.00000
   -27.26188     0.00000
   -27.24888     0.00000
   -27.23688     0.00000
   -27.22388     0.00000
   -27.21188     0.00000
   -27.19888     0.00000
   -27.18688     0.00000
   -27.17388     0.00000
   -27.16088     0.00000
   -27.14888     0.00000
   -27.13588     0.00000
   -27.12388     0.00000
   -27.11088     0.00000
   -27.09888     0.00000
   -27.08588     0.00000
   -27.07288     0.00000
   -27.06088     0.00000
   -27.04788     0.00000
   -27.03588     0.00000
   -27.02288     0.00000
   -27.01088     0.00000
   -26.99788     0.00000
   -26.98488     0.00000
   -26.97288     0.00000
   -26.95988     0.00000
   -26.94788     0.00000
   -26.93488     0.00000
   -26.92288     0.00000
   -26.90988     0.00000
   -26.89688     0.00000
   -26.88488     0.00000
   -26.87188     0.00000
   -26.85988     0.00000
   -26.84688     0.00000
   -26.83488     0.00000
   -26.82188     0.00000
   -26.80988     0.00000
   -26.79688     0.00000
   -26.78388     0.00000
   -26.77188     0.00000
   -26.75888     0.00000
   -26.74688     0.00000
   -26.73388     0.00000
   -26.72188     0.00000
   -26.70888     0.00000
   -26.69588     0.00000
   -26.68388     0.00000
   -26.67088     0.00000
   -26.65888     0.00000
   -26.64588     0.00000
   -26.63388     0.00000
   -26.62088     0.00000
   -26.60788     0.00000
   -26.59588     0.00000
   -26.58288     0.00000
   -26.57088     0.00000
   -26.55788     0.00000
   -26.54588     0.00000
   -26.53288     0.00000
   -26.51988     0.00000
   -26.50788     0.00000
   -26.49488     0.00000
   -26.48288     0.00000
   -26.46988     0.00000
   -26.45788     0.00000
   -26.44488     0.00000
   -26.43188     0.00000
   -26.41988     0.00000
   -26.40688     0.00000
   -26.39488     0.00000
   -26.38188     0.00000
   -26.36988     0.00000
   -26.35688     0.00000
   -26.34388     0.00000
   -26.33188     0.00000
   -26.31888     0.00000
   -26.30688     0.00000
   -26.29388     0.00000
   -26.28188     0.00000
   -26.26888     0.00000
   -26.25588     0.00000
   -26.24388     0.00000
   -26.23088     0.00000
   -26.21888     0.00000
   -26.20588     0.00000
   -26.19388     0.00000
   -26.18088     0.00000
   -26.16888     0.00000
   -26.15588     0.00000
   -26.14288     0.00000
   -26.13088     0.00000
   -26.11788     0.00000
   -26.10588     0.00000
   -26.09288     0.00000
   -26.08088     0.00000
   -26.06788     0.00000
   -26.05488     0.00000
   -26.04288     0.00000
   -26.02988     0.00000
   -26.01788     0.00000
   -26.00488     0.00000
   -25.99288     0.00000
   -25.97988     0.00000
   -25.96688     0.00000
   -25.95488     0.00000
   -25.94188     0.00000
   -25.92988     0.00000
   -25.91688     0.00000
   -25.90488     0.00000
   -25.89188     0.00000
   -25.87888     0.00000
   -25.86688     0.00000
   -25.85388     0.00000
   -25.84188     0.00000
   -25.82888     0.00000
   -25.81688     0.00000
   -25.80388     0.00000
   -25.79088     0.00000
   -25.77888     0.00000
   -25.76588     0.00000
   -25.75388     0.00000
   -25.74088     0.00000
   -25.72888     0.00000
   -25.71588     0.00000
   -25.70288     0.00000
   -25.69088     0.00000
   -25.67788     0.00000
   -25.66588     0.00000
   -25.65288     0.00000
   -25.64088     0.00000
   -25.62788     0.00000
   -25.61488     0.00000
   -25.60288     0.00000
   -25.58988     0.00000
   -25.57788     0.00000
   -25.56488     0.00000
   -25.55288     0.00000
   -25.53988     0.00000
   -25.52688     0.00000
   -25.51488     0.00000
   -25.50188     0.00000
   -25.48988     0.00000
   -25.47688     0.00000
   -25.46488     0.00000
   -25.45188     0.00000
   -25.43988     0.00000
   -25.42688     0.00000
   -25.41388     0.00000
   -25.40188     0.00000
   -25.38888     0.00000
   -25.37688     0.00000
   -25.36388     0.00000
   -25.35188     0.00000
   -25.33888     0.00000
   -25.32588     0.00000
   -25.31388     0.00000
   -25.30088     0.00000
   -25.28888     0.00000
   -25.27588     0.00000
   -25.26388     0.00000
   -25.25088     0.00000
   -25.23788     0.00000
   -25.22588     0.00000
   -25.21288     0.00000
   -25.20088     0.00000
   -25.18788     0.00000
   -25.17588     0.00000
   -25.16288     0.00000
   -25.14988     0.00000
   -25.13788     0.00000
   -25.12488     0.00000
   -25.11288     0.00000
   -25.09988     0.00000
   -25.08788     0.00000
   -25.07488     0.00000
   -25.06188     0.00000
   -25.04988     0.00000
   -25.03688     0.00000
   -25.02488     0.00000
   -25.01188     0.00000
   -24.99988     0.00000
   -24.98688     0.00000
   -24.97388     0.00000
   -24.96188     0.00000
   -24.94888     0.00000
   -24.93688     0.00000
   -24.92388     0.00000
   -24.91188     0.00000
   -24.89888     0.00000
   -24.88588     0.00000
   -24.87388     0.00000
   -24.86088     0.00000
   -24.84888     0.00000
   -24.83588     0.00000
   -24.82388     0.00000
   -24.81088     0.00000
   -24.79788     0.00000
   -24.78588     0.00000
   -24.77288     0.00000
   -24.76088     0.00000
   -24.74788     0.00000
   -24.73588     0.00000
   -24.72288     0.00000
   -24.71088     0.00000
   -24.69788     0.00000
   -24.68488     0.00000
   -24.67288     0.00000
   -24.65988     0.00000
   -24.64788     0.00000
   -24.63488     0.00000
   -24.62288     0.00000
   -24.60988     0.00000
   -24.59688     0.00000
   -24.58488     0.00000
   -24.57188     0.00000
   -24.55988     0.00000
   -24.54688     0.00000
   -24.53488     0.00000
   -24.52188     0.00000
   -24.50888     0.00000
   -24.49688     0.00000
   -24.48388     0.00000
   -24.47188     0.00000
   -24.45888     0.00000
   -24.44688     0.00000
   -24.43388     0.00000
   -24.42088     0.00000
   -24.40888     0.00000
   -24.39588     0.00000
   -24.38388     0.00000
   -24.37088     0.00000
   -24.35888     0.00000
   -24.34588     0.00000
   -24.33288     0.00000
   -24.32088     0.00000
   -24.30788     0.00000
   -24.29588     0.00000
   -24.28288     0.00000
   -24.27088     0.00000
   -24.25788     0.00000
   -24.24488     0.00000
   -24.23288     0.00000
   -24.21988     0.00000
   -24.20788     0.00000
   -24.19488     0.00000
   -24.18288     0.00000
   -24.16988     0.00000
   -24.15688     0.00000
   -24.14488     0.00000
   -24.13188     0.00000
   -24.11988     0.00000
   -24.10688     0.00000
   -24.09488     0.00000
   -24.08188     0.00000
   -24.06988     0.00000
   -24.05688     0.00000
   -24.04388     0.00000
   -24.03188     0.00000
   -24.01888     0.00000
   -24.00688     0.00000
   -23.99388     0.00000
   -23.98188     0.00000
   -23.96888     0.00000
   -23.95588     0.00000
   -23.94388     0.00000
   -23.93088     0.00000
   -23.91888     0.00000
   -23.90588     0.00000
   -23.89388     0.00000
   -23.88088     0.00000
   -23.86788     0.00000
   -23.85588     0.00000
   -23.84288     0.00000
   -23.83088     0.00000
   -23.81788     0.00000
   -23.80588     0.00000
   -23.79288     0.00000
   -23.77988     0.00000
   -23.76788     0.00000
   -23.75488     0.00000
   -23.74288     0.00000
   -23.72988     0.00000
   -23.71788     0.00000
   -23.70488     0.00000
   -23.69188     0.00000
   -23.67988     0.00000
   -23.66688     0.00000
   -23.65488     0.00000
   -23.64188     0.00000
   -23.62988     0.00000
   -23.61688     0.00000
   -23.60388     0.00000
   -23.59188     0.00000
   -23.57888     0.00000
   -23.56688     0.00000
   -23.55388     0.00000
   -23.54188     0.00000
   -23.52888     0.00000
   -23.51588     0.00000
   -23.50388     0.00000
   -23.49088     0.00000
   -23.47888     0.00000
   -23.46588     0.00000
   -23.45388     0.00000
   -23.44088     0.00000
   -23.42788     0.00000
   -23.41588     0.00000
   -23.40288     0.00000
   -23.39088     0.00000
   -23.37788     0.00000
   -23.36588     0.00000
   -23.35288     0.00000
   -23.34088     0.00000
   -23.32788     0.00000
   -23.31488     0.00000
   -23.30288     0.00000
   -23.28988     0.00000
   -23.27788     0.00000
   -23.26488     0.00000
   -23.25288     0.00000
   -23.23988     0.00000
   -23.22688     0.00000
   -23.21488     0.00000
   -23.20188     0.00000
   -23.18988     0.00000
   -23.17688     0.00000
   -23.16488     0.00000
   -23.15188     0.00000
   -23.13888     0.00000
   -23.12688     0.00000
   -23.11388     0.00000
   -23.10188     0.00000
   -23.08888     0.00000
   -23.07688     0.00000
   -23.06388     0.00000
   -23.05088     0.00000
   -23.03888     0.00000
   -23.02588     0.00000
   -23.01388     0.00000
   -23.00088     0.00000
   -22.98888     0.00000
   -22.97588     0.00000
   -22.96288     0.00000
   -22.95088     0.00000
   -22.93788     0.00000
   -22.92588     0.00000
   -22.91288     0.00000
   -22.90088     0.00000
   -22.88788     0.00000
   -22.87488     0.00000
   -22.86288     0.00000
   -22.84988     0.00000
   -22.83788     0.00000
   -22.82488     0.00000
   -22.81288     0.00000
   -22.79988     0.00000
   -22.78688     0.00000
   -22.77488     0.00000
   -22.76188     0.00000
   -22.74988     0.00000
   -22.73688     0.00000
   -22.72488     0.00000
   -22.71188     0.00000
   -22.69888     0.00000
   -22.68688     0.00000
   -22.67388     0.00000
   -22.66188     0.00000
   -22.64888     0.00000
   -22.63688     0.00000
   -22.62388     0.00000
   -22.61188     0.00000
   -22.59888     0.00000
   -22.58588     0.00000
   -22.57388     0.00000
   -22.56088     0.00000
   -22.54888     0.00000
   -22.53588     0.00000
   -22.52388     0.00000
   -22.51088     0.00000
   -22.49788     0.00000
   -22.48588     0.00000
   -22.47288     0.00000
   -22.46088     0.00000
   -22.44788     0.00000
   -22.43588     0.00000
   -22.42288     0.00000
   -22.40988     0.00000
   -22.39788     0.00000
   -22.38488     0.00000
   -22.37288     0.00000
   -22.35988     0.00000
   -22.34788     0.00000
   -22.33488     0.00000
   -22.32188     0.00000
   -22.30988     0.00000
   -22.29688     0.00000
   -22.28488     0.00000
   -22.27188     0.00000
   -22.25988     0.00000
   -22.24688     0.00000
   -22.23388     0.00000
   -22.22188     0.00000
   -22.20888     0.00000
   -22.19688     0.00000
   -22.18388     0.00000
   -22.17188     0.00000
   -22.15888     0.00000
   -22.14588     0.00000
   -22.13388     0.00000
   -22.12088     0.00000
   -22.10888     0.00000
   -22.09588     0.00000
   -22.08388     0.00000
   -22.07088     0.00000
   -22.05788     0.00000
   -22.04588     0.00000
   -22.03288     0.00000
   -22.02088     0.00000
   -22.00788     0.00000
   -21.99588     0.00000
   -21.98288     0.00000
   -21.96988     0.00000
   -21.95788     0.00000
   -21.94488     0.00000
   -21.93288     0.00000
   -21.91988     0.00000
   -21.90788     0.00000
   -21.89488     0.00000
   -21.88288     0.00000
   -21.86988     0.00000
   -21.85688     0.00000
   -21.84488     0.00000
   -21.83188     0.00000
   -21.81988     0.00000
   -21.80688     0.00000
   -21.79488     0.00000
   -21.78188     0.00000
   -21.76888     0.00000
   -21.75688     0.00000
   -21.74388     0.00000
   -21.73188     0.00000
   -21.71888     0.00000
   -21.70688     0.00000
   -21.69388     0.00000
   -21.68088     0.00000
   -21.66888     0.00000
   -21.65588     0.00000
   -21.64388     0.00000
   -21.63088     0.00000
   -21.61888     0.00000
   -21.60588     0.00000
   -21.59288     0.00000
   -21.58088     0.00000
   -21.56788     0.00000
   -21.55588     0.00000
   -21.54288     0.00000
   -21.53088     0.00000
   -21.51788     0.00000
   -21.50488     0.00000
   -21.49288     0.00000
   -21.47988     0.00000
   -21.46788     0.00000
   -21.45488     0.00000
   -21.44288     0.00000
   -21.42988     0.00000
   -21.41688     0.00000
   -21.40488     0.00000
   -21.39188     0.00000
   -21.37988     0.00000
   -21.36688     0.00000
   -21.35488     0.00000
   -21.34188     0.00000
   -21.32888     0.00000
   -21.31688     0.00000
   -21.30388     0.00000
   -21.29188     0.00000
   -21.27888     0.00000
   -21.26688     0.00000
   -21.25388     0.00000
   -21.24188     0.00000
   -21.22888     0.00000
   -21.21588     0.00000
   -21.20388     0.00000
   -21.19088     0.00000
   -21.17888     0.00000
   -21.16588     0.00000
   -21.15388     0.00000
   -21.14088     0.00000
   -21.12788     0.00000
   -21.11588     0.00000
   -21.10288     0.00000
   -21.09088     0.00000
   -21.07788     0.00000
   -21.06588     0.00000
   -21.05288     0.00000
   -21.03988     0.00000
   -21.02788     0.00000
   -21.01488     0.00000
   -21.00288     0.00000
   -20.98988     0.00000
   -20.97788     0.00000
   -20.96488     0.00000
   -20.95188     0.00000
   -20.93988     0.00000
   -20.92688     0.00000
   -20.91488     0.00000
   -20.90188     0.00000
   -20.88988     0.00000
   -20.87688     0.00000
   -20.86388     0.00000
   -20.85188     0.00000
   -20.83888     0.00000
   -20.82688     0.00000
   -20.81388     0.00000
   -20.80188     0.00000
   -20.78888     0.00000
   -20.77588     0.00000
   -20.76388     0.00000
   -20.75088     0.00000
   -20.73888     0.00000
   -20.72588     0.00000
   -20.71388     0.00000
   -20.70088     0.00000
   -20.68788     0.00000
   -20.67588     0.00000
   -20.66288     0.00000
   -20.65088     0.00000
   -20.63788     0.00000
   -20.62588     0.00000
   -20.61288     0.00000
   -20.59988     0.00000
   -20.58788     0.00000
   -20.57488     0.00000
   -20.56288     0.00000
   -20.54988     0.00000
   -20.53788     0.00000
   -20.52488     0.00000
   -20.51288     0.00000
   -20.49988     0.00000
   -20.48688     0.00000
   -20.47488     0.00000
   -20.46188     0.00000
   -20.44988     0.00000
   -20.43688     0.00000
   -20.42488     0.00000
   -20.41188     0.00000
   -20.39888     0.00000
   -20.38688     0.00000
   -20.37388     0.00000
   -20.36188     0.00000
   -20.34888     0.00000
   -20.33688     0.00000
   -20.32388     0.00000
   -20.31088     0.00000
   -20.29888     0.00000
   -20.28588     0.00000
   -20.27388     0.00000
   -20.26088     0.00000
   -20.24888     0.00000
   -20.23588     0.00000
   -20.22288     0.00000
   -20.21088     0.00000
   -20.19788     0.00000
   -20.18588     0.00000
   -20.17288     0.00000
   -20.16088     0.00000
   -20.14788     0.00000
   -20.13488     0.00000
   -20.12288     0.00000
   -20.10988     0.00000
   -20.09788     0.00000
   -20.08488     0.00000
   -20.07288     0.00000
   -20.05988     0.00000
   -20.04688     0.00000
   -20.03488     0.00000
   -20.02188     0.00000
   -20.00988     0.00000
   -19.99688     0.00000
   -19.98488     0.00000
   -19.97188     0.00000
   -19.95888     0.00000
   -19.94688     0.00000
   -19.93388     0.00000
   -19.92188     0.00000
   -19.90888     0.00000
   -19.89688     0.00000
   -19.88388     0.00000
   -19.87088     0.00000
   -19.85888     0.00000
   -19.84588     0.00000
   -19.83388     0.00000
   -19.82088     0.00000
   -19.80888     0.00000
   -19.79588     0.00000
   -19.78388     0.00000
   -19.77088     0.00000
   -19.75788     0.00000
   -19.74588     0.00000
   -19.73288     0.00000
   -19.72088     0.00000
   -19.70788     0.00000
   -19.69588     0.00000
   -19.68288     0.00000
   -19.66988     0.00000
   -19.65788     0.00000
   -19.64488     0.00000
   -19.63288     0.00000
   -19.61988     0.00000
   -19.60788     0.00000
   -19.59488     0.00000
   -19.58188     0.00000
   -19.56988     0.00000
   -19.55688     0.00000
   -19.54488     0.00000
   -19.53188     0.00000
   -19.51988     0.00000
   -19.50688     0.00000
   -19.49388     0.00000
   -19.48188     0.00000
   -19.46888     0.00000
   -19.45688     0.00000
   -19.44388     0.00000
   -19.43188     0.00000
   -19.41888     0.00000
   -19.40588     0.00000
   -19.39388     0.00000
   -19.38088     0.00000
   -19.36888     0.00000
   -19.35588     0.00000
   -19.34388     0.00000
   -19.33088     0.00000
   -19.31788     0.00000
   -19.30588     0.00000
   -19.29288     0.00000
   -19.28088     0.00000
   -19.26788     0.00000
   -19.25588     0.00000
   -19.24288     0.00000
   -19.22988     0.00000
   -19.21788     0.00000
   -19.20488     0.00000
   -19.19288     0.00000
   -19.17988     0.00000
   -19.16788     0.00000
   -19.15488     0.00000
   -19.14288     0.00000
   -19.12988     0.00000
   -19.11688     0.00000
   -19.10488     0.00000
   -19.09188     0.00000
   -19.07988     0.00000
   -19.06688     0.00000
   -19.05488     0.00000
   -19.04188     0.00000
   -19.02888     0.00000
   -19.01688     0.00000
   -19.00388     0.00000
   -18.99188     0.00000
   -18.97888     0.00000
   -18.96688     0.00000
   -18.95388     0.00000
   -18.94088     0.00000
   -18.92888     0.00000
   -18.91588     0.00000
   -18.90388     0.00000
   -18.89088     0.00000
   -18.87888     0.00000
   -18.86588     0.00000
   -18.85288     0.00000
   -18.84088     0.00000
   -18.82788     0.00000
   -18.81588     0.00000
   -18.80288     0.00000
   -18.79088     0.00000
   -18.77788     0.00000
   -18.76488     0.00000
   -18.75288     0.00000
   -18.73988     0.00000
   -18.72788     0.00000
   -18.71488     0.00000
   -18.70288     0.00000
   -18.68988     0.00000
   -18.67688     0.00000
   -18.66488     0.00000
   -18.65188     0.00000
   -18.63988     0.00000
   -18.62688     0.00000
   -18.61488     0.00000
   -18.60188     0.00000
   -18.58888     0.00000
   -18.57688     0.00000
   -18.56388     0.00000
   -18.55188     0.00000
   -18.53888     0.00000
   -18.52688     0.00000
   -18.51388     0.00000
   -18.50088     0.00000
   -18.48888     0.00000
   -18.47588     0.00000
   -18.46388     0.00000
   -18.45088     0.00000
   -18.43888     0.00000
   -18.42588     0.00000
   -18.41388     0.00000
   -18.40088     0.00000
   -18.38788     0.00000
   -18.37588     0.00000
   -18.36288     0.00000
   -18.35088     0.00000
   -18.33788     0.00000
   -18.32588     0.00000
   -18.31288     0.00000
   -18.29988     0.00000
   -18.28788     0.00000
   -18.27488     0.00000
   -18.26288     0.00000
   -18.24988     0.00000
   -18.23788     0.00000
   -18.22488     0.00000
   -18.21188     0.00000
   -18.19988     0.00000
   -18.18688     0.00000
   -18.17488     0.00000
   -18.16188     0.00000
   -18.14988     0.00000
   -18.13688     0.00000
   -18.12388     0.00000
   -18.11188     0.00000
   -18.09888     0.00000
   -18.08688     0.00000
   -18.07388     0.00000
   -18.06188     0.00000
   -18.04888     0.00000
   -18.03588     0.00000
   -18.02388     0.00000
   -18.01088     0.00000
   -17.99888     0.00000
   -17.98588     0.00000
   -17.97388     0.00000
   -17.96088     0.00000
   -17.94788     0.00000
   -17.93588     0.00000
   -17.92288     0.00000
   -17.91088     0.00000
   -17.89788     0.00000
   -17.88588     0.00000
   -17.87288     0.00000
   -17.85988     0.00000
   -17.84788     0.00000
   -17.83488     0.00000
   -17.82288     0.00000
   -17.80988     0.00000
   -17.79788     0.00000
   -17.78488     0.00000
   -17.77188     0.00000
   -17.75988     0.00000
   -17.74688     0.00000
   -17.73488     0.00000
   -17.72188     0.00000
   -17.70988     0.00000
   -17.69688     0.00000
   -17.68488     0.00000
   -17.67188     0.00000
   -17.65888     0.00000
   -17.64688     0.00000
   -17.63388     0.00000
   -17.62188     0.00000
   -17.60888     0.00000
   -17.59688     0.00000
   -17.58388     0.00000
   -17.57088     0.00000
   -17.55888     0.00000
   -17.54588     0.00000
   -17.53388     0.00000
   -17.52088     0.00000
   -17.50888     0.00000
   -17.49588     0.00000
   -17.48288     0.00000
   -17.47088     0.00000
   -17.45788     0.00000
   -17.44588     0.00000
   -17.43288     0.00000
   -17.42088     0.00000
   -17.40788     0.00000
   -17.39488     0.00000
   -17.38288     0.00000
   -17.36988     0.00000
   -17.35788     0.00000
   -17.34488     0.00000
   -17.33288     0.00000
   -17.31988     0.00000
   -17.30688     0.00000
   -17.29488     0.00000
   -17.28188     0.00000
   -17.26988     0.00000
   -17.25688     0.00000
   -17.24488     0.00000
   -17.23188     0.00000
   -17.21888     0.00000
   -17.20688     0.00000
   -17.19388     0.00000
   -17.18188     0.00000
   -17.16888     0.00000
   -17.15688     0.00000
   -17.14388     0.00000
   -17.13088     0.00000
   -17.11888     0.00000
   -17.10588     0.00000
   -17.09388     0.00000
   -17.08088     0.00000
   -17.06888     0.00000
   -17.05588     0.00000
   -17.04388     0.00000
   -17.03088     0.00000
   -17.01788     0.00000
   -17.00588     0.00000
   -16.99288     0.00000
   -16.98088     0.00000
   -16.96788     0.00000
   -16.95588     0.00000
   -16.94288     0.00000
   -16.92988     0.00000
   -16.91788     0.00000
   -16.90488     0.00000
   -16.89288     0.00000
   -16.87988     0.00000
   -16.86788     0.00000
   -16.85488     0.00000
   -16.84188     0.00000
   -16.82988     0.00000
   -16.81688     0.00000
   -16.80488     0.00000
   -16.79188     0.00000
   -16.77988     0.00000
   -16.76688     0.00000
   -16.75388     0.00000
   -16.74188     0.00000
   -16.72888     0.00000
   -16.71688     0.00000
   -16.70388     0.00000
   -16.69188     0.00000
   -16.67888     0.00000
   -16.66588     0.00000
   -16.65388     0.00000
   -16.64088     0.00000
   -16.62888     0.00000
   -16.61588     0.00000
   -16.60388     0.00000
   -16.59088     0.00000
   -16.57788     0.00000
   -16.56588     0.00000
   -16.55288     0.00000
   -16.54088     0.00000
   -16.52788     0.00000
   -16.51588     0.00000
   -16.50288     0.00000
   -16.48988     0.00000
   -16.47788     0.00000
   -16.46488     0.00000
   -16.45288     0.00000
   -16.43988     0.00000
   -16.42788     0.00000
   -16.41488     0.00000
   -16.40188     0.00000
   -16.38988     0.00000
   -16.37688     0.00000
   -16.36488     0.00000
   -16.35188     0.00000
   -16.33988     0.00000
   -16.32688     0.00000
   -16.31488     0.00000
   -16.30188     0.00000
   -16.28888     0.00000
   -16.27688     0.00000
   -16.26388     0.00000
   -16.25188     0.00000
   -16.23888     0.00000
   -16.22688     0.00000
   -16.21388     0.00000
   -16.20088     0.00000
   -16.18888     0.00000
   -16.17588     0.00000
   -16.16388     0.00000
   -16.15088     0.00000
   -16.13888     0.00000
   -16.12588     0.00000
   -16.11288     0.00000
   -16.10088     0.00000
   -16.08788     0.00000
   -16.07588     0.00000
   -16.06288     0.00000
   -16.05088     0.00000
   -16.03788     0.00000
   -16.02488     0.00000
   -16.01288     0.00000
   -15.99988     0.00000
   -15.98788     0.00000
   -15.97488     0.00000
   -15.96288     0.00000
   -15.94988     0.00000
   -15.93688     0.00000
   -15.92488     0.00000
   -15.91188     0.00000
   -15.89988     0.00000
   -15.88688     0.00000
   -15.87488     0.00000
   -15.86188     0.00000
   -15.84888     0.00000
   -15.83688     0.00000
   -15.82388     0.00000
   -15.81188     0.00000
   -15.79888     0.00000
   -15.78688     0.00000
   -15.77388     0.00000
   -15.76088     0.00000
   -15.74888     0.00000
   -15.73588     0.00000
   -15.72388     0.00000
   -15.71088     0.00000
   -15.69888     0.00000
   -15.68588     0.00000
   -15.67288     0.00000
   -15.66088     0.00000
   -15.64788     0.00000
   -15.63588     0.00000
   -15.62288     0.00000
   -15.61088     0.00000
   -15.59788     0.00000
   -15.58588     0.00000
   -15.57288     0.00000
   -15.55988     0.00000
   -15.54788     0.00000
   -15.53488     0.00000
   -15.52288     0.00000
   -15.50988     0.00000
   -15.49788     0.00000
   -15.48488     0.00000
   -15.47188     0.00000
   -15.45988     0.00000
   -15.44688     0.00000
   -15.43488     0.00000
   -15.42188     0.00000
   -15.40988     0.00000
   -15.39688     0.00000
   -15.38388     0.00000
   -15.37188     0.00000
   -15.35888     0.00000
   -15.34688     0.00000
   -15.33388     0.00000
   -15.32188     0.00000
   -15.30888     0.00000
   -15.29588     0.00000
   -15.28388     0.00000
   -15.27088     0.00000
   -15.25888     0.00000
   -15.24588     0.00000
   -15.23388     0.00000
   -15.22088     0.00000
   -15.20788     0.00000
   -15.19588     0.00000
   -15.18288     0.00000
   -15.17088     0.00000
   -15.15788     0.00000
   -15.14588     0.00000
   -15.13288     0.00000
   -15.11988     0.00000
   -15.10788     0.00000
   -15.09488     0.00000
   -15.08288     0.00000
   -15.06988     0.00000
   -15.05788     0.00000
   -15.04488     0.00000
   -15.03188     0.00000
   -15.01988     0.00000
   -15.00688     0.00000
   -14.99488     0.00000
   -14.98188     0.00000
   -14.96988     0.00000
   -14.95688     0.00000
   -14.94488     0.00000
   -14.93188     0.00000
   -14.91888     0.00000
   -14.90688     0.00000
   -14.89388     0.00000
   -14.88188     0.00000
   -14.86888     0.00000
   -14.85688     0.00000
   -14.84388     0.00000
   -14.83088     0.00000
   -14.81888     0.00000
   -14.80588     0.00000
   -14.79388     0.00000
   -14.78088     0.00000
   -14.76888     0.00000
   -14.75588     0.00000
   -14.74288     0.00000
   -14.73088     0.00000
   -14.71788     0.00000
   -14.70588     0.00000
   -14.69288     0.00000
   -14.68088     0.00000
   -14.66788     0.00000
   -14.65488     0.00000
   -14.64288     0.00000
   -14.62988     0.00000
   -14.61788     0.00000
   -14.60488     0.00000
   -14.59288     0.00000
   -14.57988     0.00000
   -14.56688     0.00000
   -14.55488     0.00000
   -14.54188     0.00000
   -14.52988     0.00000
   -14.51688     0.00000
   -14.50488     0.00000
   -14.49188     0.00000
   -14.47888     0.00000
   -14.46688     0.00000
   -14.45388     0.00000
   -14.44188     0.00000
   -14.42888     0.00000
   -14.41688     0.00000
   -14.40388     0.00000
   -14.39088     0.00000
   -14.37888     0.00000
   -14.36588     0.00000
   -14.35388     0.00000
   -14.34088     0.00000
   -14.32888     0.00000
   -14.31588     0.00000
   -14.30288     0.00000
   -14.29088     0.00000
   -14.27788     0.00000
   -14.26588     0.00000
   -14.25288     0.00000
   -14.24088     0.00000
   -14.22788     0.00000
   -14.21588     0.00000
   -14.20288     0.00000
   -14.18988     0.00000
   -14.17788     0.00000
   -14.16488     0.00000
   -14.15288     0.00000
   -14.13988     0.00000
   -14.12788     0.00000
   -14.11488     0.00000
   -14.10188     0.00000
   -14.08988     0.00000
   -14.07688     0.00000
   -14.06488     0.00000
   -14.05188     0.00000
   -14.03988     0.00000
   -14.02688     0.00000
   -14.01388     0.00000
   -14.00188     0.00000
   -13.98888     0.00000
   -13.97688     0.00000
   -13.96388     0.00000
   -13.95188     0.00000
   -13.93888     0.00000
   -13.92588     0.00000
   -13.91388     0.00000
   -13.90088     0.00001
   -13.88888     0.00006
   -13.87588     0.00023
   -13.86388     0.00080
   -13.85088     0.00241
   -13.83788     0.00641
   -13.82588     0.01505
   -13.81288     0.03116
   -13.80088     0.05693
   -13.78788     0.09181
   -13.77588     0.13062
   -13.76288     0.16407
   -13.74988     0.18201
   -13.73788     0.17880
   -13.72488     0.15709
   -13.71288     0.12789
   -13.69988     0.10756
   -13.68788     0.11364
   -13.67488     0.16077
   -13.66188     0.25602
   -13.64988     0.39219
   -13.63688     0.54350
   -13.62488     0.66872
   -13.61188     0.72830
   -13.59988     0.70053
   -13.58688     0.59748
   -13.57388     0.45662
   -13.56188     0.32518
   -13.54888     0.24319
   -13.53688     0.23280
   -13.52388     0.29667
   -13.51188     0.41766
   -13.49888     0.56076
   -13.48688     0.67869
   -13.47388     0.72894
   -13.46088     0.69167
   -13.44888     0.57943
   -13.43588     0.42829
   -13.42388     0.27959
   -13.41088     0.16123
   -13.39888     0.08276
   -13.38588     0.03959
   -13.37288     0.02198
   -13.36088     0.02189
   -13.34788     0.03502
   -13.33588     0.05925
   -13.32288     0.09183
   -13.31088     0.12750
   -13.29788     0.15974
   -13.28488     0.18464
   -13.27288     0.20491
   -13.25988     0.23008
   -13.24788     0.27118
   -13.23488     0.33337
   -13.22288     0.41183
   -13.20988     0.49507
   -13.19688     0.57144
   -13.18488     0.63538
   -13.17188     0.68358
   -13.15988     0.71262
   -13.14688     0.71999
   -13.13488     0.71087
   -13.12188     0.70286
   -13.10888     0.71857
   -13.09688     0.76946
   -13.08388     0.84382
   -13.07188     0.91155
   -13.05888     0.94291
   -13.04688     0.92591
   -13.03388     0.86732
   -13.02088     0.78109
   -13.00888     0.67820
   -12.99588     0.56401
   -12.98388     0.44424
   -12.97088     0.32979
   -12.95888     0.23306
   -12.94588     0.16146
   -12.93288     0.11419
   -12.92088     0.08410
   -12.90788     0.06325
   -12.89588     0.04669
   -12.88288     0.03351
   -12.87088     0.02529
   -12.85788     0.02439
   -12.84588     0.03281
   -12.83288     0.05155
   -12.81988     0.08026
   -12.80788     0.11738
   -12.79488     0.16074
   -12.78288     0.20860
   -12.76988     0.25880
   -12.75788     0.30667
   -12.74488     0.34328
   -12.73188     0.35757
   -12.71988     0.34239
   -12.70688     0.30098
   -12.69488     0.24823
   -12.68188     0.20588
   -12.66988     0.19486
   -12.65688     0.22926
   -12.64388     0.31365
   -12.63188     0.44288
   -12.61888     0.60232
   -12.60688     0.77029
   -12.59388     0.91975
   -12.58188     1.02425
   -12.56888     1.06252
   -12.55588     1.02579
   -12.54388     0.92298
   -12.53088     0.78396
   -12.51888     0.65351
   -12.50588     0.58048
   -12.49388     0.60333
   -12.48088     0.73798
   -12.46788     0.97090
   -12.45588     1.25749
   -12.44288     1.53229
   -12.43088     1.72570
   -12.41788     1.78861
   -12.40588     1.71211
   -12.39288     1.53062
   -12.37988     1.30413
   -12.36788     1.08805
   -12.35488     0.91122
   -12.34288     0.76908
   -12.32988     0.64120
   -12.31788     0.51091
   -12.30488     0.37848
   -12.29188     0.25677
   -12.27988     0.16131
   -12.26688     0.10044
   -12.25488     0.07299
   -12.24188     0.07077
   -12.22988     0.08272
   -12.21688     0.09816
   -12.20388     0.10957
   -12.19188     0.11500
   -12.17888     0.11929
   -12.16688     0.13267
   -12.15388     0.16691
   -12.14188     0.23060
   -12.12888     0.32549
   -12.11688     0.44514
   -12.10388     0.57747
   -12.09088     0.70791
   -12.07888     0.82351
   -12.06588     0.91770
   -12.05388     0.99012
   -12.04088     1.04725
   -12.02888     1.10149
   -12.01588     1.16559
   -12.00288     1.24394
   -11.99088     1.32243
   -11.97788     1.36647
   -11.96588     1.33523
   -11.95288     1.20849
   -11.94088     1.00140
   -11.92788     0.76019
   -11.91488     0.53853
   -11.90288     0.37281
   -11.88988     0.27656
   -11.87788     0.24760
   -11.86488     0.28020
   -11.85288     0.36914
   -11.83988     0.50475
   -11.82688     0.66755
   -11.81488     0.82922
   -11.80188     0.96026
   -11.78988     1.04180
   -11.77688     1.07057
   -11.76488     1.06074
   -11.75188     1.03703
   -11.73888     1.02928
   -11.72688     1.06339
   -11.71388     1.15227
   -11.70188     1.29286
   -11.68888     1.46757
   -11.67688     1.64984
   -11.66388     1.81352
   -11.65088     1.93964
   -11.63888     2.01671
   -11.62588     2.03617
   -11.61388     1.98830
   -11.60088     1.86374
   -11.58888     1.65984
   -11.57588     1.39198
   -11.56288     1.09444
   -11.55088     0.81609
   -11.53788     0.60455
   -11.52588     0.49118
   -11.51288     0.48321
   -11.50088     0.56389
   -11.48788     0.69560
   -11.47488     0.82811
   -11.46288     0.91342
   -11.44988     0.92244
   -11.43788     0.85896
   -11.42488     0.75644
   -11.41288     0.66309
   -11.39988     0.61967
   -11.38788     0.64544
   -11.37488     0.73701
   -11.36188     0.87451
   -11.34988     1.02847
   -11.33688     1.16681
   -11.32488     1.26334
   -11.31188     1.30668
   -11.29988     1.30610
   -11.28688     1.28651
   -11.27388     1.28031
   -11.26188     1.31792
   -11.24888     1.42099
   -11.23688     1.59820
   -11.22388     1.83738
   -11.21188     2.10194
   -11.19888     2.33542
   -11.18588     2.47857
   -11.17388     2.49107
   -11.16088     2.36221
   -11.14888     2.11359
   -11.13588     1.78748
   -11.12388     1.43614
   -11.11088     1.11212
   -11.09788     0.85666
   -11.08588     0.69512
   -11.07288     0.63237
   -11.06088     0.65446
   -11.04788     0.72986
   -11.03588     0.81571
   -11.02288     0.86646
   -11.00988     0.85142
   -10.99788     0.76889
   -10.98488     0.64750
   -10.97288     0.53296
   -10.95988     0.46693
   -10.94788     0.47008
   -10.93488     0.53497
   -10.92188     0.63089
   -10.90988     0.71524
   -10.89688     0.75111
   -10.88488     0.72344
   -10.87188     0.64222
   -10.85988     0.53782
   -10.84688     0.44235
   -10.83388     0.37416
   -10.82188     0.33284
   -10.80888     0.30629
   -10.79688     0.28295
   -10.78388     0.26002
   -10.77188     0.24280
   -10.75888     0.23880
   -10.74688     0.25230
   -10.73388     0.28287
   -10.72088     0.32658
   -10.70888     0.37637
   -10.69588     0.42168
   -10.68388     0.44914
   -10.67088     0.44701
   -10.65888     0.41173
   -10.64588     0.35290
   -10.63288     0.29301
   -10.62088     0.26227
   -10.60788     0.29143
   -10.59588     0.40437
   -10.58288     0.61085
   -10.57088     0.90207
   -10.55788     1.24642
   -10.54488     1.59672
   -10.53288     1.89792
   -10.51988     2.09853
   -10.50788     2.16113
   -10.49488     2.07197
   -10.48288     1.84717
   -10.46988     1.53217
   -10.45688     1.19141
   -10.44488     0.88590
   -10.43188     0.65391
   -10.41988     0.50197
   -10.40688     0.41172
   -10.39488     0.35534
   -10.38188     0.30935
   -10.36888     0.26153
   -10.35688     0.21119
   -10.34388     0.16507
   -10.33188     0.13214
   -10.31888     0.11874
   -10.30688     0.12548
   -10.29388     0.14631
   -10.28088     0.17032
   -10.26888     0.18601
   -10.25588     0.18611
   -10.24388     0.17028
   -10.23088     0.14450
   -10.21888     0.11767
   -10.20588     0.09813
   -10.19288     0.09248
   -10.18088     0.10645
   -10.16788     0.14601
   -10.15588     0.21612
   -10.14288     0.31653
   -10.13088     0.43753
   -10.11788     0.55933
   -10.10488     0.65748
   -10.09288     0.71229
   -10.07988     0.71619
   -10.06788     0.67555
   -10.05488     0.60490
   -10.04288     0.52105
   -10.02988     0.43960
   -10.01788     0.37402
   -10.00488     0.33545
    -9.99188     0.32946
    -9.97988     0.35311
    -9.96688     0.39463
    -9.95488     0.43617
    -9.94188     0.45923
    -9.92988     0.45043
    -9.91688     0.40621
    -9.90388     0.33387
    -9.89188     0.24860
    -9.87888     0.16754
    -9.86688     0.10353
    -9.85388     0.06285
    -9.84188     0.04615
    -9.82888     0.05125
    -9.81588     0.07511
    -9.80388     0.11373
    -9.79088     0.16094
    -9.77888     0.20793
    -9.76588     0.24436
    -9.75388     0.26131
    -9.74088     0.25461
    -9.72788     0.22753
    -9.71588     0.19130
    -9.70288     0.16401
    -9.69088     0.16762
    -9.67788     0.22329
    -9.66588     0.34406
    -9.65288     0.52468
    -9.63988     0.73437
    -9.62788     0.91882
    -9.61488     1.02031
    -9.60288     1.00433
    -9.58988     0.87847
    -9.57788     0.68849
    -9.56488     0.49581
    -9.55188     0.34949
    -9.53988     0.27013
    -9.52688     0.25048
    -9.51488     0.26620
    -9.50188     0.28947
    -9.48988     0.30102
    -9.47688     0.29736
    -9.46388     0.29120
    -9.45188     0.30395
    -9.43888     0.35261
    -9.42688     0.43653
    -9.41388     0.53275
    -9.40188     0.60384
    -9.38888     0.61722
    -9.37588     0.56152
    -9.36388     0.45231
    -9.35088     0.32203
    -9.33888     0.20240
    -9.32588     0.11229
    -9.31388     0.05498
    -9.30088     0.02376
    -9.28888     0.00906
    -9.27588     0.00305
    -9.26288     0.00091
    -9.25088     0.00025
    -9.23788     0.00009
    -9.22588     0.00011
    -9.21288     0.00024
    -9.20088     0.00047
    -9.18788     0.00083
    -9.17488     0.00129
    -9.16288     0.00178
    -9.14988     0.00217
    -9.13788     0.00232
    -9.12488     0.00220
    -9.11288     0.00184
    -9.09988     0.00135
    -9.08688     0.00088
    -9.07488     0.00051
    -9.06188     0.00026
    -9.04988     0.00011
    -9.03688     0.00005
    -9.02488     0.00002
    -9.01188     0.00002
    -8.99888     0.00005
    -8.98688     0.00019
    -8.97388     0.00066
    -8.96188     0.00212
    -8.94888     0.00609
    -8.93688     0.01571
    -8.92388     0.03609
    -8.91088     0.07373
    -8.89888     0.13369
    -8.88588     0.21506
    -8.87388     0.30754
    -8.86088     0.39298
    -8.84888     0.45478
    -8.83588     0.48990
    -8.82288     0.51517
    -8.81088     0.56227
    -8.79788     0.65939
    -8.78588     0.81561
    -8.77288     1.01638
    -8.76088     1.22945
    -8.74788     1.42235
    -8.73488     1.57216
    -8.72288     1.66919
    -8.70988     1.71498
    -8.69788     1.71602
    -8.68488     1.68190
    -8.67288     1.62471
    -8.65988     1.55948
    -8.64688     1.50483
    -8.63488     1.47672
    -8.62188     1.47744
    -8.60988     1.49099
    -8.59688     1.48901
    -8.58488     1.45023
    -8.57188     1.37392
    -8.55988     1.27819
    -8.54688     1.18784
    -8.53388     1.11627
    -8.52188     1.06430
    -8.50888     1.02928
    -8.49688     1.01414
    -8.48388     1.02881
    -8.47188     1.08069
    -8.45888     1.16620
    -8.44588     1.27000
    -8.43388     1.37551
    -8.42088     1.46878
    -8.40888     1.53890
    -8.39588     1.56793
    -8.38388     1.53414
    -8.37088     1.42507
    -8.35788     1.25199
    -8.34588     1.05123
    -8.33288     0.86783
    -8.32088     0.73214
    -8.30788     0.64920
    -8.29588     0.60243
    -8.28288     0.56877
    -8.26988     0.53100
    -8.25788     0.48503
    -8.24488     0.43927
    -8.23288     0.40836
    -8.21988     0.40464
    -8.20788     0.43176
    -8.19488     0.48502
    -8.18188     0.55718
    -8.16988     0.64509
    -8.15688     0.75270
    -8.14488     0.88729
    -8.13188     1.05483
    -8.11988     1.25492
    -8.10688     1.47362
    -8.09388     1.68145
    -8.08188     1.83422
    -8.06888     1.88993
    -8.05688     1.82948
    -8.04388     1.67199
    -8.03188     1.47048
    -8.01888     1.28628
    -8.00588     1.16189
    -7.99388     1.10797
    -7.98088     1.11188
    -7.96888     1.15084
    -7.95588     1.20137
    -7.94388     1.23743
    -7.93088     1.22914
    -7.91888     1.15040
    -7.90588     0.99653
    -7.89288     0.79152
    -7.88088     0.58076
    -7.86788     0.41011
    -7.85588     0.30667
    -7.84288     0.27264
    -7.83088     0.29260
    -7.81788     0.34675
    -7.80488     0.42426
    -7.79288     0.52937
    -7.77988     0.67898
    -7.76788     0.89066
    -7.75488     1.16587
    -7.74288     1.47496
    -7.72988     1.75646
    -7.71688     1.93246
    -7.70488     1.94316
    -7.69188     1.77479
    -7.67988     1.46858
    -7.66688     1.10204
    -7.65488     0.75607
    -7.64188     0.49059
    -7.62888     0.33368
    -7.61688     0.28887
    -7.60388     0.34337
    -7.59188     0.47291
    -7.57888     0.64237
    -7.56688     0.80897
    -7.55388     0.93098
    -7.54088     0.97989
    -7.52888     0.94973
    -7.51588     0.85783
    -7.50388     0.73838
    -7.49088     0.63180
    -7.47888     0.57452
    -7.46588     0.58880
    -7.45288     0.67484
    -7.44088     0.80704
    -7.42788     0.93883
    -7.41588     1.01878
    -7.40288     1.01224
    -7.39088     0.91559
    -7.37788     0.75737
    -7.36488     0.58008
    -7.35288     0.42084
    -7.33988     0.29825
    -7.32788     0.21265
    -7.31488     0.15499
    -7.30288     0.11672
    -7.28988     0.09419
    -7.27688     0.08840
    -7.26488     0.10215
    -7.25188     0.13761
    -7.23988     0.19423
    -7.22688     0.26692
    -7.21488     0.34522
    -7.20188     0.41533
    -7.18988     0.46477
    -7.17688     0.48676
    -7.16388     0.48099
    -7.15188     0.45072
    -7.13888     0.39985
    -7.12688     0.33286
    -7.11388     0.25680
    -7.10188     0.18139
    -7.08888     0.11685
    -7.07588     0.07033
    -7.06388     0.04548
    -7.05088     0.04438
    -7.03888     0.07121
    -7.02588     0.13413
    -7.01388     0.24334
    -7.00088     0.40448
    -6.98788     0.60931
    -6.97588     0.82934
    -6.96288     1.01838
    -6.95088     1.12956
    -6.93788     1.13624
    -6.92588     1.04468
    -6.91288     0.89227
    -6.89988     0.72504
    -6.88788     0.57700
    -6.87488     0.46141
    -6.86288     0.37353
    -6.84988     0.30204
    -6.83788     0.23857
    -6.82488     0.18129
    -6.81188     0.13436
    -6.79988     0.10502
    -6.78688     0.10116
    -6.77488     0.12898
    -6.76188     0.19098
    -6.74988     0.28397
    -6.73688     0.39823
    -6.72388     0.51888
    -6.71188     0.62898
    -6.69888     0.71296
    -6.68688     0.75822
    -6.67388     0.75782
    -6.66188     0.71277
    -6.64888     0.63570
    -6.63588     0.54861
    -6.62388     0.47422
    -6.61088     0.42497
    -6.59888     0.39720
    -6.58588     0.37574
    -6.57388     0.34619
    -6.56088     0.30605
    -6.54788     0.26816
    -6.53588     0.25394
    -6.52288     0.28148
    -6.51088     0.35367
    -6.49788     0.45304
    -6.48588     0.54690
    -6.47288     0.60098
    -6.46088     0.59572
    -6.44788     0.53450
    -6.43488     0.43956
    -6.42288     0.33972
    -6.40988     0.25844
    -6.39788     0.20933
    -6.38488     0.19661
    -6.37288     0.21722
    -6.35988     0.26219
    -6.34688     0.31811
    -6.33488     0.37161
    -6.32188     0.41401
    -6.30988     0.44472
    -6.29688     0.47041
    -6.28488     0.50073
    -6.27188     0.54232
    -6.25888     0.59299
    -6.24688     0.63945
    -6.23388     0.66134
    -6.22188     0.64039
    -6.20888     0.57128
    -6.19688     0.46437
    -6.18388     0.34182
    -6.17088     0.22697
    -6.15888     0.13573
    -6.14588     0.07344
    -6.13388     0.03742
    -6.12088     0.02202
    -6.10888     0.02301
    -6.09588     0.03946
    -6.08288     0.07266
    -6.07088     0.12267
    -6.05788     0.18447
    -6.04588     0.24634
    -6.03288     0.29313
    -6.02088     0.31423
    -6.00788     0.31060
    -5.99488     0.29586
    -5.98288     0.28870
    -5.96988     0.30186
    -5.95788     0.33480
    -5.94488     0.37645
    -5.93288     0.41462
    -5.91988     0.44492
    -5.90688     0.47093
    -5.89488     0.49624
    -5.88188     0.51687
    -5.86988     0.52225
    -5.85688     0.50424
    -5.84488     0.46576
    -5.83188     0.42092
    -5.81988     0.38653
    -5.80688     0.37295
    -5.79388     0.38043
    -5.78188     0.40174
    -5.76888     0.42723
    -5.75688     0.44770
    -5.74388     0.45511
    -5.73188     0.44357
    -5.71888     0.41196
    -5.70588     0.36741
    -5.69388     0.32476
    -5.68088     0.29986
    -5.66888     0.30003
    -5.65588     0.31811
    -5.64388     0.33547
    -5.63088     0.33261
    -5.61788     0.29994
    -5.60588     0.24267
    -5.59288     0.17578
    -5.58088     0.11530
    -5.56788     0.07092
    -5.55588     0.04410
    -5.54288     0.03066
    -5.52988     0.02482
    -5.51788     0.02231
    -5.50488     0.02153
    -5.49288     0.02317
    -5.47988     0.02874
    -5.46788     0.03893
    -5.45488     0.05233
    -5.44188     0.06533
    -5.42988     0.07351
    -5.41688     0.07385
    -5.40488     0.06652
    -5.39188     0.05505
    -5.37988     0.04483
    -5.36688     0.04123
    -5.35388     0.04865
    -5.34188     0.07078
    -5.32888     0.11152
    -5.31688     0.17505
    -5.30388     0.26411
    -5.29188     0.37656
    -5.27888     0.50186
    -5.26588     0.61986
    -5.25388     0.70478
    -5.24088     0.73252
    -5.22888     0.69213
    -5.21588     0.59168
    -5.20388     0.45581
    -5.19088     0.31585
    -5.17788     0.19801
    -5.16588     0.11627
    -5.15288     0.07319
    -5.14088     0.06484
    -5.12788     0.08561
    -5.11588     0.13023
    -5.10288     0.19358
    -5.09088     0.27072
    -5.07788     0.35737
    -5.06488     0.44964
    -5.05288     0.54146
    -5.03988     0.62211
    -5.02788     0.67736
    -5.01488     0.69470
    -5.00288     0.67044
    -4.98988     0.61042
    -4.97688     0.52811
    -4.96488     0.43729
    -4.95188     0.35067
    -4.93988     0.27893
    -4.92688     0.23011
    -4.91488     0.20755
    -4.90188     0.20847
    -4.88888     0.22481
    -4.87688     0.24560
    -4.86388     0.25977
    -4.85188     0.25904
    -4.83888     0.24071
    -4.82688     0.20914
    -4.81388     0.17439
    -4.80088     0.14734
    -4.78888     0.13398
    -4.77588     0.13242
    -4.76388     0.13485
    -4.75088     0.13265
    -4.73888     0.12189
    -4.72588     0.10505
    -4.71288     0.08860
    -4.70088     0.07864
    -4.68788     0.07698
    -4.67588     0.08049
    -4.66288     0.08331
    -4.65088     0.08050
    -4.63788     0.07080
    -4.62488     0.05695
    -4.61288     0.04406
    -4.59988     0.03752
    -4.58788     0.04220
    -4.57488     0.06346
    -4.56288     0.10931
    -4.54988     0.19142
    -4.53688     0.32233
    -4.52488     0.50739
    -4.51188     0.73519
    -4.49988     0.97342
    -4.48688     1.17737
    -4.47488     1.30957
    -4.46188     1.35777
    -4.44888     1.33998
    -4.43688     1.28709
    -4.42388     1.22579
    -4.41188     1.16496
    -4.39888     1.10299
    -4.38688     1.03952
    -4.37388     0.98272
    -4.36188     0.94522
    -4.34888     0.93854
    -4.33588     0.97075
    -4.32388     1.04896
    -4.31088     1.17960
    -4.29888     1.36476
    -4.28588     1.59452
    -4.27388     1.84227
    -4.26088     2.06581
    -4.24788     2.21641
    -4.23588     2.25624
    -4.22288     2.17362
    -4.21088     1.99153
    -4.19788     1.75759
    -4.18588     1.52695
    -4.17288     1.34058
    -4.15988     1.21677
    -4.14788     1.15442
    -4.13488     1.14338
    -4.12288     1.16988
    -4.10988     1.21583
    -4.09788     1.25739
    -4.08488     1.26926
    -4.07188     1.23804
    -4.05988     1.17021
    -4.04688     1.08921
    -4.03488     1.02029
    -4.02188     0.97405
    -4.00988     0.94193
    -3.99688     0.90431
    -3.98388     0.84389
    -3.97188     0.75866
    -3.95888     0.66301
    -3.94688     0.58148
    -3.93388     0.53806
    -3.92188     0.54676
    -3.90888     0.60507
    -3.89588     0.69414
    -3.88388     0.78694
    -3.87088     0.86160
    -3.85888     0.91112
    -3.84588     0.94131
    -3.83388     0.95923
    -3.82088     0.96273
    -3.80788     0.94419
    -3.79588     0.90324
    -3.78288     0.86287
    -3.77088     0.86627
    -3.75788     0.95484
    -3.74588     1.14003
    -3.73288     1.38753
    -3.72088     1.62705
    -3.70788     1.78449
    -3.69488     1.81913
    -3.68288     1.73698
    -3.66988     1.58331
    -3.65788     1.41765
    -3.64488     1.28916
    -3.63288     1.22476
    -3.61988     1.22510
    -3.60688     1.27044
    -3.59488     1.32775
    -3.58188     1.36408
    -3.56988     1.35895
    -3.55688     1.30712
    -3.54488     1.21660
    -3.53188     1.10162
    -3.51888     0.97795
    -3.50688     0.86167
    -3.49388     0.76591
    -3.48188     0.69661
    -3.46888     0.65022
    -3.45688     0.61831
    -3.44388     0.59748
    -3.43088     0.59651
    -3.41888     0.63396
    -3.40588     0.72581
    -3.39388     0.86935
    -3.38088     1.03572
    -3.36888     1.17837
    -3.35588     1.25634
    -3.34288     1.25856
    -3.33088     1.21231
    -3.31788     1.16753
    -3.30588     1.16349
    -3.29288     1.20651
    -3.28088     1.27192
    -3.26788     1.32833
    -3.25488     1.36307
    -3.24288     1.38896
    -3.22988     1.43001
    -3.21788     1.49859
    -3.20488     1.58516
    -3.19288     1.66270
    -3.17988     1.70132
    -3.16688     1.68171
    -3.15488     1.60137
    -3.14188     1.47332
    -3.12988     1.31921
    -3.11688     1.16241
    -3.10488     1.01977
    -3.09188     0.89853
    -3.07888     0.79847
    -3.06688     0.72079
    -3.05388     0.67614
    -3.04188     0.68663
    -3.02888     0.77789
    -3.01688     0.96258
    -3.00388     1.22466
    -2.99188     1.51677
    -2.97888     1.77337
    -2.96588     1.94007
    -2.95388     1.99425
    -2.94088     1.95653
    -2.92888     1.87239
    -2.91588     1.78863
    -2.90388     1.73268
    -2.89088     1.70461
    -2.87788     1.69155
    -2.86588     1.68204
    -2.85288     1.67365
    -2.84088     1.67183
    -2.82788     1.68254
    -2.81588     1.70786
    -2.80288     1.74138
    -2.78988     1.76671
    -2.77788     1.76183
    -2.76488     1.70746
    -2.75288     1.59983
    -2.73988     1.45274
    -2.72788     1.29553
    -2.71488     1.16292
    -2.70188     1.08547
    -2.68988     1.08024
    -2.67688     1.14268
    -2.66488     1.24909
    -2.65188     1.36350
    -2.63988     1.45743
    -2.62688     1.52063
    -2.61388     1.56457
    -2.60188     1.60907
    -2.58888     1.66878
    -2.57688     1.74769
    -2.56388     1.84215
    -2.55188     1.94686
    -2.53888     2.05191
    -2.52588     2.13879
    -2.51388     2.18428
    -2.50088     2.17078
    -2.48888     2.09861
    -2.47588     1.98199
    -2.46388     1.83702
    -2.45088     1.67316
    -2.43788     1.49611
    -2.42588     1.31975
    -2.41288     1.16956
    -2.40088     1.07882
    -2.38788     1.07788
    -2.37588     1.18398
    -2.36288     1.39464
    -2.34988     1.67994
    -2.33788     1.97928
    -2.32488     2.20829
    -2.31288     2.29034
    -2.29988     2.18848
    -2.28788     1.92999
    -2.27488     1.59778
    -2.26288     1.28756
    -2.24988     1.06762
    -2.23688     0.95546
    -2.22488     0.92607
    -2.21188     0.94012
    -2.19988     0.97131
    -2.18688     1.01745
    -2.17488     1.09239
    -2.16188     1.20780
    -2.14888     1.35814
    -2.13688     1.51855
    -2.12388     1.65625
    -2.11188     1.74377
    -2.09888     1.76959
    -2.08688     1.74161
    -2.07388     1.68193
    -2.06088     1.62443
    -2.04888     1.60122
    -2.03588     1.62900
    -2.02388     1.69517
    -2.01088     1.75996
    -1.99888     1.77704
    -1.98588     1.72190
    -1.97288     1.60450
    -1.96088     1.46628
    -1.94788     1.35700
    -1.93588     1.31550
    -1.92288     1.35807
    -1.91088     1.47224
    -1.89788     1.62011
    -1.88488     1.74634
    -1.87288     1.79571
    -1.85988     1.73967
    -1.84788     1.59100
    -1.83488     1.40022
    -1.82288     1.22781
    -1.80988     1.11542
    -1.79688     1.07309
    -1.78488     1.08521
    -1.77188     1.12845
    -1.75988     1.18668
    -1.74688     1.25442
    -1.73488     1.32936
    -1.72188     1.40266
    -1.70888     1.44888
    -1.69688     1.43297
    -1.68388     1.32868
    -1.67188     1.13755
    -1.65888     0.89419
    -1.64688     0.65080
    -1.63388     0.45229
    -1.62188     0.32219
    -1.60888     0.26410
    -1.59588     0.27210
    -1.58388     0.33977
    -1.57088     0.46075
    -1.55888     0.62436
    -1.54588     0.81269
    -1.53388     1.00133
    -1.52088     1.16479
    -1.50788     1.28050
    -1.49588     1.33236
    -1.48288     1.31729
    -1.47088     1.24927
    -1.45788     1.15782
    -1.44588     1.07931
    -1.43288     1.04070
    -1.41988     1.04234
    -1.40788     1.06063
    -1.39488     1.06204
    -1.38288     1.02828
    -1.36988     0.96682
    -1.35788     0.90463
    -1.34488     0.86685
    -1.33188     0.85813
    -1.31988     0.85999
    -1.30688     0.84473
    -1.29488     0.79379
    -1.28188     0.70802
    -1.26988     0.60557
    -1.25688     0.51313
    -1.24388     0.45796
    -1.23188     0.46294
    -1.21888     0.54085
    -1.20688     0.68554
    -1.19388     0.86496
    -1.18188     1.02609
    -1.16888     1.11627
    -1.15588     1.10886
    -1.14388     1.01967
    -1.13088     0.89581
    -1.11888     0.78987
    -1.10588     0.73215
    -1.09388     0.72285
    -1.08088     0.74322
    -1.06788     0.77383
    -1.05588     0.80433
    -1.04288     0.82934
    -1.03088     0.83985
    -1.01788     0.82095
    -1.00588     0.76057
    -0.99288     0.66052
    -0.97988     0.53932
    -0.96788     0.42390
    -0.95488     0.33629
    -0.94288     0.28418
    -0.92988     0.26056
    -0.91788     0.25076
    -0.90488     0.24242
    -0.89288     0.23305
    -0.87988     0.23104
    -0.86688     0.25005
    -0.85488     0.29993
    -0.84188     0.37885
    -0.82988     0.47119
    -0.81688     0.55259
    -0.80488     0.59974
    -0.79188     0.59970
    -0.77888     0.55486
    -0.76688     0.48083
    -0.75388     0.39935
    -0.74188     0.32937
    -0.72888     0.28125
    -0.71688     0.25619
    -0.70388     0.25120
    -0.69088     0.26448
    -0.67888     0.29692
    -0.66588     0.34739
    -0.65388     0.40729
    -0.64088     0.45971
    -0.62888     0.48664
    -0.61588     0.47909
    -0.60288     0.44345
    -0.59088     0.39871
    -0.57788     0.36664
    -0.56588     0.36058
    -0.55288     0.37939
    -0.54088     0.40891
    -0.52788     0.43076
    -0.51488     0.43164
    -0.50288     0.40930
    -0.48988     0.37280
    -0.47788     0.33765
    -0.46488     0.31909
    -0.45288     0.32499
    -0.43988     0.35089
    -0.42688     0.38026
    -0.41488     0.39196
    -0.40188     0.37132
    -0.38988     0.31826
    -0.37688     0.24717
    -0.36488     0.17919
    -0.35188     0.13289
    -0.33888     0.11826
    -0.32688     0.13579
    -0.31388     0.17811
    -0.30188     0.23257
    -0.28888     0.28411
    -0.27688     0.31872
    -0.26388     0.32732
    -0.25088     0.30826
    -0.23888     0.26707
    -0.22588     0.21368
    -0.21388     0.15844
    -0.20088     0.10907
    -0.18888     0.06968
    -0.17588     0.04114
    -0.16388     0.02232
    -0.15088     0.01104
    -0.13788     0.00495
    -0.12588     0.00199
    -0.11288     0.00072
    -0.10088     0.00023
    -0.08788     0.00007
    -0.07588     0.00002
    -0.06288     0.00000
    -0.04988     0.00000
    -0.03788     0.00000
    -0.02488     0.00000
    -0.01288     0.00000
     0.00012     0.00000
     0.01212     0.00000
     0.02512     0.00000
     0.03812     0.00000
     0.05012     0.00000
     0.06312     0.00000
     0.07512     0.00000
     0.08812     0.00000
     0.10012     0.00000
     0.11312     0.00000
     0.12612     0.00000
     0.13812     0.00000
     0.15112     0.00000
     0.16312     0.00000
     0.17612     0.00000
     0.18812     0.00001
     0.20112     0.00003
     0.21412     0.00010
     0.22612     0.00026
     0.23912     0.00059
     0.25112     0.00119
     0.26412     0.00214
     0.27612     0.00342
     0.28912     0.00491
     0.30212     0.00647
     0.31412     0.00807
     0.32712     0.00994
     0.33912     0.01251
     0.35212     0.01611
     0.36412     0.02059
     0.37712     0.02527
     0.39012     0.02915
     0.40212     0.03145
     0.41512     0.03187
     0.42712     0.03049
     0.44012     0.02758
     0.45212     0.02343
     0.46512     0.01848
     0.47712     0.01335
     0.49012     0.00873
     0.50312     0.00512
     0.51512     0.00271
     0.52812     0.00137
     0.54012     0.00092
     0.55312     0.00137
     0.56512     0.00307
     0.57812     0.00679
     0.59112     0.01346
     0.60312     0.02357
     0.61612     0.03645
     0.62812     0.04979
     0.64112     0.06014
     0.65312     0.06450
     0.66612     0.06208
     0.67912     0.05515
     0.69112     0.04811
     0.70412     0.04535
     0.71612     0.04901
     0.72912     0.05797
     0.74112     0.06853
     0.75412     0.07665
     0.76712     0.08025
     0.77912     0.08038
     0.79212     0.08008
     0.80412     0.08199
     0.81712     0.08638
     0.82912     0.09117
     0.84212     0.09376
     0.85512     0.09315
     0.86712     0.09109
     0.88012     0.09163
     0.89212     0.09920
     0.90512     0.11621
     0.91712     0.14100
     0.93012     0.16754
     0.94312     0.18777
     0.95512     0.19507
     0.96812     0.18763
     0.98012     0.16891
     0.99312     0.14557
     1.00512     0.12445
     1.01812     0.11017
     1.03112     0.10396
     1.04312     0.10405
     1.05612     0.10701
     1.06812     0.10941
     1.08112     0.10941
     1.09312     0.10695
     1.10612     0.10310
     1.11912     0.09870
     1.13112     0.09406
     1.14412     0.08960
     1.15612     0.08676
     1.16912     0.08786
     1.18112     0.09449
     1.19412     0.10577
     1.20612     0.11793
     1.21912     0.12575
     1.23212     0.12565
     1.24412     0.11762
     1.25712     0.10547
     1.26912     0.09441
     1.28212     0.08780
     1.29412     0.08540
     1.30712     0.08436
     1.32012     0.08214
     1.33212     0.07933
     1.34512     0.08000
     1.35712     0.08944
     1.37012     0.11041
     1.38212     0.14086
     1.39512     0.17383
     1.40812     0.20024
     1.42012     0.21310
     1.43312     0.21067
     1.44512     0.19830
     1.45812     0.18808
     1.47012     0.19660
     1.48312     0.24031
     1.49612     0.32793
     1.50812     0.45249
     1.52112     0.58838
     1.53312     0.69763
     1.54612     0.74569
     1.55812     0.71704
     1.57112     0.62407
     1.58412     0.49950
     1.59612     0.38264
     1.60912     0.30611
     1.62112     0.28936
     1.63412     0.33814
     1.64612     0.44491
     1.65912     0.58871
     1.67212     0.73741
     1.68412     0.85532
     1.69712     0.91608
     1.70912     0.91292
     1.72212     0.86186
     1.73412     0.79133
     1.74712     0.73061
     1.76012     0.69584
     1.77212     0.68739
     1.78512     0.69218
     1.79712     0.69131
     1.81012     0.66950
     1.82212     0.62283
     1.83512     0.56180
     1.84812     0.50684
     1.86012     0.47927
     1.87312     0.49109
     1.88512     0.53904
     1.89812     0.60601
     1.91012     0.66824
     1.92312     0.70605
     1.93512     0.71179
     1.94812     0.69213
     1.96112     0.66435
     1.97312     0.64865
     1.98612     0.66127
     1.99812     0.70931
     2.01112     0.78745
     2.02312     0.87835
     2.03612     0.95952
     2.04912     1.01468
     2.06112     1.04436
     2.07412     1.06517
     2.08612     1.09671
     2.09912     1.14884
     2.11112     1.21443
     2.12412     1.27649
     2.13712     1.31997
     2.14912     1.33760
     2.16212     1.33059
     2.17412     1.30627
     2.18712     1.27270
     2.19912     1.23438
     2.21212     1.19080
     2.22512     1.14024
     2.23712     1.08441
     2.25012     1.03878
     2.26212     1.02963
     2.27512     1.08274
     2.28712     1.20573
     2.30012     1.37634
     2.31312     1.54896
     2.32512     1.67428
     2.33812     1.72387
     2.35012     1.69875
     2.36312     1.62202
     2.37512     1.52040
     2.38812     1.40807
     2.40112     1.28686
     2.41312     1.15211
     2.42612     1.00504
     2.43812     0.85942
     2.45112     0.74113
     2.46312     0.67934
     2.47612     0.69273
     2.48912     0.77738
     2.50112     0.90488
     2.51412     1.03508
     2.52612     1.13679
     2.53912     1.20387
     2.55112     1.25490
     2.56412     1.31478
     2.57612     1.39299
     2.58912     1.47360
     2.60212     1.52449
     2.61412     1.52067
     2.62712     1.46114
     2.63912     1.36892
     2.65212     1.27740
     2.66412     1.21228
     2.67712     1.18493
     2.69012     1.19495
     2.70212     1.23872
     2.71512     1.31126
     2.72712     1.40426
     2.74012     1.49856
     2.75212     1.56327
     2.76512     1.56336
     2.77812     1.47942
     2.79012     1.32277
     2.80312     1.13746
     2.81512     0.98007
     2.82812     0.89354
     2.84012     0.89293
     2.85312     0.96684
     2.86612     1.09268
     2.87812     1.24944
     2.89112     1.41911
     2.90312     1.58700
     2.91612     1.73902
     2.92812     1.86594
     2.94112     1.96470
     2.95412     2.04100
     2.96612     2.10398
     2.97912     2.15790
     2.99112     2.19184
     3.00412     2.17582
     3.01612     2.07829
     3.02912     1.89316
     3.04212     1.65740
     3.05412     1.44349
     3.06712     1.32413
     3.07912     1.33548
     3.09212     1.45920
     3.10412     1.63476
     3.11712     1.79048
     3.13012     1.87546
     3.14212     1.87856
     3.15512     1.82154
     3.16712     1.73940
     3.18012     1.65652
     3.19212     1.57455
     3.20512     1.48060
     3.21812     1.36133
     3.23012     1.21443
     3.24312     1.05186
     3.25512     0.89523
     3.26812     0.77074
     3.28012     0.70296
     3.29312     0.70574
     3.30512     0.77279
     3.31812     0.87459
     3.33112     0.96869
     3.34312     1.02013
     3.35612     1.01935
     3.36812     0.98462
     3.38112     0.94797
     3.39312     0.93413
     3.40612     0.94722
     3.41912     0.97159
     3.43112     0.98354
     3.44412     0.96706
     3.45612     0.92339
     3.46912     0.87005
     3.48112     0.83101
     3.49412     0.82391
     3.50712     0.85307
     3.51912     0.90882
     3.53212     0.97080
     3.54412     1.01308
     3.55712     1.01218
     3.56912     0.95830
     3.58212     0.86235
     3.59512     0.75137
     3.60712     0.65379
     3.62012     0.58609
     3.63212     0.55105
     3.64512     0.54624
     3.65712     0.57172
     3.67012     0.62951
     3.68312     0.71639
     3.69512     0.81907
     3.70812     0.91761
     3.72012     0.99363
     3.73312     1.03715
     3.74512     1.04763
     3.75812     1.03065
     3.77112     0.99363
     3.78312     0.94263
     3.79612     0.88237
     3.80812     0.81910
     3.82112     0.76388
     3.83312     0.73475
     3.84612     0.75336
     3.85912     0.83574
     3.87112     0.98118
     3.88412     1.16559
     3.89612     1.34669
     3.90912     1.47860
     3.92112     1.52984
     3.93412     1.49312
     3.94712     1.38512
     3.95912     1.23988
     3.97212     1.10109
     3.98412     1.01184
     3.99712     1.00174
     4.00912     1.07484
     4.02212     1.20568
     4.03412     1.34981
     4.04712     1.46226
     4.06012     1.51530
     4.07212     1.50468
     4.08512     1.44580
     4.09712     1.36164
     4.11012     1.27330
     4.12212     1.19379
     4.13512     1.12572
     4.14812     1.06186
     4.16012     0.99043
     4.17312     0.90388
     4.18512     0.80723
     4.19812     0.72135
     4.21012     0.67694
     4.22312     0.70225
     4.23612     0.80971
     4.24812     0.98557
     4.26112     1.18909
     4.27312     1.36334
     4.28612     1.45656
     4.29812     1.44261
     4.31112     1.33299
     4.32412     1.16969
     4.33612     1.00648
     4.34912     0.88665
     4.36112     0.82997
     4.37412     0.83139
     4.38612     0.87031
     4.39912     0.92198
     4.41212     0.96594
     4.42412     0.98758
     4.43712     0.97650
     4.44912     0.92575
     4.46212     0.83607
     4.47412     0.72088
     4.48712     0.60681
     4.50012     0.52709
     4.51212     0.51034
     4.52512     0.57126
     4.53712     0.70573
     4.55012     0.89203
     4.56212     1.09834
     4.57512     1.29358
     4.58812     1.45628
     4.60012     1.57712
     4.61312     1.65448
     4.62512     1.68714
     4.63812     1.67358
     4.65012     1.61462
     4.66312     1.51928
     4.67612     1.40364
     4.68812     1.28624
     4.70112     1.18080
     4.71312     1.09454
     4.72612     1.03343
     4.73812     1.00695
     4.75112     1.02647
     4.76312     1.09426
     4.77612     1.19330
     4.78912     1.28914
     4.80112     1.34533
     4.81412     1.34282
     4.82612     1.28800
     4.83912     1.20548
     4.85112     1.12332
     4.86412     1.06209
     4.87712     1.03340
     4.88912     1.04268
     4.90212     1.09004
     4.91412     1.16674
     4.92712     1.25364
     4.93912     1.32484
     4.95212     1.35970
     4.96512     1.35176
     4.97712     1.31136
     4.99012     1.25904
     5.00212     1.21342
     5.01512     1.18150
     5.02712     1.15765
     5.04012     1.12622
     5.05312     1.07274
     5.06512     0.99344
     5.07812     0.89885
     5.09012     0.81111
     5.10312     0.75242
     5.11512     0.73459
     5.12812     0.75269
     5.14112     0.78861
     5.15312     0.82143
     5.16612     0.83953
     5.17812     0.84677
     5.19112     0.85883
     5.20312     0.89296
     5.21612     0.95806
     5.22912     1.05134
     5.24112     1.16190
     5.25412     1.27574
     5.26612     1.38102
     5.27912     1.46842
     5.29112     1.53032
     5.30412     1.55950
     5.31712     1.54950
     5.32912     1.49574
     5.34212     1.40104
     5.35412     1.27998
     5.36712     1.15934
     5.37912     1.07358
     5.39212     1.05101
     5.40412     1.09939
     5.41712     1.19932
     5.43012     1.31081
     5.44212     1.39121
     5.45512     1.41281
     5.46712     1.37164
     5.48012     1.28828
     5.49212     1.19578
     5.50512     1.12806
     5.51812     1.10762
     5.53012     1.13906
     5.54312     1.21048
     5.55512     1.30010
     5.56812     1.38522
     5.58012     1.44790
     5.59312     1.47670
     5.60612     1.46661
     5.61812     1.41878
     5.63112     1.34296
     5.64312     1.25889
     5.65612     1.19274
     5.66812     1.16697
     5.68112     1.18934
     5.69412     1.24760
     5.70612     1.31444
     5.71912     1.35982
     5.73112     1.36245
     5.74412     1.31536
     5.75612     1.22418
     5.76912     1.10207
     5.78212     0.96456
     5.79412     0.82662
     5.80712     0.70081
     5.81912     0.59683
     5.83212     0.51971
     5.84412     0.46896
     5.85712     0.43876
     5.87012     0.42027
     5.88212     0.40551
     5.89512     0.39036
     5.90712     0.37579
     5.92012     0.36511
     5.93212     0.35977
     5.94512     0.35611
     5.95812     0.34647
     5.97012     0.32379
     5.98312     0.28551
     5.99512     0.23486
     6.00812     0.17906
     6.02012     0.12585
     6.03312     0.08112
     6.04612     0.04767
     6.05812     0.02541
     6.07112     0.01221
     6.08312     0.00526
     6.09612     0.00203
     6.10812     0.00070
     6.12112     0.00021
     6.13312     0.00006
     6.14612     0.00001
     6.15912     0.00000
     6.17112     0.00000
     6.18412     0.00000
     6.19612     0.00000
     6.20912     0.00000
     6.22112     0.00000
     6.23412     0.00000
     6.24712     0.00000
     6.25912     0.00000
     6.27212     0.00000
     6.28412     0.00000
     6.29712     0.00000
     6.30912     0.00000
     6.32212     0.00000
     6.33512     0.00000
     6.34712     0.00000
     6.36012     0.00000
     6.37212     0.00000
     6.38512     0.00000
     6.39712     0.00000
     6.41012     0.00000
     6.42312     0.00000
     6.43512     0.00000
     6.44812     0.00000
     6.46012     0.00000
     6.47312     0.00000
     6.48512     0.00000
     6.49812     0.00000
     6.51112     0.00000
     6.52312     0.00000
     6.53612     0.00000
     6.54812     0.00000
     6.56112     0.00000
     6.57312     0.00000
     6.58612     0.00000
     6.59912     0.00000
     6.61112     0.00000
     6.62412     0.00000
     6.63612     0.00000
     6.64912     0.00000
     6.66112     0.00000
     6.67412     0.00000
     6.68712     0.00000
     6.69912     0.00000
     6.71212     0.00000
     6.72412     0.00000
     6.73712     0.00000
     6.74912     0.00000
     6.76212     0.00000
     6.77512     0.00000
     6.78712     0.00000
     6.80012     0.00000
     6.81212     0.00000
     6.82512     0.00000
     6.83712     0.00000
     6.85012     0.00000
     6.86212     0.00000
     6.87512     0.00000
     6.88812     0.00000
     6.90012     0.00000
     6.91312     0.00000
     6.92512     0.00000
     6.93812     0.00000
     6.95012     0.00000
     6.96312     0.00000
     6.97612     0.00000
     6.98812     0.00000
     7.00112     0.00000
     7.01312     0.00000
     7.02612     0.00000
     7.03812     0.00000
     7.05112     0.00000
     7.06412     0.00000
     7.07612     0.00000
     7.08912     0.00000
     7.10112     0.00000
     7.11412     0.00000
     7.12612     0.00000
     7.13912     0.00000
     7.15212     0.00000
     7.16412     0.00000
     7.17712     0.00000
     7.18912     0.00000
     7.20212     0.00000
     7.21412     0.00000
     7.22712     0.00000
     7.24012     0.00000
     7.25212     0.00000
     7.26512     0.00000
     7.27712     0.00000
     7.29012     0.00000
     7.30212     0.00000
     7.31512     0.00000
     7.32812     0.00000
     7.34012     0.00000
     7.35312     0.00000
     7.36512     0.00000
     7.37812     0.00000
     7.39012     0.00000
     7.40312     0.00000
     7.41612     0.00000
     7.42812     0.00000
     7.44112     0.00000
     7.45312     0.00000
     7.46612     0.00000
     7.47812     0.00000
     7.49112     0.00000
     7.50312     0.00000
     7.51612     0.00000
     7.52912     0.00000
     7.54112     0.00000
     7.55412     0.00000
     7.56612     0.00000
     7.57912     0.00000
     7.59112     0.00000
     7.60412     0.00000
     7.61712     0.00000
     7.62912     0.00000
     7.64212     0.00000
     7.65412     0.00000
     7.66712     0.00000
     7.67912     0.00000
     7.69212     0.00000
     7.70512     0.00000
