      #Energy        TDOS
     -29.98888       0.00000
     -29.97688       0.00000
     -29.96388       0.00000
     -29.95188       0.00000
     -29.93888       0.00000
     -29.92688       0.00000
     -29.91388       0.00000
     -29.90088       0.00000
     -29.88888       0.00000
     -29.87588       0.00000
     -29.86388       0.00000
     -29.85088       0.00000
     -29.83888       0.00000
     -29.82588       0.00000
     -29.81288       0.00000
     -29.80088       0.00000
     -29.78788       0.00000
     -29.77588       0.00000
     -29.76288       0.00000
     -29.75088       0.00000
     -29.73788       0.00000
     -29.72488       0.00000
     -29.71288       0.00000
     -29.69988       0.00000
     -29.68788       0.00000
     -29.67488       0.00000
     -29.66288       0.00000
     -29.64988       0.00000
     -29.63788       0.00000
     -29.62488       0.00000
     -29.61188       0.00000
     -29.59988       0.00000
     -29.58688       0.00000
     -29.57488       0.00000
     -29.56188       0.00000
     -29.54988       0.00000
     -29.53688       0.00000
     -29.52388       0.00000
     -29.51188       0.00000
     -29.49888       0.00000
     -29.48688       0.00000
     -29.47388       0.00000
     -29.46188       0.00000
     -29.44888       0.00000
     -29.43588       0.00000
     -29.42388       0.00000
     -29.41088       0.00000
     -29.39888       0.00000
     -29.38588       0.00000
     -29.37388       0.00000
     -29.36088       0.00000
     -29.34788       0.00000
     -29.33588       0.00000
     -29.32288       0.00000
     -29.31088       0.00000
     -29.29788       0.00000
     -29.28588       0.00000
     -29.27288       0.00000
     -29.25988       0.00000
     -29.24788       0.00000
     -29.23488       0.00000
     -29.22288       0.00000
     -29.20988       0.00000
     -29.19788       0.00000
     -29.18488       0.00000
     -29.17188       0.00000
     -29.15988       0.00000
     -29.14688       0.00000
     -29.13488       0.00000
     -29.12188       0.00000
     -29.10988       0.00000
     -29.09688       0.00000
     -29.08388       0.00000
     -29.07188       0.00000
     -29.05888       0.00000
     -29.04688       0.00000
     -29.03388       0.00000
     -29.02188       0.00000
     -29.00888       0.00000
     -28.99588       0.00000
     -28.98388       0.00000
     -28.97088       0.00000
     -28.95888       0.00000
     -28.94588       0.00000
     -28.93388       0.00000
     -28.92088       0.00000
     -28.90888       0.00000
     -28.89588       0.00000
     -28.88288       0.00000
     -28.87088       0.00000
     -28.85788       0.00000
     -28.84588       0.00000
     -28.83288       0.00000
     -28.82088       0.00000
     -28.80788       0.00000
     -28.79488       0.00000
     -28.78288       0.00000
     -28.76988       0.00000
     -28.75788       0.00000
     -28.74488       0.00000
     -28.73288       0.00000
     -28.71988       0.00000
     -28.70688       0.00000
     -28.69488       0.00000
     -28.68188       0.00000
     -28.66988       0.00000
     -28.65688       0.00000
     -28.64488       0.00000
     -28.63188       0.00000
     -28.61888       0.00000
     -28.60688       0.00000
     -28.59388       0.00000
     -28.58188       0.00000
     -28.56888       0.00000
     -28.55688       0.00000
     -28.54388       0.00000
     -28.53088       0.00000
     -28.51888       0.00000
     -28.50588       0.00000
     -28.49388       0.00000
     -28.48088       0.00000
     -28.46888       0.00001
     -28.45588       0.00005
     -28.44288       0.00028
     -28.43088       0.00151
     -28.41788       0.00707
     -28.40588       0.02917
     -28.39288       0.10630
     -28.38088       0.34170
     -28.36788       0.96980
     -28.35488       2.43100
     -28.34288       5.38300
     -28.32988      10.55000
     -28.31788      18.33000
     -28.30488      28.36000
     -28.29288      39.39000
     -28.27988      49.75000
     -28.26788      58.37000
     -28.25488      65.44000
     -28.24188      72.10000
     -28.22988      79.12000
     -28.21688      85.71000
     -28.20488      89.44000
     -28.19188      87.65000
     -28.17988      79.13000
     -28.16688      65.06000
     -28.15388      48.61000
     -28.14188      33.51000
     -28.12888      22.92000
     -28.11688      18.88000
     -28.10388      22.34000
     -28.09188      33.19000
     -28.07888      49.88000
     -28.06588      69.24000
     -28.05388      87.18000
     -28.04088     100.90000
     -28.02888     111.20000
     -28.01588     123.60000
     -28.00388     146.10000
     -27.99088     185.00000
     -27.97788     241.10000
     -27.96588     308.30000
     -27.95288     375.50000
     -27.94088     431.90000
     -27.92788     470.90000
     -27.91588     492.90000
     -27.90288     504.40000
     -27.88988     514.60000
     -27.87788     531.50000
     -27.86488     557.60000
     -27.85288     589.60000
     -27.83988     620.30000
     -27.82788     642.40000
     -27.81488     652.70000
     -27.80188     653.40000
     -27.78988     650.60000
     -27.77688     651.10000
     -27.76488     659.00000
     -27.75188     674.80000
     -27.73988     695.00000
     -27.72688     714.70000
     -27.71388     729.20000
     -27.70188     737.00000
     -27.68888     740.20000
     -27.67688     744.60000
     -27.66388     756.30000
     -27.65188     777.70000
     -27.63888     805.60000
     -27.62588     831.00000
     -27.61388     843.90000
     -27.60088     837.60000
     -27.58888     811.70000
     -27.57588     771.50000
     -27.56388     723.70000
     -27.55088     672.10000
     -27.53888     615.30000
     -27.52588     548.60000
     -27.51288     468.70000
     -27.50088     377.50000
     -27.48788     282.90000
     -27.47588     195.20000
     -27.46288     123.30000
     -27.45088      71.31000
     -27.43788      38.86000
     -27.42488      22.96000
     -27.41288      20.48000
     -27.39988      29.60000
     -27.38788      49.60000
     -27.37488      79.40000
     -27.36288     115.90000
     -27.34988     153.30000
     -27.33688     183.60000
     -27.32488     199.60000
     -27.31188     196.80000
     -27.29988     175.80000
     -27.28688     142.00000
     -27.27488     103.40000
     -27.26188      67.61000
     -27.24888      39.62000
     -27.23688      20.73000
     -27.22388       9.67000
     -27.21188       4.01000
     -27.19888       1.47700
     -27.18688       0.48220
     -27.17388       0.13950
     -27.16088       0.03571
     -27.14888       0.00809
     -27.13588       0.00162
     -27.12388       0.00029
     -27.11088       0.00004
     -27.09888       0.00001
     -27.08588       0.00000
     -27.07288       0.00000
     -27.06088       0.00000
     -27.04788       0.00000
     -27.03588       0.00000
     -27.02288       0.00000
     -27.01088       0.00000
     -26.99788       0.00000
     -26.98488       0.00000
     -26.97288       0.00000
     -26.95988       0.00000
     -26.94788       0.00000
     -26.93488       0.00000
     -26.92288       0.00000
     -26.90988       0.00000
     -26.89688       0.00000
     -26.88488       0.00000
     -26.87188       0.00000
     -26.85988       0.00000
     -26.84688       0.00000
     -26.83488       0.00000
     -26.82188       0.00000
     -26.80988       0.00000
     -26.79688       0.00000
     -26.78388       0.00000
     -26.77188       0.00000
     -26.75888       0.00000
     -26.74688       0.00000
     -26.73388       0.00000
     -26.72188       0.00000
     -26.70888       0.00000
     -26.69588       0.00000
     -26.68388       0.00000
     -26.67088       0.00000
     -26.65888       0.00000
     -26.64588       0.00000
     -26.63388       0.00000
     -26.62088       0.00000
     -26.60788       0.00000
     -26.59588       0.00000
     -26.58288       0.00000
     -26.57088       0.00000
     -26.55788       0.00000
     -26.54588       0.00000
     -26.53288       0.00000
     -26.51988       0.00000
     -26.50788       0.00000
     -26.49488       0.00000
     -26.48288       0.00000
     -26.46988       0.00000
     -26.45788       0.00000
     -26.44488       0.00000
     -26.43188       0.00000
     -26.41988       0.00000
     -26.40688       0.00000
     -26.39488       0.00000
     -26.38188       0.00000
     -26.36988       0.00000
     -26.35688       0.00000
     -26.34388       0.00000
     -26.33188       0.00000
     -26.31888       0.00000
     -26.30688       0.00000
     -26.29388       0.00000
     -26.28188       0.00000
     -26.26888       0.00000
     -26.25588       0.00000
     -26.24388       0.00000
     -26.23088       0.00000
     -26.21888       0.00000
     -26.20588       0.00000
     -26.19388       0.00000
     -26.18088       0.00000
     -26.16888       0.00000
     -26.15588       0.00000
     -26.14288       0.00000
     -26.13088       0.00000
     -26.11788       0.00000
     -26.10588       0.00000
     -26.09288       0.00000
     -26.08088       0.00000
     -26.06788       0.00000
     -26.05488       0.00000
     -26.04288       0.00000
     -26.02988       0.00000
     -26.01788       0.00000
     -26.00488       0.00000
     -25.99288       0.00000
     -25.97988       0.00000
     -25.96688       0.00000
     -25.95488       0.00000
     -25.94188       0.00000
     -25.92988       0.00000
     -25.91688       0.00000
     -25.90488       0.00000
     -25.89188       0.00000
     -25.87888       0.00000
     -25.86688       0.00000
     -25.85388       0.00000
     -25.84188       0.00000
     -25.82888       0.00000
     -25.81688       0.00000
     -25.80388       0.00000
     -25.79088       0.00000
     -25.77888       0.00000
     -25.76588       0.00000
     -25.75388       0.00000
     -25.74088       0.00000
     -25.72888       0.00000
     -25.71588       0.00000
     -25.70288       0.00000
     -25.69088       0.00000
     -25.67788       0.00000
     -25.66588       0.00000
     -25.65288       0.00000
     -25.64088       0.00000
     -25.62788       0.00000
     -25.61488       0.00000
     -25.60288       0.00000
     -25.58988       0.00000
     -25.57788       0.00000
     -25.56488       0.00000
     -25.55288       0.00000
     -25.53988       0.00000
     -25.52688       0.00000
     -25.51488       0.00000
     -25.50188       0.00000
     -25.48988       0.00000
     -25.47688       0.00000
     -25.46488       0.00000
     -25.45188       0.00000
     -25.43988       0.00000
     -25.42688       0.00000
     -25.41388       0.00000
     -25.40188       0.00000
     -25.38888       0.00000
     -25.37688       0.00000
     -25.36388       0.00000
     -25.35188       0.00000
     -25.33888       0.00000
     -25.32588       0.00000
     -25.31388       0.00000
     -25.30088       0.00000
     -25.28888       0.00000
     -25.27588       0.00000
     -25.26388       0.00000
     -25.25088       0.00000
     -25.23788       0.00000
     -25.22588       0.00000
     -25.21288       0.00000
     -25.20088       0.00000
     -25.18788       0.00000
     -25.17588       0.00000
     -25.16288       0.00000
     -25.14988       0.00000
     -25.13788       0.00000
     -25.12488       0.00000
     -25.11288       0.00000
     -25.09988       0.00000
     -25.08788       0.00000
     -25.07488       0.00000
     -25.06188       0.00000
     -25.04988       0.00000
     -25.03688       0.00000
     -25.02488       0.00000
     -25.01188       0.00000
     -24.99988       0.00000
     -24.98688       0.00000
     -24.97388       0.00000
     -24.96188       0.00000
     -24.94888       0.00000
     -24.93688       0.00000
     -24.92388       0.00000
     -24.91188       0.00000
     -24.89888       0.00000
     -24.88588       0.00000
     -24.87388       0.00000
     -24.86088       0.00000
     -24.84888       0.00000
     -24.83588       0.00000
     -24.82388       0.00000
     -24.81088       0.00000
     -24.79788       0.00000
     -24.78588       0.00000
     -24.77288       0.00000
     -24.76088       0.00000
     -24.74788       0.00000
     -24.73588       0.00000
     -24.72288       0.00000
     -24.71088       0.00000
     -24.69788       0.00000
     -24.68488       0.00000
     -24.67288       0.00000
     -24.65988       0.00000
     -24.64788       0.00000
     -24.63488       0.00000
     -24.62288       0.00000
     -24.60988       0.00000
     -24.59688       0.00000
     -24.58488       0.00000
     -24.57188       0.00000
     -24.55988       0.00000
     -24.54688       0.00000
     -24.53488       0.00000
     -24.52188       0.00000
     -24.50888       0.00000
     -24.49688       0.00000
     -24.48388       0.00000
     -24.47188       0.00000
     -24.45888       0.00000
     -24.44688       0.00000
     -24.43388       0.00000
     -24.42088       0.00000
     -24.40888       0.00000
     -24.39588       0.00000
     -24.38388       0.00000
     -24.37088       0.00000
     -24.35888       0.00000
     -24.34588       0.00000
     -24.33288       0.00000
     -24.32088       0.00000
     -24.30788       0.00000
     -24.29588       0.00000
     -24.28288       0.00000
     -24.27088       0.00000
     -24.25788       0.00000
     -24.24488       0.00000
     -24.23288       0.00000
     -24.21988       0.00000
     -24.20788       0.00000
     -24.19488       0.00000
     -24.18288       0.00000
     -24.16988       0.00000
     -24.15688       0.00000
     -24.14488       0.00000
     -24.13188       0.00000
     -24.11988       0.00000
     -24.10688       0.00000
     -24.09488       0.00000
     -24.08188       0.00000
     -24.06988       0.00000
     -24.05688       0.00000
     -24.04388       0.00000
     -24.03188       0.00000
     -24.01888       0.00000
     -24.00688       0.00000
     -23.99388       0.00000
     -23.98188       0.00000
     -23.96888       0.00000
     -23.95588       0.00000
     -23.94388       0.00000
     -23.93088       0.00000
     -23.91888       0.00000
     -23.90588       0.00000
     -23.89388       0.00000
     -23.88088       0.00000
     -23.86788       0.00000
     -23.85588       0.00000
     -23.84288       0.00000
     -23.83088       0.00000
     -23.81788       0.00000
     -23.80588       0.00000
     -23.79288       0.00000
     -23.77988       0.00000
     -23.76788       0.00000
     -23.75488       0.00000
     -23.74288       0.00000
     -23.72988       0.00000
     -23.71788       0.00000
     -23.70488       0.00000
     -23.69188       0.00000
     -23.67988       0.00000
     -23.66688       0.00000
     -23.65488       0.00000
     -23.64188       0.00000
     -23.62988       0.00000
     -23.61688       0.00000
     -23.60388       0.00000
     -23.59188       0.00000
     -23.57888       0.00000
     -23.56688       0.00000
     -23.55388       0.00000
     -23.54188       0.00000
     -23.52888       0.00000
     -23.51588       0.00000
     -23.50388       0.00000
     -23.49088       0.00000
     -23.47888       0.00000
     -23.46588       0.00000
     -23.45388       0.00000
     -23.44088       0.00000
     -23.42788       0.00000
     -23.41588       0.00000
     -23.40288       0.00000
     -23.39088       0.00000
     -23.37788       0.00000
     -23.36588       0.00000
     -23.35288       0.00000
     -23.34088       0.00000
     -23.32788       0.00000
     -23.31488       0.00000
     -23.30288       0.00000
     -23.28988       0.00000
     -23.27788       0.00000
     -23.26488       0.00000
     -23.25288       0.00000
     -23.23988       0.00000
     -23.22688       0.00000
     -23.21488       0.00000
     -23.20188       0.00000
     -23.18988       0.00000
     -23.17688       0.00000
     -23.16488       0.00000
     -23.15188       0.00000
     -23.13888       0.00000
     -23.12688       0.00000
     -23.11388       0.00000
     -23.10188       0.00000
     -23.08888       0.00000
     -23.07688       0.00000
     -23.06388       0.00000
     -23.05088       0.00000
     -23.03888       0.00000
     -23.02588       0.00000
     -23.01388       0.00000
     -23.00088       0.00000
     -22.98888       0.00000
     -22.97588       0.00000
     -22.96288       0.00000
     -22.95088       0.00000
     -22.93788       0.00000
     -22.92588       0.00000
     -22.91288       0.00000
     -22.90088       0.00000
     -22.88788       0.00000
     -22.87488       0.00000
     -22.86288       0.00000
     -22.84988       0.00000
     -22.83788       0.00000
     -22.82488       0.00000
     -22.81288       0.00000
     -22.79988       0.00000
     -22.78688       0.00000
     -22.77488       0.00000
     -22.76188       0.00000
     -22.74988       0.00000
     -22.73688       0.00000
     -22.72488       0.00000
     -22.71188       0.00000
     -22.69888       0.00000
     -22.68688       0.00000
     -22.67388       0.00000
     -22.66188       0.00000
     -22.64888       0.00000
     -22.63688       0.00000
     -22.62388       0.00000
     -22.61188       0.00000
     -22.59888       0.00000
     -22.58588       0.00000
     -22.57388       0.00000
     -22.56088       0.00000
     -22.54888       0.00000
     -22.53588       0.00000
     -22.52388       0.00000
     -22.51088       0.00000
     -22.49788       0.00000
     -22.48588       0.00000
     -22.47288       0.00000
     -22.46088       0.00000
     -22.44788       0.00000
     -22.43588       0.00000
     -22.42288       0.00000
     -22.40988       0.00000
     -22.39788       0.00000
     -22.38488       0.00000
     -22.37288       0.00000
     -22.35988       0.00000
     -22.34788       0.00000
     -22.33488       0.00000
     -22.32188       0.00000
     -22.30988       0.00000
     -22.29688       0.00000
     -22.28488       0.00000
     -22.27188       0.00000
     -22.25988       0.00000
     -22.24688       0.00000
     -22.23388       0.00000
     -22.22188       0.00000
     -22.20888       0.00000
     -22.19688       0.00000
     -22.18388       0.00000
     -22.17188       0.00000
     -22.15888       0.00000
     -22.14588       0.00000
     -22.13388       0.00000
     -22.12088       0.00000
     -22.10888       0.00000
     -22.09588       0.00000
     -22.08388       0.00000
     -22.07088       0.00000
     -22.05788       0.00000
     -22.04588       0.00000
     -22.03288       0.00000
     -22.02088       0.00000
     -22.00788       0.00000
     -21.99588       0.00000
     -21.98288       0.00000
     -21.96988       0.00000
     -21.95788       0.00000
     -21.94488       0.00000
     -21.93288       0.00000
     -21.91988       0.00000
     -21.90788       0.00000
     -21.89488       0.00000
     -21.88288       0.00000
     -21.86988       0.00000
     -21.85688       0.00000
     -21.84488       0.00000
     -21.83188       0.00000
     -21.81988       0.00000
     -21.80688       0.00000
     -21.79488       0.00000
     -21.78188       0.00000
     -21.76888       0.00000
     -21.75688       0.00000
     -21.74388       0.00000
     -21.73188       0.00000
     -21.71888       0.00000
     -21.70688       0.00000
     -21.69388       0.00000
     -21.68088       0.00000
     -21.66888       0.00000
     -21.65588       0.00000
     -21.64388       0.00000
     -21.63088       0.00000
     -21.61888       0.00000
     -21.60588       0.00000
     -21.59288       0.00000
     -21.58088       0.00000
     -21.56788       0.00000
     -21.55588       0.00000
     -21.54288       0.00000
     -21.53088       0.00000
     -21.51788       0.00000
     -21.50488       0.00000
     -21.49288       0.00000
     -21.47988       0.00000
     -21.46788       0.00000
     -21.45488       0.00000
     -21.44288       0.00000
     -21.42988       0.00000
     -21.41688       0.00000
     -21.40488       0.00000
     -21.39188       0.00000
     -21.37988       0.00000
     -21.36688       0.00000
     -21.35488       0.00000
     -21.34188       0.00000
     -21.32888       0.00000
     -21.31688       0.00000
     -21.30388       0.00000
     -21.29188       0.00000
     -21.27888       0.00000
     -21.26688       0.00000
     -21.25388       0.00000
     -21.24188       0.00000
     -21.22888       0.00000
     -21.21588       0.00000
     -21.20388       0.00000
     -21.19088       0.00000
     -21.17888       0.00000
     -21.16588       0.00000
     -21.15388       0.00000
     -21.14088       0.00000
     -21.12788       0.00000
     -21.11588       0.00000
     -21.10288       0.00000
     -21.09088       0.00000
     -21.07788       0.00000
     -21.06588       0.00000
     -21.05288       0.00000
     -21.03988       0.00000
     -21.02788       0.00000
     -21.01488       0.00000
     -21.00288       0.00000
     -20.98988       0.00000
     -20.97788       0.00000
     -20.96488       0.00000
     -20.95188       0.00000
     -20.93988       0.00000
     -20.92688       0.00000
     -20.91488       0.00000
     -20.90188       0.00000
     -20.88988       0.00000
     -20.87688       0.00000
     -20.86388       0.00000
     -20.85188       0.00000
     -20.83888       0.00000
     -20.82688       0.00000
     -20.81388       0.00000
     -20.80188       0.00000
     -20.78888       0.00000
     -20.77588       0.00000
     -20.76388       0.00000
     -20.75088       0.00000
     -20.73888       0.00000
     -20.72588       0.00000
     -20.71388       0.00000
     -20.70088       0.00000
     -20.68788       0.00000
     -20.67588       0.00000
     -20.66288       0.00000
     -20.65088       0.00000
     -20.63788       0.00000
     -20.62588       0.00000
     -20.61288       0.00000
     -20.59988       0.00000
     -20.58788       0.00000
     -20.57488       0.00000
     -20.56288       0.00000
     -20.54988       0.00000
     -20.53788       0.00000
     -20.52488       0.00000
     -20.51288       0.00000
     -20.49988       0.00000
     -20.48688       0.00000
     -20.47488       0.00000
     -20.46188       0.00000
     -20.44988       0.00000
     -20.43688       0.00000
     -20.42488       0.00000
     -20.41188       0.00000
     -20.39888       0.00000
     -20.38688       0.00000
     -20.37388       0.00000
     -20.36188       0.00000
     -20.34888       0.00000
     -20.33688       0.00000
     -20.32388       0.00000
     -20.31088       0.00000
     -20.29888       0.00000
     -20.28588       0.00000
     -20.27388       0.00000
     -20.26088       0.00000
     -20.24888       0.00000
     -20.23588       0.00000
     -20.22288       0.00000
     -20.21088       0.00000
     -20.19788       0.00000
     -20.18588       0.00000
     -20.17288       0.00000
     -20.16088       0.00000
     -20.14788       0.00000
     -20.13488       0.00000
     -20.12288       0.00000
     -20.10988       0.00000
     -20.09788       0.00000
     -20.08488       0.00000
     -20.07288       0.00000
     -20.05988       0.00000
     -20.04688       0.00000
     -20.03488       0.00000
     -20.02188       0.00000
     -20.00988       0.00000
     -19.99688       0.00000
     -19.98488       0.00000
     -19.97188       0.00000
     -19.95888       0.00000
     -19.94688       0.00000
     -19.93388       0.00000
     -19.92188       0.00000
     -19.90888       0.00000
     -19.89688       0.00000
     -19.88388       0.00000
     -19.87088       0.00000
     -19.85888       0.00000
     -19.84588       0.00000
     -19.83388       0.00000
     -19.82088       0.00000
     -19.80888       0.00000
     -19.79588       0.00000
     -19.78388       0.00000
     -19.77088       0.00000
     -19.75788       0.00000
     -19.74588       0.00000
     -19.73288       0.00000
     -19.72088       0.00000
     -19.70788       0.00000
     -19.69588       0.00000
     -19.68288       0.00000
     -19.66988       0.00000
     -19.65788       0.00000
     -19.64488       0.00000
     -19.63288       0.00000
     -19.61988       0.00000
     -19.60788       0.00000
     -19.59488       0.00000
     -19.58188       0.00000
     -19.56988       0.00000
     -19.55688       0.00000
     -19.54488       0.00000
     -19.53188       0.00000
     -19.51988       0.00000
     -19.50688       0.00000
     -19.49388       0.00000
     -19.48188       0.00000
     -19.46888       0.00000
     -19.45688       0.00000
     -19.44388       0.00000
     -19.43188       0.00000
     -19.41888       0.00000
     -19.40588       0.00000
     -19.39388       0.00000
     -19.38088       0.00000
     -19.36888       0.00000
     -19.35588       0.00000
     -19.34388       0.00000
     -19.33088       0.00000
     -19.31788       0.00000
     -19.30588       0.00000
     -19.29288       0.00000
     -19.28088       0.00000
     -19.26788       0.00000
     -19.25588       0.00000
     -19.24288       0.00000
     -19.22988       0.00000
     -19.21788       0.00000
     -19.20488       0.00000
     -19.19288       0.00000
     -19.17988       0.00000
     -19.16788       0.00000
     -19.15488       0.00000
     -19.14288       0.00000
     -19.12988       0.00000
     -19.11688       0.00000
     -19.10488       0.00000
     -19.09188       0.00000
     -19.07988       0.00000
     -19.06688       0.00000
     -19.05488       0.00000
     -19.04188       0.00000
     -19.02888       0.00000
     -19.01688       0.00000
     -19.00388       0.00000
     -18.99188       0.00000
     -18.97888       0.00000
     -18.96688       0.00000
     -18.95388       0.00000
     -18.94088       0.00000
     -18.92888       0.00000
     -18.91588       0.00000
     -18.90388       0.00000
     -18.89088       0.00000
     -18.87888       0.00000
     -18.86588       0.00000
     -18.85288       0.00000
     -18.84088       0.00000
     -18.82788       0.00000
     -18.81588       0.00000
     -18.80288       0.00000
     -18.79088       0.00000
     -18.77788       0.00000
     -18.76488       0.00000
     -18.75288       0.00000
     -18.73988       0.00000
     -18.72788       0.00000
     -18.71488       0.00000
     -18.70288       0.00000
     -18.68988       0.00000
     -18.67688       0.00000
     -18.66488       0.00000
     -18.65188       0.00000
     -18.63988       0.00000
     -18.62688       0.00000
     -18.61488       0.00000
     -18.60188       0.00000
     -18.58888       0.00000
     -18.57688       0.00000
     -18.56388       0.00000
     -18.55188       0.00000
     -18.53888       0.00000
     -18.52688       0.00000
     -18.51388       0.00000
     -18.50088       0.00000
     -18.48888       0.00000
     -18.47588       0.00000
     -18.46388       0.00000
     -18.45088       0.00000
     -18.43888       0.00000
     -18.42588       0.00000
     -18.41388       0.00000
     -18.40088       0.00000
     -18.38788       0.00000
     -18.37588       0.00000
     -18.36288       0.00000
     -18.35088       0.00000
     -18.33788       0.00000
     -18.32588       0.00000
     -18.31288       0.00000
     -18.29988       0.00000
     -18.28788       0.00000
     -18.27488       0.00000
     -18.26288       0.00000
     -18.24988       0.00000
     -18.23788       0.00000
     -18.22488       0.00000
     -18.21188       0.00000
     -18.19988       0.00000
     -18.18688       0.00000
     -18.17488       0.00000
     -18.16188       0.00000
     -18.14988       0.00000
     -18.13688       0.00000
     -18.12388       0.00000
     -18.11188       0.00000
     -18.09888       0.00000
     -18.08688       0.00000
     -18.07388       0.00000
     -18.06188       0.00000
     -18.04888       0.00000
     -18.03588       0.00000
     -18.02388       0.00000
     -18.01088       0.00000
     -17.99888       0.00000
     -17.98588       0.00000
     -17.97388       0.00000
     -17.96088       0.00000
     -17.94788       0.00000
     -17.93588       0.00000
     -17.92288       0.00000
     -17.91088       0.00000
     -17.89788       0.00000
     -17.88588       0.00000
     -17.87288       0.00000
     -17.85988       0.00000
     -17.84788       0.00000
     -17.83488       0.00000
     -17.82288       0.00000
     -17.80988       0.00000
     -17.79788       0.00000
     -17.78488       0.00000
     -17.77188       0.00000
     -17.75988       0.00000
     -17.74688       0.00000
     -17.73488       0.00000
     -17.72188       0.00000
     -17.70988       0.00000
     -17.69688       0.00000
     -17.68488       0.00000
     -17.67188       0.00000
     -17.65888       0.00000
     -17.64688       0.00000
     -17.63388       0.00000
     -17.62188       0.00000
     -17.60888       0.00000
     -17.59688       0.00000
     -17.58388       0.00000
     -17.57088       0.00000
     -17.55888       0.00000
     -17.54588       0.00000
     -17.53388       0.00000
     -17.52088       0.00000
     -17.50888       0.00000
     -17.49588       0.00000
     -17.48288       0.00000
     -17.47088       0.00000
     -17.45788       0.00000
     -17.44588       0.00000
     -17.43288       0.00000
     -17.42088       0.00000
     -17.40788       0.00000
     -17.39488       0.00000
     -17.38288       0.00000
     -17.36988       0.00000
     -17.35788       0.00000
     -17.34488       0.00000
     -17.33288       0.00000
     -17.31988       0.00000
     -17.30688       0.00000
     -17.29488       0.00000
     -17.28188       0.00000
     -17.26988       0.00000
     -17.25688       0.00000
     -17.24488       0.00000
     -17.23188       0.00000
     -17.21888       0.00000
     -17.20688       0.00000
     -17.19388       0.00000
     -17.18188       0.00000
     -17.16888       0.00000
     -17.15688       0.00000
     -17.14388       0.00000
     -17.13088       0.00000
     -17.11888       0.00000
     -17.10588       0.00000
     -17.09388       0.00000
     -17.08088       0.00000
     -17.06888       0.00000
     -17.05588       0.00000
     -17.04388       0.00000
     -17.03088       0.00000
     -17.01788       0.00000
     -17.00588       0.00000
     -16.99288       0.00000
     -16.98088       0.00000
     -16.96788       0.00000
     -16.95588       0.00000
     -16.94288       0.00000
     -16.92988       0.00000
     -16.91788       0.00000
     -16.90488       0.00000
     -16.89288       0.00000
     -16.87988       0.00000
     -16.86788       0.00000
     -16.85488       0.00000
     -16.84188       0.00000
     -16.82988       0.00000
     -16.81688       0.00000
     -16.80488       0.00000
     -16.79188       0.00000
     -16.77988       0.00000
     -16.76688       0.00000
     -16.75388       0.00000
     -16.74188       0.00000
     -16.72888       0.00000
     -16.71688       0.00000
     -16.70388       0.00000
     -16.69188       0.00000
     -16.67888       0.00000
     -16.66588       0.00000
     -16.65388       0.00000
     -16.64088       0.00000
     -16.62888       0.00000
     -16.61588       0.00000
     -16.60388       0.00000
     -16.59088       0.00000
     -16.57788       0.00000
     -16.56588       0.00000
     -16.55288       0.00000
     -16.54088       0.00000
     -16.52788       0.00000
     -16.51588       0.00000
     -16.50288       0.00000
     -16.48988       0.00000
     -16.47788       0.00000
     -16.46488       0.00000
     -16.45288       0.00000
     -16.43988       0.00000
     -16.42788       0.00000
     -16.41488       0.00000
     -16.40188       0.00000
     -16.38988       0.00000
     -16.37688       0.00000
     -16.36488       0.00000
     -16.35188       0.00000
     -16.33988       0.00000
     -16.32688       0.00000
     -16.31488       0.00000
     -16.30188       0.00000
     -16.28888       0.00000
     -16.27688       0.00000
     -16.26388       0.00000
     -16.25188       0.00000
     -16.23888       0.00000
     -16.22688       0.00000
     -16.21388       0.00000
     -16.20088       0.00000
     -16.18888       0.00000
     -16.17588       0.00000
     -16.16388       0.00000
     -16.15088       0.00000
     -16.13888       0.00000
     -16.12588       0.00000
     -16.11288       0.00000
     -16.10088       0.00000
     -16.08788       0.00000
     -16.07588       0.00000
     -16.06288       0.00000
     -16.05088       0.00000
     -16.03788       0.00000
     -16.02488       0.00000
     -16.01288       0.00000
     -15.99988       0.00000
     -15.98788       0.00000
     -15.97488       0.00000
     -15.96288       0.00000
     -15.94988       0.00000
     -15.93688       0.00000
     -15.92488       0.00000
     -15.91188       0.00000
     -15.89988       0.00000
     -15.88688       0.00000
     -15.87488       0.00000
     -15.86188       0.00000
     -15.84888       0.00000
     -15.83688       0.00000
     -15.82388       0.00000
     -15.81188       0.00000
     -15.79888       0.00000
     -15.78688       0.00000
     -15.77388       0.00000
     -15.76088       0.00000
     -15.74888       0.00000
     -15.73588       0.00000
     -15.72388       0.00000
     -15.71088       0.00000
     -15.69888       0.00000
     -15.68588       0.00000
     -15.67288       0.00000
     -15.66088       0.00000
     -15.64788       0.00000
     -15.63588       0.00000
     -15.62288       0.00000
     -15.61088       0.00000
     -15.59788       0.00000
     -15.58588       0.00000
     -15.57288       0.00000
     -15.55988       0.00000
     -15.54788       0.00000
     -15.53488       0.00000
     -15.52288       0.00000
     -15.50988       0.00000
     -15.49788       0.00000
     -15.48488       0.00000
     -15.47188       0.00000
     -15.45988       0.00000
     -15.44688       0.00000
     -15.43488       0.00000
     -15.42188       0.00000
     -15.40988       0.00000
     -15.39688       0.00000
     -15.38388       0.00000
     -15.37188       0.00000
     -15.35888       0.00000
     -15.34688       0.00000
     -15.33388       0.00000
     -15.32188       0.00000
     -15.30888       0.00000
     -15.29588       0.00000
     -15.28388       0.00000
     -15.27088       0.00000
     -15.25888       0.00000
     -15.24588       0.00000
     -15.23388       0.00000
     -15.22088       0.00000
     -15.20788       0.00000
     -15.19588       0.00000
     -15.18288       0.00000
     -15.17088       0.00000
     -15.15788       0.00000
     -15.14588       0.00000
     -15.13288       0.00000
     -15.11988       0.00000
     -15.10788       0.00000
     -15.09488       0.00000
     -15.08288       0.00000
     -15.06988       0.00000
     -15.05788       0.00000
     -15.04488       0.00000
     -15.03188       0.00000
     -15.01988       0.00000
     -15.00688       0.00000
     -14.99488       0.00000
     -14.98188       0.00000
     -14.96988       0.00000
     -14.95688       0.00000
     -14.94488       0.00000
     -14.93188       0.00000
     -14.91888       0.00000
     -14.90688       0.00000
     -14.89388       0.00000
     -14.88188       0.00000
     -14.86888       0.00000
     -14.85688       0.00000
     -14.84388       0.00000
     -14.83088       0.00000
     -14.81888       0.00000
     -14.80588       0.00000
     -14.79388       0.00000
     -14.78088       0.00000
     -14.76888       0.00000
     -14.75588       0.00000
     -14.74288       0.00000
     -14.73088       0.00000
     -14.71788       0.00000
     -14.70588       0.00000
     -14.69288       0.00000
     -14.68088       0.00000
     -14.66788       0.00000
     -14.65488       0.00000
     -14.64288       0.00000
     -14.62988       0.00000
     -14.61788       0.00000
     -14.60488       0.00000
     -14.59288       0.00000
     -14.57988       0.00000
     -14.56688       0.00000
     -14.55488       0.00000
     -14.54188       0.00000
     -14.52988       0.00000
     -14.51688       0.00000
     -14.50488       0.00000
     -14.49188       0.00000
     -14.47888       0.00000
     -14.46688       0.00000
     -14.45388       0.00000
     -14.44188       0.00000
     -14.42888       0.00000
     -14.41688       0.00000
     -14.40388       0.00000
     -14.39088       0.00000
     -14.37888       0.00000
     -14.36588       0.00000
     -14.35388       0.00000
     -14.34088       0.00000
     -14.32888       0.00000
     -14.31588       0.00000
     -14.30288       0.00000
     -14.29088       0.00000
     -14.27788       0.00000
     -14.26588       0.00000
     -14.25288       0.00000
     -14.24088       0.00000
     -14.22788       0.00000
     -14.21588       0.00000
     -14.20288       0.00000
     -14.18988       0.00000
     -14.17788       0.00000
     -14.16488       0.00000
     -14.15288       0.00000
     -14.13988       0.00000
     -14.12788       0.00000
     -14.11488       0.00000
     -14.10188       0.00000
     -14.08988       0.00000
     -14.07688       0.00000
     -14.06488       0.00000
     -14.05188       0.00000
     -14.03988       0.00000
     -14.02688       0.00000
     -14.01388       0.00000
     -14.00188       0.00000
     -13.98888       0.00000
     -13.97688       0.00000
     -13.96388       0.00000
     -13.95188       0.00000
     -13.93888       0.00000
     -13.92588       0.00000
     -13.91388       0.00002
     -13.90088       0.00011
     -13.88888       0.00046
     -13.87588       0.00180
     -13.86388       0.00614
     -13.85088       0.01850
     -13.83788       0.04919
     -13.82588       0.11540
     -13.81288       0.23900
     -13.80088       0.43680
     -13.78788       0.70430
     -13.77588       1.00200
     -13.76288       1.25900
     -13.74988       1.39600
     -13.73788       1.37200
     -13.72488       1.20500
     -13.71288       0.98150
     -13.69988       0.82600
     -13.68788       0.87330
     -13.67488       1.23700
     -13.66188       1.96900
     -13.64988       3.01700
     -13.63688       4.17900
     -13.62488       5.14400
     -13.61188       5.59900
     -13.59988       5.38700
     -13.58688       4.59300
     -13.57388       3.50900
     -13.56188       2.50000
     -13.54888       1.87000
     -13.53688       1.79100
     -13.52388       2.28400
     -13.51188       3.21800
     -13.49888       4.32000
     -13.48688       5.22700
     -13.47388       5.61400
     -13.46088       5.32700
     -13.44888       4.46300
     -13.43588       3.30000
     -13.42388       2.15400
     -13.41088       1.24400
     -13.39888       0.64340
     -13.38588       0.32280
     -13.37288       0.21730
     -13.36088       0.28290
     -13.34788       0.51000
     -13.33588       0.90290
     -13.32288       1.44000
     -13.31088       2.04600
     -13.29788       2.59600
     -13.28488       2.97400
     -13.27288       3.14800
     -13.25988       3.21300
     -13.24788       3.35200
     -13.23488       3.75700
     -13.22288       4.53700
     -13.20988       5.68600
     -13.19688       7.09300
     -13.18488       8.55600
     -13.17188       9.80400
     -13.15988      10.55000
     -13.14688      10.61000
     -13.13488      10.04000
     -13.12188       9.16800
     -13.10888       8.48500
     -13.09688       8.37500
     -13.08388       8.93500
     -13.07188       9.93100
     -13.05888      10.94000
     -13.04688      11.52000
     -13.03388      11.41000
     -13.02088      10.54000
     -13.00888       9.04300
     -12.99588       7.22300
     -12.98388       5.42000
     -12.97088       3.91800
     -12.95888       2.86300
     -12.94588       2.22900
     -12.93288       1.87500
     -12.92088       1.62900
     -12.90788       1.37400
     -12.89588       1.08400
     -12.88288       0.80830
     -12.87088       0.62960
     -12.85788       0.63220
     -12.84588       0.88350
     -12.83288       1.42300
     -12.81988       2.24600
     -12.80788       3.28600
     -12.79488       4.41500
     -12.78288       5.46700
     -12.76988       6.27600
     -12.75788       6.70800
     -12.74488       6.69000
     -12.73188       6.24700
     -12.71988       5.52100
     -12.70688       4.77300
     -12.69488       4.30900
     -12.68188       4.37300
     -12.66988       5.02700
     -12.65688       6.11400
     -12.64388       7.32800
     -12.63188       8.37100
     -12.61888       9.08300
     -12.60688       9.47900
     -12.59388       9.66000
     -12.58188       9.69700
     -12.56888       9.56200
     -12.55588       9.17300
     -12.54388       8.50300
     -12.53088       7.66000
     -12.51888       6.90100
     -12.50588       6.55400
     -12.49388       6.91100
     -12.48088       8.11200
     -12.46788      10.08000
     -12.45588      12.51000
     -12.44288      14.95000
     -12.43088      16.91000
     -12.41788      18.03000
     -12.40588      18.15000
     -12.39288      17.38000
     -12.37988      15.95000
     -12.36788      14.18000
     -12.35488      12.29000
     -12.34288      10.36000
     -12.32988       8.41900
     -12.31788       6.47600
     -12.30488       4.64100
     -12.29188       3.07700
     -12.27988       1.93000
     -12.26688       1.27000
     -12.25488       1.07800
     -12.24188       1.28200
     -12.22988       1.78200
     -12.21688       2.45500
     -12.20388       3.16400
     -12.19188       3.77600
     -12.17888       4.20900
     -12.16688       4.47300
     -12.15388       4.69600
     -12.14188       5.08200
     -12.12888       5.83400
     -12.11688       7.08100
     -12.10388       8.84800
     -12.09088      11.07000
     -12.07888      13.59000
     -12.06588      16.15000
     -12.05388      18.41000
     -12.04088      19.97000
     -12.02888      20.55000
     -12.01588      20.12000
     -12.00288      18.89000
     -11.99088      17.22000
     -11.97788      15.41000
     -11.96588      13.62000
     -11.95288      11.95000
     -11.94088      10.54000
     -11.92788       9.53900
     -11.91488       8.95000
     -11.90288       8.59300
     -11.88988       8.17500
     -11.87788       7.50600
     -11.86488       6.65200
     -11.85288       5.90900
     -11.83988       5.62500
     -11.82688       6.01000
     -11.81488       7.05500
     -11.80188       8.53900
     -11.78988      10.12000
     -11.77688      11.46000
     -11.76488      12.28000
     -11.75188      12.54000
     -11.73888      12.34000
     -11.72688      11.92000
     -11.71388      11.50000
     -11.70188      11.20000
     -11.68888      11.08000
     -11.67688      11.19000
     -11.66388      11.56000
     -11.65088      12.23000
     -11.63888      13.15000
     -11.62588      14.15000
     -11.61388      14.98000
     -11.60088      15.29000
     -11.58888      14.86000
     -11.57588      13.72000
     -11.56288      12.22000
     -11.55088      10.97000
     -11.53788      10.54000
     -11.52588      11.21000
     -11.51288      12.85000
     -11.50088      14.98000
     -11.48788      16.94000
     -11.47488      18.09000
     -11.46288      18.05000
     -11.44988      16.79000
     -11.43788      14.68000
     -11.42488      12.37000
     -11.41288      10.57000
     -11.39988       9.75800
     -11.38788      10.08000
     -11.37488      11.30000
     -11.36188      12.96000
     -11.34988      14.56000
     -11.33688      15.68000
     -11.32488      16.12000
     -11.31188      15.85000
     -11.29988      15.00000
     -11.28688      13.77000
     -11.27388      12.44000
     -11.26188      11.36000
     -11.24888      10.95000
     -11.23688      11.51000
     -11.22388      13.16000
     -11.21188      15.68000
     -11.19888      18.57000
     -11.18588      21.12000
     -11.17388      22.72000
     -11.16088      22.96000
     -11.14888      21.77000
     -11.13588      19.46000
     -11.12388      16.62000
     -11.11088      13.94000
     -11.09788      11.98000
     -11.08588      11.01000
     -11.07288      10.94000
     -11.06088      11.44000
     -11.04788      12.06000
     -11.03588      12.39000
     -11.02288      12.21000
     -11.00988      11.52000
     -10.99788      10.58000
     -10.98488       9.86000
     -10.97288       9.75500
     -10.95988      10.45000
     -10.94788      11.80000
     -10.93488      13.40000
     -10.92188      14.75000
     -10.90988      15.43000
     -10.89688      15.23000
     -10.88488      14.18000
     -10.87188      12.52000
     -10.85988      10.65000
     -10.84688       8.94600
     -10.83388       7.67700
     -10.82188       6.93200
     -10.80888       6.68500
     -10.79688       6.92900
     -10.78388       7.74000
     -10.77188       9.21400
     -10.75888      11.30000
     -10.74688      13.70000
     -10.73388      15.91000
     -10.72088      17.44000
     -10.70888      17.98000
     -10.69588      17.46000
     -10.68388      16.01000
     -10.67088      13.88000
     -10.65888      11.35000
     -10.64588       8.75500
     -10.63288       6.44700
     -10.62088       4.75900
     -10.60788       3.93900
     -10.59588       4.08400
     -10.58288       5.11000
     -10.57088       6.77200
     -10.55788       8.73900
     -10.54488      10.71000
     -10.53288      12.46000
     -10.51988      13.86000
     -10.50788      14.79000
     -10.49488      15.12000
     -10.48288      14.76000
     -10.46988      13.85000
     -10.45688      12.71000
     -10.44488      11.75000
     -10.43188      11.27000
     -10.41988      11.33000
     -10.40688      11.71000
     -10.39488      12.02000
     -10.38188      11.93000
     -10.36888      11.32000
     -10.35688      10.34000
     -10.34388       9.33200
     -10.33188       8.67800
     -10.31888       8.58100
     -10.30688       8.98500
     -10.29388       9.62000
     -10.28088      10.14000
     -10.26888      10.29000
     -10.25588       9.99500
     -10.24388       9.37900
     -10.23088       8.66600
     -10.21888       8.06200
     -10.20588       7.66900
     -10.19288       7.47300
     -10.18088       7.42300
     -10.16788       7.52400
     -10.15588       7.88400
     -10.14288       8.65000
     -10.13088       9.88600
     -10.11788      11.47000
     -10.10488      13.13000
     -10.09288      14.52000
     -10.07988      15.41000
     -10.06788      15.67000
     -10.05488      15.25000
     -10.04288      14.20000
     -10.02988      12.68000
     -10.01788      10.99000
     -10.00488       9.56700
      -9.99188       8.75800
      -9.97988       8.72200
      -9.96688       9.35400
      -9.95488      10.33000
      -9.94188      11.20000
      -9.92988      11.52000
      -9.91688      10.98000
      -9.90388       9.57600
      -9.89188       7.57400
      -9.87888       5.45500
      -9.86688       3.71100
      -9.85388       2.71100
      -9.84188       2.65700
      -9.82888       3.60100
      -9.81588       5.42800
      -9.80388       7.81900
      -9.79088      10.24000
      -9.77888      12.07000
      -9.76588      12.79000
      -9.75388      12.23000
      -9.74088      10.61000
      -9.72788       8.41800
      -9.71588       6.24500
      -9.70288       4.58100
      -9.69088       3.73500
      -9.67788       3.81300
      -9.66588       4.74000
      -9.65288       6.27700
      -9.63988       8.04700
      -9.62788       9.59500
      -9.61488      10.50000
      -9.60288      10.51000
      -9.58988       9.66500
      -9.57788       8.27700
      -9.56488       6.78100
      -9.55188       5.56600
      -9.53988       4.83100
      -9.52688       4.55800
      -9.51488       4.56200
      -9.50188       4.60000
      -9.48988       4.48600
      -9.47688       4.19600
      -9.46388       3.89100
      -9.45188       3.84600
      -9.43888       4.30500
      -9.42688       5.31000
      -9.41388       6.62200
      -9.40188       7.78200
      -9.38888       8.31300
      -9.37588       7.95000
      -9.36388       6.76800
      -9.35088       5.11800
      -9.33888       3.43600
      -9.32588       2.04800
      -9.31388       1.08300
      -9.30088       0.50810
      -9.28888       0.21170
      -9.27588       0.07881
      -9.26288       0.02811
      -9.25088       0.01572
      -9.23788       0.02608
      -9.22588       0.06263
      -9.21288       0.14140
      -9.20088       0.28310
      -9.18788       0.50070
      -9.17488       0.78150
      -9.16288       1.07600
      -9.14988       1.30800
      -9.13788       1.40300
      -9.12488       1.32800
      -9.11288       1.10900
      -9.09988       0.81700
      -9.08688       0.53130
      -9.07488       0.30490
      -9.06188       0.15440
      -9.04988       0.06907
      -9.03688       0.02757
      -9.02488       0.01101
      -9.01188       0.00864
      -8.99888       0.01966
      -8.98688       0.05524
      -8.97388       0.14250
      -8.96188       0.32820
      -8.94888       0.67540
      -8.93688       1.24800
      -8.92388       2.08300
      -8.91088       3.16300
      -8.89888       4.40100
      -8.88588       5.64000
      -8.87388       6.68100
      -8.86088       7.33300
      -8.84888       7.48800
      -8.83588       7.21300
      -8.82288       6.77400
      -8.81088       6.55900
      -8.79788       6.90000
      -8.78588       7.91400
      -8.77288       9.44900
      -8.76088      11.17000
      -8.74788      12.69000
      -8.73488      13.72000
      -8.72288      14.06000
      -8.70988      13.69000
      -8.69788      12.73000
      -8.68488      11.47000
      -8.67288      10.24000
      -8.65988       9.36500
      -8.64688       8.98700
      -8.63488       9.10500
      -8.62188       9.58900
      -8.60988      10.27000
      -8.59688      11.00000
      -8.58488      11.68000
      -8.57188      12.29000
      -8.55988      12.81000
      -8.54688      13.23000
      -8.53388      13.51000
      -8.52188      13.64000
      -8.50888      13.65000
      -8.49688      13.67000
      -8.48388      13.78000
      -8.47188      14.03000
      -8.45888      14.33000
      -8.44588      14.60000
      -8.43388      14.76000
      -8.42088      14.85000
      -8.40888      14.90000
      -8.39588      14.88000
      -8.38388      14.68000
      -8.37088      14.28000
      -8.35788      13.77000
      -8.34588      13.41000
      -8.33288      13.40000
      -8.32088      13.74000
      -8.30788      14.18000
      -8.29588      14.35000
      -8.28288      13.96000
      -8.26988      12.91000
      -8.25788      11.32000
      -8.24488       9.50900
      -8.23288       7.85100
      -8.21988       6.68200
      -8.20788       6.18400
      -8.19488       6.35800
      -8.18188       7.08300
      -8.16988       8.20300
      -8.15688       9.59500
      -8.14488      11.20000
      -8.13188      12.99000
      -8.11988      14.96000
      -8.10688      17.03000
      -8.09388      18.96000
      -8.08188      20.33000
      -8.06888      20.72000
      -8.05688      19.89000
      -8.04388      17.98000
      -8.03188      15.50000
      -8.01888      13.09000
      -8.00588      11.24000
      -7.99388      10.17000
      -7.98088       9.83200
      -7.96888       9.99700
      -7.95588      10.38000
      -7.94388      10.65000
      -7.93088      10.51000
      -7.91888       9.77000
      -7.90588       8.43500
      -7.89288       6.75400
      -7.88088       5.13800
      -7.86788       3.98700
      -7.85588       3.54900
      -7.84288       3.85900
      -7.83088       4.78400
      -7.81788       6.14400
      -7.80488       7.80400
      -7.79288       9.71800
      -7.77988      11.87000
      -7.76788      14.17000
      -7.75488      16.42000
      -7.74288      18.29000
      -7.72988      19.41000
      -7.71688      19.48000
      -7.70488      18.36000
      -7.69188      16.18000
      -7.67988      13.28000
      -7.66688      10.16000
      -7.65488       7.36500
      -7.64188       5.38200
      -7.62888       4.57200
      -7.61688       5.14200
      -7.60388       7.08300
      -7.59188      10.10000
      -7.57888      13.57000
      -7.56688      16.70000
      -7.55388      18.74000
      -7.54088      19.26000
      -7.52888      18.33000
      -7.51588      16.42000
      -7.50388      14.21000
      -7.49088      12.37000
      -7.47888      11.43000
      -7.46588      11.68000
      -7.45288      13.07000
      -7.44088      15.17000
      -7.42788      17.21000
      -7.41588      18.39000
      -7.40288      18.16000
      -7.39088      16.48000
      -7.37788      13.83000
      -7.36488      10.90000
      -7.35288       8.27600
      -7.33988       6.24400
      -7.32788       4.78100
      -7.31488       3.73900
      -7.30288       3.00600
      -7.28988       2.56100
      -7.27688       2.43600
      -7.26488       2.64000
      -7.25188       3.12800
      -7.23988       3.82100
      -7.22688       4.64100
      -7.21488       5.53900
      -7.20188       6.50100
      -7.18988       7.51400
      -7.17688       8.51700
      -7.16388       9.34100
      -7.15188       9.72700
      -7.13888       9.43500
      -7.12688       8.38500
      -7.11388       6.74900
      -7.10188       4.88300
      -7.08888       3.17500
      -7.07588       1.89500
      -7.06388       1.15900
      -7.05088       0.98870
      -7.03888       1.41300
      -7.02588       2.51800
      -7.01388       4.42300
      -7.00088       7.17700
      -6.98788      10.63000
      -6.97588      14.35000
      -6.96288      17.67000
      -6.95088      19.94000
      -6.93788      20.72000
      -6.92588      20.02000
      -6.91288      18.21000
      -6.89988      15.85000
      -6.88788      13.38000
      -6.87488      11.06000
      -6.86288       8.97000
      -6.84988       7.07600
      -6.83788       5.37500
      -6.82488       3.92300
      -6.81188       2.82900
      -6.79988       2.21900
      -6.78688       2.19000
      -6.77488       2.77700
      -6.76188       3.91200
      -6.74988       5.42600
      -6.73688       7.07000
      -6.72388       8.58100
      -6.71188       9.75100
      -6.69888      10.46000
      -6.68688      10.67000
      -6.67388      10.42000
      -6.66188       9.79300
      -6.64888       8.99900
      -6.63588       8.28000
      -6.62388       7.82200
      -6.61088       7.63600
      -6.59888       7.53800
      -6.58588       7.26600
      -6.57388       6.68300
      -6.56088       5.91500
      -6.54788       5.35100
      -6.53588       5.48100
      -6.52288       6.65900
      -6.51088       8.88000
      -6.49788      11.72000
      -6.48588      14.47000
      -6.47288      16.49000
      -6.46088      17.47000
      -6.44788      17.52000
      -6.43488      16.93000
      -6.42288      15.89000
      -6.40988      14.45000
      -6.39788      12.61000
      -6.38488      10.53000
      -6.37288       8.56500
      -6.35988       7.05100
      -6.34688       6.15400
      -6.33488       5.81400
      -6.32188       5.84600
      -6.30988       6.07000
      -6.29688       6.38700
      -6.28488       6.78600
      -6.27188       7.29600
      -6.25888       7.91100
      -6.24688       8.52500
      -6.23388       8.91900
      -6.22188       8.83800
      -6.20888       8.12900
      -6.19688       6.83900
      -6.18388       5.21300
      -6.17088       3.58100
      -6.15888       2.21200
      -6.14588       1.24200
      -6.13388       0.68120
      -6.12088       0.49040
      -6.10888       0.65190
      -6.09588       1.20500
      -6.08288       2.21300
      -6.07088       3.67300
      -6.05788       5.41700
      -6.04588       7.08900
      -6.03288       8.25500
      -6.02088       8.62500
      -6.00788       8.23900
      -5.99488       7.47700
      -5.98288       6.85500
      -5.96988       6.73400
      -5.95788       7.13000
      -5.94488       7.76200
      -5.93288       8.27600
      -5.91988       8.47700
      -5.90688       8.40400
      -5.89488       8.20800
      -5.88188       7.99100
      -5.86988       7.73200
      -5.85688       7.37300
      -5.84488       6.92200
      -5.83188       6.47200
      -5.81988       6.13400
      -5.80688       5.94600
      -5.79388       5.85900
      -5.78188       5.78700
      -5.76888       5.65900
      -5.75688       5.44100
      -5.74388       5.11900
      -5.73188       4.68900
      -5.71888       4.17800
      -5.70588       3.67000
      -5.69388       3.30500
      -5.68088       3.21900
      -5.66888       3.44800
      -5.65588       3.87000
      -5.64388       4.24400
      -5.63088       4.32900
      -5.61788       4.02700
      -5.60588       3.43800
      -5.59288       2.80300
      -5.58088       2.37100
      -5.56788       2.26800
      -5.55588       2.44900
      -5.54288       2.73600
      -5.52988       2.92400
      -5.51788       2.90700
      -5.50488       2.73700
      -5.49288       2.61000
      -5.47988       2.75300
      -5.46788       3.29200
      -5.45488       4.14600
      -5.44188       5.03600
      -5.42988       5.60800
      -5.41688       5.61200
      -5.40488       5.04300
      -5.39188       4.14500
      -5.37988       3.28400
      -5.36688       2.77000
      -5.35388       2.74100
      -5.34188       3.16300
      -5.32888       3.91600
      -5.31688       4.91400
      -5.30388       6.17600
      -5.29188       7.79500
      -5.27888       9.80900
      -5.26588      12.05000
      -5.25388      14.07000
      -5.24088      15.28000
      -5.22888      15.17000
      -5.21588      13.64000
      -5.20388      11.02000
      -5.19088       7.97900
      -5.17788       5.18200
      -5.16588       3.07600
      -5.15288       1.81100
      -5.14088       1.32800
      -5.12788       1.48900
      -5.11588       2.16100
      -5.10288       3.23600
      -5.09088       4.61600
      -5.07788       6.19900
      -5.06488       7.85900
      -5.05288       9.42300
      -5.03988      10.67000
      -5.02788      11.39000
      -5.01488      11.45000
      -5.00288      10.88000
      -4.98988       9.81800
      -4.97688       8.46600
      -4.96488       7.01000
      -4.95188       5.61800
      -4.93988       4.45800
      -4.92688       3.69400
      -4.91488       3.43900
      -4.90188       3.70700
      -4.88888       4.38900
      -4.87688       5.25700
      -4.86388       6.00800
      -4.85188       6.35600
      -4.83888       6.15400
      -4.82688       5.47200
      -4.81388       4.57700
      -4.80088       3.78800
      -4.78888       3.31200
      -4.77588       3.14600
      -4.76388       3.12400
      -4.75088       3.04900
      -4.73888       2.82900
      -4.72588       2.52300
      -4.71288       2.28400
      -4.70088       2.24500
      -4.68788       2.42300
      -4.67588       2.69800
      -4.66288       2.87900
      -4.65088       2.81800
      -4.63788       2.48800
      -4.62488       1.99400
      -4.61288       1.51000
      -4.59988       1.19600
      -4.58788       1.14200
      -4.57488       1.37100
      -4.56288       1.87400
      -4.54988       2.66200
      -4.53688       3.78400
      -4.52488       5.28100
      -4.51188       7.10800
      -4.49988       9.05700
      -4.48688      10.80000
      -4.47488      12.03000
      -4.46188      12.64000
      -4.44888      12.77000
      -4.43688      12.70000
      -4.42388      12.66000
      -4.41188      12.71000
      -4.39888      12.81000
      -4.38688      12.87000
      -4.37388      12.90000
      -4.36188      12.91000
      -4.34888      12.95000
      -4.33588      13.15000
      -4.32388      13.75000
      -4.31088      15.02000
      -4.29888      17.19000
      -4.28588      20.26000
      -4.27388      23.93000
      -4.26088      27.57000
      -4.24788      30.45000
      -4.23588      31.91000
      -4.22288      31.62000
      -4.21088      29.77000
      -4.19788      26.94000
      -4.18588      23.88000
      -4.17288      21.24000
      -4.15988      19.38000
      -4.14788      18.44000
      -4.13488      18.37000
      -4.12288      19.03000
      -4.10988      20.12000
      -4.09788      21.16000
      -4.08488      21.66000
      -4.07188      21.33000
      -4.05988      20.29000
      -4.04688      18.98000
      -4.03488      17.87000
      -4.02188      17.13000
      -4.00988      16.58000
      -3.99688      15.84000
      -3.98388      14.66000
      -3.97188      13.12000
      -3.95888      11.59000
      -3.94688      10.61000
      -3.93388      10.61000
      -3.92188      11.77000
      -3.90888      13.84000
      -3.89588      16.24000
      -3.88388      18.21000
      -3.87088      19.18000
      -3.85888      19.01000
      -3.84588      17.95000
      -3.83388      16.48000
      -3.82088      14.96000
      -3.80788      13.56000
      -3.79588      12.35000
      -3.78288      11.59000
      -3.77088      11.70000
      -3.75788      13.12000
      -3.74588      15.91000
      -3.73288      19.59000
      -3.72088      23.16000
      -3.70788      25.63000
      -3.69488      26.43000
      -3.68288      25.68000
      -3.66988      24.04000
      -3.65788      22.32000
      -3.64488      21.20000
      -3.63288      21.01000
      -3.61988      21.76000
      -3.60688      23.11000
      -3.59488      24.56000
      -3.58188      25.66000
      -3.56988      26.19000
      -3.55688      26.17000
      -3.54488      25.79000
      -3.53188      25.19000
      -3.51888      24.51000
      -3.50688      23.87000
      -3.49388      23.37000
      -3.48188      22.99000
      -3.46888      22.59000
      -3.45688      22.00000
      -3.44388      21.22000
      -3.43088      20.56000
      -3.41888      20.51000
      -3.40588      21.43000
      -3.39388      23.25000
      -3.38088      25.37000
      -3.36888      26.89000
      -3.35588      27.04000
      -3.34288      25.66000
      -3.33088      23.29000
      -3.31788      20.92000
      -3.30588      19.37000
      -3.29288      18.91000
      -3.28088      19.24000
      -3.26788      19.89000
      -3.25488      20.57000
      -3.24288      21.40000
      -3.22988      22.64000
      -3.21788      24.43000
      -3.20488      26.57000
      -3.19288      28.56000
      -3.17988      29.80000
      -3.16688      29.82000
      -3.15488      28.49000
      -3.14188      26.06000
      -3.12988      23.04000
      -3.11688      20.04000
      -3.10488      17.53000
      -3.09188      15.67000
      -3.07888      14.35000
      -3.06688      13.38000
      -3.05388      12.68000
      -3.04188      12.49000
      -3.02888      13.18000
      -3.01688      15.00000
      -3.00388      17.77000
      -2.99188      20.81000
      -2.97888      23.29000
      -2.96588      24.58000
      -2.95388      24.60000
      -2.94088      23.83000
      -2.92888      22.97000
      -2.91588      22.53000
      -2.90388      22.59000
      -2.89088      22.85000
      -2.87788      22.96000
      -2.86588      22.76000
      -2.85288      22.48000
      -2.84088      22.58000
      -2.82788      23.45000
      -2.81588      25.21000
      -2.80288      27.52000
      -2.78988      29.72000
      -2.77788      31.02000
      -2.76488      30.81000
      -2.75288      28.94000
      -2.73988      25.81000
      -2.72788      22.22000
      -2.71488      19.07000
      -2.70188      17.07000
      -2.68988      16.56000
      -2.67688      17.45000
      -2.66488      19.34000
      -2.65188      21.60000
      -2.63988      23.70000
      -2.62688      25.31000
      -2.61388      26.40000
      -2.60188      27.10000
      -2.58888      27.46000
      -2.57688      27.45000
      -2.56388      26.94000
      -2.55188      25.93000
      -2.53888      24.63000
      -2.52588      23.35000
      -2.51388      22.43000
      -2.50088      22.06000
      -2.48888      22.24000
      -2.47588      22.73000
      -2.46388      23.12000
      -2.45088      22.96000
      -2.43788      22.05000
      -2.42588      20.55000
      -2.41288      18.91000
      -2.40088      17.72000
      -2.38788      17.49000
      -2.37588      18.52000
      -2.36288      20.81000
      -2.34988      23.96000
      -2.33788      27.13000
      -2.32488      29.30000
      -2.31288      29.67000
      -2.29988      28.05000
      -2.28788      25.06000
      -2.27488      21.83000
      -2.26288      19.48000
      -2.24988      18.67000
      -2.23688      19.35000
      -2.22488      20.91000
      -2.21188      22.58000
      -2.19988      23.81000
      -2.18688      24.50000
      -2.17488      24.94000
      -2.16188      25.53000
      -2.14888      26.44000
      -2.13688      27.49000
      -2.12388      28.23000
      -2.11188      28.22000
      -2.09888      27.25000
      -2.08688      25.44000
      -2.07388      23.12000
      -2.06088      20.79000
      -2.04888      18.89000
      -2.03588      17.70000
      -2.02388      17.24000
      -2.01088      17.31000
      -1.99888      17.64000
      -1.98588      18.11000
      -1.97288      18.75000
      -1.96088      19.68000
      -1.94788      20.96000
      -1.93588      22.54000
      -1.92288      24.28000
      -1.91088      25.98000
      -1.89788      27.30000
      -1.88488      27.86000
      -1.87288      27.30000
      -1.85988      25.54000
      -1.84788      22.93000
      -1.83488      20.13000
      -1.82288      17.83000
      -1.80988      16.42000
      -1.79688      15.88000
      -1.78488      15.94000
      -1.77188      16.30000
      -1.75988      16.81000
      -1.74688      17.52000
      -1.73488      18.46000
      -1.72188      19.54000
      -1.70888      20.38000
      -1.69688      20.43000
      -1.68388      19.31000
      -1.67188      17.05000
      -1.65888      14.13000
      -1.64688      11.27000
      -1.63388       9.03400
      -1.62188       7.64400
      -1.60888       7.03500
      -1.59588       7.06400
      -1.58388       7.62100
      -1.57088       8.61100
      -1.55888       9.89200
      -1.54588      11.28000
      -1.53388      12.64000
      -1.52088      13.93000
      -1.50788      15.18000
      -1.49588      16.32000
      -1.48288      17.24000
      -1.47088      17.81000
      -1.45788      18.15000
      -1.44588      18.54000
      -1.43288      19.30000
      -1.41988      20.43000
      -1.40788      21.51000
      -1.39488      21.98000
      -1.38288      21.53000
      -1.36988      20.34000
      -1.35788      19.03000
      -1.34488      18.26000
      -1.33188      18.32000
      -1.31988      18.98000
      -1.30688      19.65000
      -1.29488      19.74000
      -1.28188      18.93000
      -1.26988      17.31000
      -1.25688      15.27000
      -1.24388      13.41000
      -1.23188      12.38000
      -1.21888      12.64000
      -1.20688      14.26000
      -1.19388      16.74000
      -1.18188      19.17000
      -1.16888      20.60000
      -1.15588      20.61000
      -1.14388      19.49000
      -1.13088      18.07000
      -1.11888      17.11000
      -1.10588      16.90000
      -1.09388      17.12000
      -1.08088      17.18000
      -1.06788      16.68000
      -1.05588      15.62000
      -1.04288      14.29000
      -1.03088      13.02000
      -1.01788      11.90000
      -1.00588      10.83000
      -0.99288       9.69900
      -0.97988       8.50000
      -0.96788       7.39600
      -0.95488       6.58900
      -0.94288       6.18200
      -0.92988       6.10800
      -0.91788       6.18600
      -0.90488       6.26800
      -0.89288       6.39000
      -0.87988       6.80200
      -0.86688       7.85400
      -0.85488       9.75300
      -0.84188      12.36000
      -0.82988      15.15000
      -0.81688      17.38000
      -0.80488      18.41000
      -0.79188      17.92000
      -0.77888      16.09000
      -0.76688      13.42000
      -0.75388      10.58000
      -0.74188       8.11200
      -0.72888       6.31900
      -0.71688       5.23700
      -0.70388       4.75800
      -0.69088       4.77800
      -0.67888       5.26100
      -0.66588       6.17400
      -0.65388       7.37400
      -0.64088       8.55800
      -0.62888       9.35600
      -0.61588       9.51700
      -0.60288       9.05300
      -0.59088       8.23500
      -0.57788       7.44000
      -0.56588       6.94200
      -0.55288       6.77500
      -0.54088       6.75100
      -0.52788       6.60900
      -0.51488       6.18000
      -0.50288       5.47500
      -0.48988       4.66400
      -0.47788       3.97600
      -0.46488       3.59800
      -0.45288       3.59600
      -0.43988       3.88100
      -0.42688       4.22900
      -0.41488       4.38100
      -0.40188       4.16200
      -0.38988       3.57100
      -0.37688       2.77200
      -0.36488       2.00700
      -0.35188       1.48700
      -0.33888       1.33200
      -0.32688       1.55900
      -0.31388       2.10100
      -0.30188       2.83000
      -0.28888       3.57800
      -0.27688       4.17500
      -0.26388       4.48400
      -0.25088       4.44700
      -0.23888       4.08700
      -0.22588       3.49000
      -0.21388       2.77200
      -0.20088       2.04300
      -0.18888       1.39000
      -0.17588       0.86670
      -0.16388       0.49150
      -0.15088       0.25160
      -0.13788       0.11560
      -0.12588       0.04740
      -0.11288       0.01730
      -0.10088       0.00560
      -0.08788       0.00161
      -0.07588       0.00041
      -0.06288       0.00009
      -0.04988       0.00002
      -0.03788       0.00000
      -0.02488       0.00000
      -0.01288       0.00000
       0.00012       0.00000
       0.01212       0.00000
       0.02512       0.00000
       0.03812       0.00000
       0.05012       0.00000
       0.06312       0.00000
       0.07512       0.00000
       0.08812       0.00000
       0.10012       0.00000
       0.11312       0.00000
       0.12612       0.00000
       0.13812       0.00001
       0.15112       0.00003
       0.16312       0.00015
       0.17612       0.00062
       0.18812       0.00235
       0.20112       0.00783
       0.21412       0.02298
       0.22612       0.05954
       0.23912       0.13620
       0.25112       0.27530
       0.26412       0.49190
       0.27612       0.77960
       0.28912       1.10100
       0.30212       1.40300
       0.31412       1.64400
       0.32712       1.83500
       0.33912       2.03600
       0.35212       2.31400
       0.36412       2.68300
       0.37712       3.07200
       0.39012       3.36200
       0.40212       3.45500
       0.41512       3.32200
       0.42712       3.00200
       0.44012       2.56500
       0.45212       2.07000
       0.46512       1.56600
       0.47712       1.09800
       0.49012       0.70300
       0.50312       0.40710
       0.51512       0.21180
       0.52812       0.10030
       0.54012       0.04901
       0.55312       0.04059
       0.56512       0.07114
       0.57812       0.15090
       0.59112       0.29730
       0.60312       0.52050
       0.61612       0.80520
       0.62812       1.10100
       0.64112       1.33300
       0.65312       1.44100
       0.66612       1.41500
       0.67912       1.32200
       0.69112       1.27800
       0.70412       1.39600
       0.71612       1.72200
       0.72912       2.19800
       0.74112       2.69300
       0.75412       3.06600
       0.76712       3.26300
       0.77912       3.35400
       0.79212       3.49500
       0.80412       3.82700
       0.81712       4.39100
       0.82912       5.10000
       0.84212       5.79600
       0.85512       6.32800
       0.86712       6.63300
       0.88012       6.77600
       0.89212       6.91700
       0.90512       7.21700
       0.91712       7.72700
       0.93012       8.34600
       0.94312       8.89700
       0.95512       9.25000
       0.96812       9.39300
       0.98012       9.39600
       0.99312       9.33800
       1.00512       9.27000
       1.01812       9.23500
       1.03112       9.26900
       1.04312       9.37200
       1.05612       9.47900
       1.06812       9.49900
       1.08112       9.38600
       1.09312       9.16800
       1.10612       8.90000
       1.11912       8.59000
       1.13112       8.18100
       1.14412       7.62900
       1.15612       6.98700
       1.16912       6.40700
       1.18112       6.03100
       1.19412       5.87600
       1.20612       5.80300
       1.21912       5.60800
       1.23212       5.14800
       1.24412       4.43400
       1.25712       3.61100
       1.26912       2.86600
       1.28212       2.32200
       1.29412       1.98800
       1.30712       1.78700
       1.32012       1.62700
       1.33212       1.48100
       1.34512       1.40000
       1.35712       1.48700
       1.37012       1.83200
       1.38212       2.45100
       1.39512       3.26500
       1.40812       4.10600
       1.42012       4.77100
       1.43312       5.10200
       1.44512       5.07600
       1.45812       4.85100
       1.47012       4.74400
       1.48312       5.11800
       1.49612       6.20200
       1.50812       7.93100
       1.52112       9.90000
       1.53312      11.50000
       1.54612      12.18000
       1.55812      11.72000
       1.57112      10.32000
       1.58412       8.44400
       1.59612       6.64900
       1.60912       5.34800
       1.62112       4.76600
       1.63412       4.96200
       1.64612       5.85000
       1.65912       7.21100
       1.67212       8.71100
       1.68412       9.99400
       1.69712      10.81000
       1.70912      11.11000
       1.72212      11.04000
       1.73412      10.82000
       1.74712      10.62000
       1.76012      10.53000
       1.77212      10.54000
       1.78512      10.62000
       1.79712      10.69000
       1.81012      10.67000
       1.82212      10.50000
       1.83512      10.25000
       1.84812      10.09000
       1.86012      10.31000
       1.87312      11.12000
       1.88512      12.56000
       1.89812      14.41000
       1.91012      16.27000
       1.92312      17.67000
       1.93512      18.32000
       1.94812      18.16000
       1.96112      17.41000
       1.97312      16.38000
       1.98612      15.38000
       1.99812      14.63000
       2.01112      14.20000
       2.02312      14.08000
       2.03612      14.25000
       2.04912      14.71000
       2.06112      15.56000
       2.07412      16.90000
       2.08612      18.75000
       2.09912      20.92000
       2.11112      23.00000
       2.12412      24.56000
       2.13712      25.32000
       2.14912      25.23000
       2.16212      24.42000
       2.17412      23.19000
       2.18712      21.82000
       2.19912      20.58000
       2.21212      19.60000
       2.22512      18.94000
       2.23712      18.58000
       2.25012      18.55000
       2.26212      19.01000
       2.27512      20.15000
       2.28712      22.04000
       2.30012      24.45000
       2.31312      26.87000
       2.32512      28.74000
       2.33812      29.65000
       2.35012      29.52000
       2.36312      28.47000
       2.37512      26.76000
       2.38812      24.56000
       2.40112      21.99000
       2.41312      19.17000
       2.42612      16.26000
       2.43812      13.54000
       2.45112      11.36000
       2.46312      10.13000
       2.47612      10.10000
       2.48912      11.24000
       2.50112      13.22000
       2.51412      15.55000
       2.52612      17.79000
       2.53912      19.77000
       2.55112      21.61000
       2.56412      23.44000
       2.57612      25.22000
       2.58912      26.60000
       2.60212      27.18000
       2.61412      26.73000
       2.62712      25.49000
       2.63912      23.97000
       2.65212      22.76000
       2.66412      22.18000
       2.67712      22.21000
       2.69012      22.58000
       2.70212      23.04000
       2.71512      23.42000
       2.72712      23.69000
       2.74012      23.81000
       2.75212      23.59000
       2.76512      22.74000
       2.77812      21.05000
       2.79012      18.62000
       2.80312      15.94000
       2.81512      13.72000
       2.82812      12.54000
       2.84012      12.65000
       2.85312      13.95000
       2.86612      16.18000
       2.87812      19.00000
       2.89112      22.05000
       2.90312      24.90000
       2.91612      27.18000
       2.92812      28.66000
       2.94112      29.42000
       2.95412      29.73000
       2.96612      29.92000
       2.97912      30.15000
       2.99112      30.25000
       3.00412      29.76000
       3.01612      28.21000
       3.02912      25.55000
       3.04212      22.34000
       3.05412      19.60000
       3.06712      18.36000
       3.07912      19.11000
       3.09212      21.62000
       3.10412      25.05000
       3.11712      28.40000
       3.13012      30.89000
       3.14212      32.20000
       3.15512      32.49000
       3.16712      32.04000
       3.18012      31.08000
       3.19212      29.63000
       3.20512      27.59000
       3.21812      24.92000
       3.23012      21.77000
       3.24312      18.49000
       3.25512      15.58000
       3.26812      13.60000
       3.28012      13.01000
       3.29312      13.96000
       3.30512      16.13000
       3.31812      18.75000
       3.33112      20.89000
       3.34312      21.91000
       3.35612      21.81000
       3.36812      21.12000
       3.38112      20.57000
       3.39312      20.59000
       3.40612      21.10000
       3.41912      21.63000
       3.43112      21.62000
       3.44412      20.81000
       3.45612      19.36000
       3.46912      17.77000
       3.48112      16.63000
       3.49412      16.34000
       3.50712      17.02000
       3.51912      18.44000
       3.53212      20.15000
       3.54412      21.51000
       3.55712      21.95000
       3.56912      21.16000
       3.58212      19.27000
       3.59512      16.84000
       3.60712      14.48000
       3.62012      12.60000
       3.63212      11.35000
       3.64512      10.81000
       3.65712      11.12000
       3.67012      12.46000
       3.68312      14.83000
       3.69512      17.96000
       3.70812      21.28000
       3.72012      24.20000
       3.73312      26.29000
       3.74512      27.39000
       3.75812      27.54000
       3.77112      26.88000
       3.78312      25.55000
       3.79612      23.72000
       3.80812      21.62000
       3.82112      19.61000
       3.83312      18.16000
       3.84612      17.76000
       3.85912      18.72000
       3.87112      20.99000
       3.88412      24.10000
       3.89612      27.20000
       3.90912      29.40000
       3.92112      30.06000
       3.93412      29.02000
       3.94712      26.63000
       3.95912      23.54000
       3.97212      20.58000
       3.98412      18.54000
       3.99712      17.97000
       4.00912      18.99000
       4.02212      21.24000
       4.03412      24.06000
       4.04712      26.73000
       4.06012      28.84000
       4.07212      30.28000
       4.08512      31.20000
       4.09712      31.82000
       4.11012      32.29000
       4.12212      32.65000
       4.13512      32.73000
       4.14812      32.22000
       4.16012      30.82000
       4.17312      28.48000
       4.18512      25.57000
       4.19812      22.87000
       4.21012      21.31000
       4.22312      21.63000
       4.23612      24.06000
       4.24812      28.16000
       4.26112      32.88000
       4.27312      36.82000
       4.28612      38.70000
       4.29812      37.94000
       4.31112      34.86000
       4.32412      30.58000
       4.33612      26.48000
       4.34912      23.61000
       4.36112      22.36000
       4.37412      22.53000
       4.38612      23.53000
       4.39912      24.76000
       4.41212      25.76000
       4.42412      26.22000
       4.43712      25.95000
       4.44912      24.89000
       4.46212      23.09000
       4.47412      20.88000
       4.48712      18.83000
       4.50012      17.67000
       4.51212      18.04000
       4.52512      20.25000
       4.53712      24.05000
       4.55012      28.62000
       4.56212      32.90000
       4.57512      36.01000
       4.58812      37.64000
       4.60012      37.98000
       4.61312      37.53000
       4.62512      36.65000
       4.63812      35.49000
       4.65012      34.06000
       4.66312      32.48000
       4.67612      31.00000
       4.68812      29.89000
       4.70112      29.25000
       4.71312      28.99000
       4.72612      28.96000
       4.73812      29.15000
       4.75112      29.70000
       4.76312      30.66000
       4.77612      31.83000
       4.78912      32.74000
       4.80112      32.93000
       4.81412      32.23000
       4.82612      30.85000
       4.83912      29.27000
       4.85112      27.99000
       4.86412      27.40000
       4.87712      27.75000
       4.88912      29.17000
       4.90212      31.59000
       4.91412      34.67000
       4.92712      37.78000
       4.93912      40.15000
       4.95212      41.11000
       4.96512      40.41000
       4.97712      38.34000
       4.99012      35.61000
       5.00212      33.05000
       5.01512      31.21000
       5.02712      30.18000
       5.04012      29.60000
       5.05312      28.93000
       5.06512      27.81000
       5.07812      26.26000
       5.09012      24.68000
       5.10312      23.56000
       5.11512      23.22000
       5.12812      23.61000
       5.14112      24.36000
       5.15312      25.08000
       5.16612      25.52000
       5.17812      25.80000
       5.19112      26.27000
       5.20312      27.28000
       5.21612      28.96000
       5.22912      31.16000
       5.24112      33.51000
       5.25412      35.65000
       5.26612      37.35000
       5.27912      38.59000
       5.29112      39.45000
       5.30412      39.99000
       5.31712      40.12000
       5.32912      39.56000
       5.34212      38.02000
       5.35412      35.37000
       5.36712      31.86000
       5.37912      28.21000
       5.39212      25.34000
       5.40412      24.07000
       5.41712      24.68000
       5.43012      26.81000
       5.44212      29.57000
       5.45512      31.89000
       5.46712      32.96000
       5.48012      32.58000
       5.49212      31.24000
       5.50512      29.87000
       5.51812      29.38000
       5.53012      30.15000
       5.54312      31.91000
       5.55512      33.94000
       5.56812      35.42000
       5.58012      35.90000
       5.59312      35.36000
       5.60612      34.14000
       5.61812      32.72000
       5.63112      31.51000
       5.64312      30.81000
       5.65612      30.81000
       5.66812      31.55000
       5.68112      32.95000
       5.69412      34.73000
       5.70612      36.51000
       5.71912      37.86000
       5.73112      38.46000
       5.74412      38.08000
       5.75612      36.74000
       5.76912      34.65000
       5.78212      32.19000
       5.79412      29.75000
       5.80712      27.63000
       5.81912      25.96000
       5.83212      24.69000
       5.84412      23.64000
       5.85712      22.58000
       5.87012      21.25000
       5.88212      19.57000
       5.89512      17.65000
       5.90712      15.79000
       5.92012      14.36000
       5.93212      13.54000
       5.94512      13.18000
       5.95812      12.90000
       5.97012      12.24000
       5.98312      10.96000
       5.99512       9.09300
       6.00812       6.93800
       6.02012       4.84400
       6.03312       3.08500
       6.04612       1.78600
       6.05812       0.93680
       6.07112       0.44340
       6.08312       0.18860
       6.09612       0.07186
       6.10812       0.02445
       6.12112       0.00741
       6.13312       0.00199
       6.14612       0.00048
       6.15912       0.00010
       6.17112       0.00002
       6.18412       0.00000
       6.19612       0.00000
       6.20912       0.00000
       6.22112       0.00000
       6.23412       0.00000
       6.24712       0.00000
       6.25912       0.00000
       6.27212       0.00000
       6.28412       0.00000
       6.29712       0.00000
       6.30912       0.00000
       6.32212       0.00000
       6.33512       0.00000
       6.34712       0.00000
       6.36012       0.00000
       6.37212       0.00000
       6.38512       0.00000
       6.39712       0.00000
       6.41012       0.00000
       6.42312       0.00000
       6.43512       0.00000
       6.44812       0.00000
       6.46012       0.00000
       6.47312       0.00000
       6.48512       0.00000
       6.49812       0.00000
       6.51112       0.00000
       6.52312       0.00000
       6.53612       0.00000
       6.54812       0.00000
       6.56112       0.00000
       6.57312       0.00000
       6.58612       0.00000
       6.59912       0.00000
       6.61112       0.00000
       6.62412       0.00000
       6.63612       0.00000
       6.64912       0.00000
       6.66112       0.00000
       6.67412       0.00000
       6.68712       0.00000
       6.69912       0.00000
       6.71212       0.00000
       6.72412       0.00000
       6.73712       0.00000
       6.74912       0.00000
       6.76212       0.00000
       6.77512       0.00000
       6.78712       0.00000
       6.80012       0.00000
       6.81212       0.00000
       6.82512       0.00000
       6.83712       0.00000
       6.85012       0.00000
       6.86212       0.00000
       6.87512       0.00000
       6.88812       0.00000
       6.90012       0.00000
       6.91312       0.00000
       6.92512       0.00000
       6.93812       0.00000
       6.95012       0.00000
       6.96312       0.00000
       6.97612       0.00000
       6.98812       0.00000
       7.00112       0.00000
       7.01312       0.00000
       7.02612       0.00000
       7.03812       0.00000
       7.05112       0.00000
       7.06412       0.00000
       7.07612       0.00000
       7.08912       0.00000
       7.10112       0.00000
       7.11412       0.00000
       7.12612       0.00000
       7.13912       0.00000
       7.15212       0.00000
       7.16412       0.00000
       7.17712       0.00000
       7.18912       0.00000
       7.20212       0.00000
       7.21412       0.00000
       7.22712       0.00000
       7.24012       0.00000
       7.25212       0.00000
       7.26512       0.00000
       7.27712       0.00000
       7.29012       0.00000
       7.30212       0.00000
       7.31512       0.00000
       7.32812       0.00000
       7.34012       0.00000
       7.35312       0.00000
       7.36512       0.00000
       7.37812       0.00000
       7.39012       0.00000
       7.40312       0.00000
       7.41612       0.00000
       7.42812       0.00000
       7.44112       0.00000
       7.45312       0.00000
       7.46612       0.00000
       7.47812       0.00000
       7.49112       0.00000
       7.50312       0.00000
       7.51612       0.00000
       7.52912       0.00000
       7.54112       0.00000
       7.55412       0.00000
       7.56612       0.00000
       7.57912       0.00000
       7.59112       0.00000
       7.60412       0.00000
       7.61712       0.00000
       7.62912       0.00000
       7.64212       0.00000
       7.65412       0.00000
       7.66712       0.00000
       7.67912       0.00000
       7.69212       0.00000
       7.70512       0.00000
