      #Energy        TDOS
     -26.48439       0.00000
     -26.47139       0.00000
     -26.45939       0.00000
     -26.44739       0.00000
     -26.43439       0.00000
     -26.42239       0.00000
     -26.41039       0.00000
     -26.39739       0.00000
     -26.38539       0.00000
     -26.37339       0.00000
     -26.36039       0.00000
     -26.34839       0.00000
     -26.33639       0.00000
     -26.32339       0.00000
     -26.31139       0.00000
     -26.29939       0.00000
     -26.28639       0.00000
     -26.27439       0.00000
     -26.26139       0.00000
     -26.24939       0.00000
     -26.23739       0.00000
     -26.22439       0.00000
     -26.21239       0.00000
     -26.20039       0.00000
     -26.18739       0.00000
     -26.17539       0.00000
     -26.16339       0.00000
     -26.15039       0.00000
     -26.13839       0.00000
     -26.12639       0.00000
     -26.11339       0.00000
     -26.10139       0.00000
     -26.08839       0.00000
     -26.07639       0.00000
     -26.06439       0.00000
     -26.05139       0.00000
     -26.03939       0.00000
     -26.02739       0.00000
     -26.01439       0.00000
     -26.00239       0.00000
     -25.99039       0.00000
     -25.97739       0.00000
     -25.96539       0.00000
     -25.95339       0.00000
     -25.94039       0.00000
     -25.92839       0.00000
     -25.91639       0.00000
     -25.90339       0.00000
     -25.89139       0.00000
     -25.87839       0.00000
     -25.86639       0.00000
     -25.85439       0.00000
     -25.84139       0.00000
     -25.82939       0.00000
     -25.81739       0.00000
     -25.80439       0.00000
     -25.79239       0.00000
     -25.78039       0.00000
     -25.76739       0.00000
     -25.75539       0.00000
     -25.74339       0.00000
     -25.73039       0.00000
     -25.71839       0.00000
     -25.70539       0.00000
     -25.69339       0.00000
     -25.68139       0.00000
     -25.66839       0.00000
     -25.65639       0.00000
     -25.64439       0.00000
     -25.63139       0.00000
     -25.61939       0.00000
     -25.60739       0.00000
     -25.59439       0.00000
     -25.58239       0.00000
     -25.57039       0.00000
     -25.55739       0.00000
     -25.54539       0.00000
     -25.53339       0.00000
     -25.52039       0.00000
     -25.50839       0.00000
     -25.49539       0.00000
     -25.48339       0.00000
     -25.47139       0.00000
     -25.45839       0.00000
     -25.44639       0.00000
     -25.43439       0.00000
     -25.42139       0.00000
     -25.40939       0.00000
     -25.39739       0.00000
     -25.38439       0.00000
     -25.37239       0.00000
     -25.36039       0.00000
     -25.34739       0.00000
     -25.33539       0.00000
     -25.32239       0.00000
     -25.31039       0.00000
     -25.29839       0.00000
     -25.28539       0.00000
     -25.27339       0.00000
     -25.26139       0.00000
     -25.24839       0.00000
     -25.23639       0.00000
     -25.22439       0.00000
     -25.21139       0.00000
     -25.19939       0.00000
     -25.18739       0.00000
     -25.17439       0.00000
     -25.16239       0.00000
     -25.15039       0.00000
     -25.13739       0.00000
     -25.12539       0.00000
     -25.11239       0.00000
     -25.10039       0.00000
     -25.08839       0.00000
     -25.07539       0.00000
     -25.06339       0.00000
     -25.05139       0.00000
     -25.03839       0.00000
     -25.02639       0.00000
     -25.01439       0.00000
     -25.00139       0.00000
     -24.98939       0.00000
     -24.97739       0.00000
     -24.96439       0.00000
     -24.95239       0.00000
     -24.93939       0.00000
     -24.92739       0.00000
     -24.91539       0.00000
     -24.90239       0.00000
     -24.89039       0.00000
     -24.87839       0.00000
     -24.86539       0.00000
     -24.85339       0.00000
     -24.84139       0.00000
     -24.82839       0.00000
     -24.81639       0.00000
     -24.80439       0.00000
     -24.79139       0.91057
     -24.77939       3.26112
     -24.76639       5.12865
     -24.75439       5.68153
     -24.74239       6.02223
     -24.72939       6.48393
     -24.71739       6.98073
     -24.70539       7.59410
     -24.69239       8.24478
     -24.68039       9.02438
     -24.66839       9.94940
     -24.65539      10.78819
     -24.64339      11.60189
     -24.63139      12.16695
     -24.61839      12.66640
     -24.60639      13.40851
     -24.59439      14.16693
     -24.58139      14.92299
     -24.56939      16.02883
     -24.55639      17.36627
     -24.54439      18.28548
     -24.53239      18.75411
     -24.51939      19.02524
     -24.50739      19.36952
     -24.49539      20.48271
     -24.48239      22.51944
     -24.47039      23.96189
     -24.45839      24.22938
     -24.44539      24.22938
     -24.43339      24.22938
     -24.42139      24.22938
     -24.40839      24.22938
     -24.39639      24.22938
     -24.38339      24.22938
     -24.37139      24.22938
     -24.35939      24.22938
     -24.34639      24.22938
     -24.33439      24.22938
     -24.32239      24.22938
     -24.30939      24.22938
     -24.29739      24.22938
     -24.28539      24.22938
     -24.27239      24.22938
     -24.26039      24.22938
     -24.24839      24.22938
     -24.23539      24.22938
     -24.22339      24.22938
     -24.21139      24.22938
     -24.19839      24.22938
     -24.18639      24.22938
     -24.17339      24.22938
     -24.16139      24.22938
     -24.14939      24.22938
     -24.13639      24.22938
     -24.12439      24.22938
     -24.11239      24.22938
     -24.09939      24.22938
     -24.08739      24.22938
     -24.07539      24.22938
     -24.06239      24.22938
     -24.05039      24.22938
     -24.03839      24.22938
     -24.02539      24.22938
     -24.01339      24.22938
     -24.00039      24.22938
     -23.98839      24.22938
     -23.97639      24.22938
     -23.96339      24.22938
     -23.95139      24.22938
     -23.93939      24.22938
     -23.92639      24.22938
     -23.91439      24.22938
     -23.90239      24.22938
     -23.88939      24.22938
     -23.87739      24.22938
     -23.86539      24.22938
     -23.85239      24.22938
     -23.84039      24.22938
     -23.82839      24.22938
     -23.81539      24.22938
     -23.80339      24.22938
     -23.79039      24.22938
     -23.77839      24.22938
     -23.76639      24.22938
     -23.75339      24.22938
     -23.74139      24.22938
     -23.72939      24.22938
     -23.71639      24.22938
     -23.70439      24.22938
     -23.69239      24.22938
     -23.67939      24.22938
     -23.66739      24.22938
     -23.65539      24.22938
     -23.64239      24.22938
     -23.63039      24.22938
     -23.61739      24.22938
     -23.60539      24.22938
     -23.59339      24.22938
     -23.58039      24.22938
     -23.56839      24.22938
     -23.55639      24.22938
     -23.54339      24.22938
     -23.53139      24.22938
     -23.51939      24.22938
     -23.50639      24.22938
     -23.49439      24.22938
     -23.48239      24.22938
     -23.46939      24.22938
     -23.45739      24.22938
     -23.44539      24.22938
     -23.43239      24.22938
     -23.42039      24.22938
     -23.40739      24.22938
     -23.39539      24.22938
     -23.38339      24.22938
     -23.37039      24.22938
     -23.35839      24.22938
     -23.34639      24.22938
     -23.33339      24.22938
     -23.32139      24.22938
     -23.30939      24.22938
     -23.29639      24.22938
     -23.28439      24.22938
     -23.27239      24.22938
     -23.25939      24.22938
     -23.24739      24.22938
     -23.23439      24.22938
     -23.22239      24.22938
     -23.21039      24.22938
     -23.19739      24.22938
     -23.18539      24.22938
     -23.17339      24.22938
     -23.16039      24.22938
     -23.14839      24.22938
     -23.13639      24.22938
     -23.12339      24.22938
     -23.11139      24.22938
     -23.09939      24.22938
     -23.08639      24.22938
     -23.07439      24.22938
     -23.06139      24.22938
     -23.04939      24.22938
     -23.03739      24.22938
     -23.02439      24.22938
     -23.01239      24.22938
     -23.00039      24.22938
     -22.98739      24.22938
     -22.97539      24.22938
     -22.96339      24.22938
     -22.95039      24.22938
     -22.93839      24.22938
     -22.92639      24.22938
     -22.91339      24.22938
     -22.90139      24.22938
     -22.88939      24.22938
     -22.87639      24.22938
     -22.86439      24.22938
     -22.85139      24.22938
     -22.83939      24.22938
     -22.82739      24.22938
     -22.81439      24.22938
     -22.80239      24.22938
     -22.79039      24.22938
     -22.77739      24.22938
     -22.76539      24.22938
     -22.75339      24.22938
     -22.74039      24.22938
     -22.72839      24.22938
     -22.71639      24.22938
     -22.70339      24.22938
     -22.69139      24.22938
     -22.67839      24.22938
     -22.66639      24.22938
     -22.65439      24.22938
     -22.64139      24.22938
     -22.62939      24.22938
     -22.61739      24.22938
     -22.60439      24.22938
     -22.59239      24.22938
     -22.58039      24.22938
     -22.56739      24.22938
     -22.55539      24.22938
     -22.54339      24.22938
     -22.53039      24.22938
     -22.51839      24.22938
     -22.50639      24.22938
     -22.49339      24.22938
     -22.48139      24.22938
     -22.46839      24.22938
     -22.45639      24.22938
     -22.44439      24.22938
     -22.43139      24.22938
     -22.41939      24.22938
     -22.40739      24.22938
     -22.39439      24.22938
     -22.38239      24.22938
     -22.37039      24.22938
     -22.35739      24.22938
     -22.34539      24.22938
     -22.33339      24.22938
     -22.32039      24.22938
     -22.30839      24.22938
     -22.29539      24.22938
     -22.28339      24.22938
     -22.27139      24.22938
     -22.25839      24.22938
     -22.24639      24.22938
     -22.23439      24.22938
     -22.22139      24.22938
     -22.20939      24.22938
     -22.19739      24.22938
     -22.18439      24.22938
     -22.17239      24.22938
     -22.16039      24.22938
     -22.14739      24.22938
     -22.13539      24.22938
     -22.12339      24.22938
     -22.11039      24.22938
     -22.09839      24.22938
     -22.08539      24.22938
     -22.07339      24.22938
     -22.06139      24.22938
     -22.04839      24.22938
     -22.03639      24.22938
     -22.02439      24.22938
     -22.01139      24.22938
     -21.99939      24.22938
     -21.98739      24.22938
     -21.97439      24.22938
     -21.96239      24.22938
     -21.95039      24.22938
     -21.93739      24.22938
     -21.92539      24.22938
     -21.91239      24.22938
     -21.90039      24.22938
     -21.88839      24.22938
     -21.87539      24.22938
     -21.86339      24.22938
     -21.85139      24.22938
     -21.83839      24.22938
     -21.82639      24.22938
     -21.81439      24.22938
     -21.80139      24.22938
     -21.78939      24.22938
     -21.77739      24.22938
     -21.76439      24.22938
     -21.75239      24.22938
     -21.74039      24.22938
     -21.72739      24.22938
     -21.71539      24.22938
     -21.70239      24.22938
     -21.69039      24.22938
     -21.67839      24.22938
     -21.66539      24.22938
     -21.65339      24.22938
     -21.64139      24.22938
     -21.62839      24.22938
     -21.61639      24.22938
     -21.60439      24.22938
     -21.59139      24.22938
     -21.57939      24.22938
     -21.56739      24.22938
     -21.55439      24.22938
     -21.54239      24.22938
     -21.52939      24.22938
     -21.51739      24.22938
     -21.50539      24.22938
     -21.49239      24.22938
     -21.48039      24.22938
     -21.46839      24.22938
     -21.45539      24.22938
     -21.44339      24.22938
     -21.43139      24.22938
     -21.41839      24.22938
     -21.40639      24.22938
     -21.39439      24.22938
     -21.38139      24.22938
     -21.36939      24.22938
     -21.35739      24.22938
     -21.34439      24.22938
     -21.33239      24.22938
     -21.31939      24.22938
     -21.30739      24.22938
     -21.29539      24.22938
     -21.28239      24.22938
     -21.27039      24.22938
     -21.25839      24.22938
     -21.24539      24.22938
     -21.23339      24.22938
     -21.22139      24.22938
     -21.20839      24.22938
     -21.19639      24.22938
     -21.18439      24.22938
     -21.17139      24.22938
     -21.15939      24.22938
     -21.14639      24.22938
     -21.13439      24.22938
     -21.12239      24.22938
     -21.10939      24.22938
     -21.09739      24.22938
     -21.08539      24.22938
     -21.07239      24.22938
     -21.06039      24.22938
     -21.04839      24.22938
     -21.03539      24.22938
     -21.02339      24.22938
     -21.01139      24.22938
     -20.99839      24.22938
     -20.98639      24.22938
     -20.97339      24.22938
     -20.96139      24.22938
     -20.94939      24.22938
     -20.93639      24.22938
     -20.92439      24.22938
     -20.91239      24.22938
     -20.89939      24.22938
     -20.88739      24.22938
     -20.87539      24.22938
     -20.86239      24.22938
     -20.85039      24.22938
     -20.83839      24.22938
     -20.82539      24.22938
     -20.81339      24.22938
     -20.80139      24.22938
     -20.78839      24.22938
     -20.77639      24.22938
     -20.76339      24.22938
     -20.75139      24.22938
     -20.73939      24.22938
     -20.72639      24.22938
     -20.71439      24.22938
     -20.70239      24.22938
     -20.68939      24.22938
     -20.67739      24.22938
     -20.66539      24.22938
     -20.65239      24.22938
     -20.64039      24.22938
     -20.62839      24.22938
     -20.61539      24.22938
     -20.60339      24.22938
     -20.59039      24.22938
     -20.57839      24.22938
     -20.56639      24.22938
     -20.55339      24.22938
     -20.54139      24.22938
     -20.52939      24.22938
     -20.51639      24.22938
     -20.50439      24.22938
     -20.49239      24.22938
     -20.47939      24.22938
     -20.46739      24.22938
     -20.45539      24.22938
     -20.44239      24.22938
     -20.43039      24.22938
     -20.41839      24.22938
     -20.40539      24.22938
     -20.39339      24.22938
     -20.38039      24.22938
     -20.36839      24.22938
     -20.35639      24.22938
     -20.34339      24.22938
     -20.33139      24.22938
     -20.31939      24.22938
     -20.30639      24.22938
     -20.29439      24.22938
     -20.28239      24.22938
     -20.26939      24.22938
     -20.25739      24.22938
     -20.24539      24.22938
     -20.23239      24.22938
     -20.22039      24.22938
     -20.20739      24.22938
     -20.19539      24.22938
     -20.18339      24.22938
     -20.17039      24.22938
     -20.15839      24.22938
     -20.14639      24.22938
     -20.13339      24.22938
     -20.12139      24.22938
     -20.10939      24.22938
     -20.09639      24.22938
     -20.08439      24.22938
     -20.07239      24.22938
     -20.05939      24.22938
     -20.04739      24.22938
     -20.03539      24.22938
     -20.02239      24.22938
     -20.01039      24.22938
     -19.99739      24.22938
     -19.98539      24.22938
     -19.97339      24.22938
     -19.96039      24.22938
     -19.94839      24.22938
     -19.93639      24.22938
     -19.92339      24.22938
     -19.91139      24.22938
     -19.89939      24.22938
     -19.88639      24.22938
     -19.87439      24.22938
     -19.86239      24.22938
     -19.84939      24.22938
     -19.83739      24.22938
     -19.82439      24.22938
     -19.81239      24.22938
     -19.80039      24.22938
     -19.78739      24.22938
     -19.77539      24.22938
     -19.76339      24.22938
     -19.75039      24.22938
     -19.73839      24.22938
     -19.72639      24.22938
     -19.71339      24.22938
     -19.70139      24.22938
     -19.68939      24.22938
     -19.67639      24.22938
     -19.66439      24.22938
     -19.65239      24.22938
     -19.63939      24.22938
     -19.62739      24.22938
     -19.61439      24.22938
     -19.60239      24.22938
     -19.59039      24.22938
     -19.57739      24.22938
     -19.56539      24.22938
     -19.55339      24.22938
     -19.54039      24.22938
     -19.52839      24.22938
     -19.51639      24.22938
     -19.50339      24.22938
     -19.49139      24.22938
     -19.47939      24.22938
     -19.46639      24.22938
     -19.45439      24.22938
     -19.44139      24.22938
     -19.42939      24.22938
     -19.41739      24.22938
     -19.40439      24.22938
     -19.39239      24.22938
     -19.38039      24.22938
     -19.36739      24.22938
     -19.35539      24.22938
     -19.34339      24.22938
     -19.33039      24.22938
     -19.31839      24.22938
     -19.30639      24.22938
     -19.29339      24.22938
     -19.28139      24.22938
     -19.26839      24.22938
     -19.25639      24.22938
     -19.24439      24.22938
     -19.23139      24.22938
     -19.21939      24.22938
     -19.20739      24.22938
     -19.19439      24.22938
     -19.18239      24.22938
     -19.17039      24.22938
     -19.15739      24.22938
     -19.14539      24.22938
     -19.13339      24.22938
     -19.12039      24.22938
     -19.10839      24.22938
     -19.09639      24.22938
     -19.08339      24.22938
     -19.07139      24.22938
     -19.05839      24.22938
     -19.04639      24.22938
     -19.03439      24.22938
     -19.02139      24.22938
     -19.00939      24.22938
     -18.99739      24.22938
     -18.98439      24.22938
     -18.97239      24.22938
     -18.96039      24.22938
     -18.94739      24.22938
     -18.93539      24.22938
     -18.92339      24.22938
     -18.91039      24.22938
     -18.89839      24.22938
     -18.88539      24.22938
     -18.87339      24.22938
     -18.86139      24.22938
     -18.84839      24.22938
     -18.83639      24.22938
     -18.82439      24.22938
     -18.81139      24.22938
     -18.79939      24.22938
     -18.78739      24.22938
     -18.77439      24.22938
     -18.76239      24.22938
     -18.75039      24.22938
     -18.73739      24.22938
     -18.72539      24.22938
     -18.71339      24.22938
     -18.70039      24.22938
     -18.68839      24.22938
     -18.67539      24.22938
     -18.66339      24.22938
     -18.65139      24.22938
     -18.63839      24.22938
     -18.62639      24.22938
     -18.61439      24.22938
     -18.60139      24.22938
     -18.58939      24.22938
     -18.57739      24.22938
     -18.56439      24.22938
     -18.55239      24.22938
     -18.54039      24.22938
     -18.52739      24.22938
     -18.51539      24.22938
     -18.50239      24.22938
     -18.49039      24.22938
     -18.47839      24.22938
     -18.46539      24.22938
     -18.45339      24.22938
     -18.44139      24.22938
     -18.42839      24.22938
     -18.41639      24.22938
     -18.40439      24.22938
     -18.39139      24.22938
     -18.37939      24.22938
     -18.36739      24.22938
     -18.35439      24.22938
     -18.34239      24.22938
     -18.33039      24.22938
     -18.31739      24.22938
     -18.30539      24.22938
     -18.29239      24.22938
     -18.28039      24.22938
     -18.26839      24.22938
     -18.25539      24.22938
     -18.24339      24.22938
     -18.23139      24.22938
     -18.21839      24.22938
     -18.20639      24.22938
     -18.19439      24.22938
     -18.18139      24.22938
     -18.16939      24.22938
     -18.15739      24.22938
     -18.14439      24.22938
     -18.13239      24.22938
     -18.11939      24.22938
     -18.10739      24.22938
     -18.09539      24.22938
     -18.08239      24.22938
     -18.07039      24.22938
     -18.05839      24.22938
     -18.04539      24.22938
     -18.03339      24.22938
     -18.02139      24.22938
     -18.00839      24.22938
     -17.99639      24.22938
     -17.98439      24.22938
     -17.97139      24.22938
     -17.95939      24.22938
     -17.94739      24.22938
     -17.93439      24.22938
     -17.92239      24.22938
     -17.90939      24.22938
     -17.89739      24.22938
     -17.88539      24.22938
     -17.87239      24.22938
     -17.86039      24.22938
     -17.84839      24.22938
     -17.83539      24.22938
     -17.82339      24.22938
     -17.81139      24.22938
     -17.79839      24.22938
     -17.78639      24.22938
     -17.77439      24.22938
     -17.76139      24.22938
     -17.74939      24.22938
     -17.73639      24.22938
     -17.72439      24.22938
     -17.71239      24.22938
     -17.69939      24.22938
     -17.68739      24.22938
     -17.67539      24.22938
     -17.66239      24.22938
     -17.65039      24.22938
     -17.63839      24.22938
     -17.62539      24.22938
     -17.61339      24.22938
     -17.60139      24.22938
     -17.58839      24.22938
     -17.57639      24.22938
     -17.56339      24.22938
     -17.55139      24.22938
     -17.53939      24.22938
     -17.52639      24.22938
     -17.51439      24.22938
     -17.50239      24.22938
     -17.48939      24.22938
     -17.47739      24.22938
     -17.46539      24.22938
     -17.45239      24.22938
     -17.44039      24.22938
     -17.42839      24.22938
     -17.41539      24.22938
     -17.40339      24.22938
     -17.39139      24.22938
     -17.37839      24.22938
     -17.36639      24.22938
     -17.35339      24.22938
     -17.34139      24.22938
     -17.32939      24.22938
     -17.31639      24.22938
     -17.30439      24.22938
     -17.29239      24.22938
     -17.27939      24.22938
     -17.26739      24.22938
     -17.25539      24.22938
     -17.24239      24.22938
     -17.23039      24.22938
     -17.21839      24.22938
     -17.20539      24.22938
     -17.19339      24.22938
     -17.18039      24.22938
     -17.16839      24.22938
     -17.15639      24.22938
     -17.14339      24.22938
     -17.13139      24.22938
     -17.11939      24.22938
     -17.10639      24.22938
     -17.09439      24.22938
     -17.08239      24.22938
     -17.06939      24.22938
     -17.05739      24.22938
     -17.04539      24.22938
     -17.03239      24.22938
     -17.02039      24.22938
     -17.00839      24.22938
     -16.99539      24.22938
     -16.98339      24.22938
     -16.97039      24.22938
     -16.95839      24.22938
     -16.94639      24.22938
     -16.93339      24.22938
     -16.92139      24.22938
     -16.90939      24.22938
     -16.89639      24.22938
     -16.88439      24.22938
     -16.87239      24.22938
     -16.85939      24.22938
     -16.84739      24.22938
     -16.83539      24.22938
     -16.82239      24.22938
     -16.81039      24.22938
     -16.79739      24.22938
     -16.78539      24.22938
     -16.77339      24.22938
     -16.76039      24.22938
     -16.74839      24.22938
     -16.73639      24.22938
     -16.72339      24.22938
     -16.71139      24.22938
     -16.69939      24.22938
     -16.68639      24.22938
     -16.67439      24.22938
     -16.66239      24.22938
     -16.64939      24.22938
     -16.63739      24.22938
     -16.62539      24.22938
     -16.61239      24.22938
     -16.60039      24.22938
     -16.58739      24.22938
     -16.57539      24.22938
     -16.56339      24.22938
     -16.55039      24.22938
     -16.53839      24.22938
     -16.52639      24.22938
     -16.51339      24.22938
     -16.50139      24.22938
     -16.48939      24.22938
     -16.47639      24.22938
     -16.46439      24.22938
     -16.45239      24.22938
     -16.43939      24.22938
     -16.42739      24.22938
     -16.41439      24.22938
     -16.40239      24.22938
     -16.39039      24.22938
     -16.37739      24.22938
     -16.36539      24.22938
     -16.35339      24.22938
     -16.34039      24.22938
     -16.32839      24.22938
     -16.31639      24.22938
     -16.30339      24.22938
     -16.29139      24.22938
     -16.27939      24.22938
     -16.26639      24.22938
     -16.25439      24.22938
     -16.24239      24.22938
     -16.22939      24.22938
     -16.21739      24.22938
     -16.20439      24.22938
     -16.19239      24.22938
     -16.18039      24.22938
     -16.16739      24.22938
     -16.15539      24.22938
     -16.14339      24.22938
     -16.13039      24.22938
     -16.11839      24.22938
     -16.10639      24.22938
     -16.09339      24.22938
     -16.08139      24.22938
     -16.06939      24.22938
     -16.05639      24.22938
     -16.04439      24.22938
     -16.03139      24.22938
     -16.01939      24.22938
     -16.00739      24.22938
     -15.99439      24.22938
     -15.98239      24.22938
     -15.97039      24.22938
     -15.95739      24.22938
     -15.94539      24.22938
     -15.93339      24.22938
     -15.92039      24.22938
     -15.90839      24.22938
     -15.89639      24.22938
     -15.88339      24.22938
     -15.87139      24.22938
     -15.85939      24.22938
     -15.84639      24.22938
     -15.83439      24.22938
     -15.82139      24.22938
     -15.80939      24.22938
     -15.79739      24.22938
     -15.78439      24.22938
     -15.77239      24.22938
     -15.76039      24.22938
     -15.74739      24.22938
     -15.73539      24.22938
     -15.72339      24.22938
     -15.71039      24.22938
     -15.69839      24.22938
     -15.68639      24.22938
     -15.67339      24.22938
     -15.66139      24.22938
     -15.64839      24.22938
     -15.63639      24.22938
     -15.62439      24.22938
     -15.61139      24.22938
     -15.59939      24.22938
     -15.58739      24.22938
     -15.57439      24.22938
     -15.56239      24.22938
     -15.55039      24.22938
     -15.53739      24.22938
     -15.52539      24.22938
     -15.51339      24.22938
     -15.50039      24.22938
     -15.48839      24.22938
     -15.47539      24.22938
     -15.46339      24.22938
     -15.45139      24.22938
     -15.43839      24.22938
     -15.42639      24.22938
     -15.41439      24.22938
     -15.40139      24.22938
     -15.38939      24.22938
     -15.37739      24.22938
     -15.36439      24.22938
     -15.35239      24.22938
     -15.34039      24.22938
     -15.32739      24.22938
     -15.31539      24.22938
     -15.30339      24.22938
     -15.29039      24.22938
     -15.27839      24.22938
     -15.26539      24.22938
     -15.25339      24.22938
     -15.24139      24.22938
     -15.22839      24.22938
     -15.21639      24.22938
     -15.20439      24.22938
     -15.19139      24.22938
     -15.17939      24.22938
     -15.16739      24.22938
     -15.15439      24.22938
     -15.14239      24.22938
     -15.13039      24.22938
     -15.11739      24.22938
     -15.10539      24.22938
     -15.09239      24.22938
     -15.08039      24.22938
     -15.06839      24.22938
     -15.05539      24.22938
     -15.04339      24.22938
     -15.03139      24.22938
     -15.01839      24.22938
     -15.00639      24.22938
     -14.99439      24.22938
     -14.98139      24.22938
     -14.96939      24.22938
     -14.95739      24.22938
     -14.94439      24.22938
     -14.93239      24.22938
     -14.92039      24.22938
     -14.90739      24.22938
     -14.89539      24.22938
     -14.88239      24.22938
     -14.87039      24.22938
     -14.85839      24.22938
     -14.84539      24.22938
     -14.83339      24.22938
     -14.82139      24.22938
     -14.80839      24.22938
     -14.79639      24.22938
     -14.78439      24.22938
     -14.77139      24.22938
     -14.75939      24.22938
     -14.74739      24.22938
     -14.73439      24.22938
     -14.72239      24.22938
     -14.70939      24.22938
     -14.69739      24.22938
     -14.68539      24.22938
     -14.67239      24.22938
     -14.66039      24.22938
     -14.64839      24.22938
     -14.63539      24.22938
     -14.62339      24.22938
     -14.61139      24.22938
     -14.59839      24.22938
     -14.58639      24.22938
     -14.57439      24.22938
     -14.56139      24.22938
     -14.54939      24.22938
     -14.53739      24.22938
     -14.52439      24.22938
     -14.51239      24.22938
     -14.49939      24.22938
     -14.48739      24.22938
     -14.47539      24.22938
     -14.46239      24.22938
     -14.45039      24.22938
     -14.43839      24.22938
     -14.42539      24.22938
     -14.41339      24.22938
     -14.40139      24.22938
     -14.38839      24.22938
     -14.37639      24.22938
     -14.36439      24.22938
     -14.35139      24.22938
     -14.33939      24.22938
     -14.32639      24.22938
     -14.31439      24.22938
     -14.30239      24.22938
     -14.28939      24.22938
     -14.27739      24.22938
     -14.26539      24.22938
     -14.25239      24.22938
     -14.24039      24.22938
     -14.22839      24.22938
     -14.21539      24.22938
     -14.20339      24.22938
     -14.19139      24.22938
     -14.17839      24.22938
     -14.16639      24.22938
     -14.15439      24.22938
     -14.14139      24.22938
     -14.12939      24.22938
     -14.11639      24.22938
     -14.10439      24.22938
     -14.09239      24.22938
     -14.07939      24.22938
     -14.06739      24.22938
     -14.05539      24.22938
     -14.04239      24.22938
     -14.03039      24.22938
     -14.01839      24.22938
     -14.00539      24.22938
     -13.99339      24.22938
     -13.98139      24.22938
     -13.96839      24.22938
     -13.95639      24.22938
     -13.94339      24.22938
     -13.93139      24.22938
     -13.91939      24.22938
     -13.90639      24.22938
     -13.89439      24.22938
     -13.88239      24.22938
     -13.86939      24.22938
     -13.85739      24.22938
     -13.84539      24.22938
     -13.83239      24.22938
     -13.82039      24.22938
     -13.80839      24.22938
     -13.79539      24.22938
     -13.78339      24.22938
     -13.77039      24.22938
     -13.75839      24.22938
     -13.74639      24.22938
     -13.73339      24.22938
     -13.72139      24.22938
     -13.70939      24.22938
     -13.69639      24.22938
     -13.68439      24.22938
     -13.67239      24.22938
     -13.65939      24.22938
     -13.64739      24.22938
     -13.63539      24.22938
     -13.62239      24.22938
     -13.61039      24.22938
     -13.59839      24.22938
     -13.58539      24.22938
     -13.57339      24.22938
     -13.56039      24.22938
     -13.54839      24.22938
     -13.53639      24.22938
     -13.52339      24.22938
     -13.51139      24.22938
     -13.49939      24.22938
     -13.48639      24.22938
     -13.47439      24.22938
     -13.46239      24.22938
     -13.44939      24.22938
     -13.43739      24.22938
     -13.42539      24.22938
     -13.41239      24.22938
     -13.40039      24.22938
     -13.38739      24.22938
     -13.37539      24.22938
     -13.36339      24.22938
     -13.35039      24.22938
     -13.33839      24.22938
     -13.32639      24.22938
     -13.31339      24.22938
     -13.30139      24.22938
     -13.28939      24.22938
     -13.27639      24.22938
     -13.26439      24.22938
     -13.25239      24.22938
     -13.23939      24.22938
     -13.22739      24.22938
     -13.21539      24.22938
     -13.20239      24.22938
     -13.19039      24.22938
     -13.17739      24.22938
     -13.16539      24.22938
     -13.15339      24.22938
     -13.14039      24.22938
     -13.12839      24.22938
     -13.11639      24.22938
     -13.10339      24.22938
     -13.09139      24.22938
     -13.07939      24.22938
     -13.06639      24.22938
     -13.05439      24.22938
     -13.04239      24.22938
     -13.02939      24.22938
     -13.01739      24.22938
     -13.00439      24.22938
     -12.99239      24.22938
     -12.98039      24.22938
     -12.96739      24.22938
     -12.95539      24.22938
     -12.94339      24.22938
     -12.93039      24.22938
     -12.91839      24.22938
     -12.90639      24.22938
     -12.89339      24.22938
     -12.88139      24.22938
     -12.86939      24.22938
     -12.85639      24.22938
     -12.84439      24.22938
     -12.83239      24.22938
     -12.81939      24.22938
     -12.80739      24.22938
     -12.79439      24.22938
     -12.78239      24.22938
     -12.77039      24.22938
     -12.75739      24.22938
     -12.74539      24.22938
     -12.73339      24.22938
     -12.72039      24.22938
     -12.70839      24.22938
     -12.69639      24.22938
     -12.68339      24.22938
     -12.67139      24.22938
     -12.65939      24.22938
     -12.64639      24.22938
     -12.63439      24.22938
     -12.62139      24.22938
     -12.60939      24.22938
     -12.59739      24.22938
     -12.58439      24.22938
     -12.57239      24.22938
     -12.56039      24.22938
     -12.54739      24.22938
     -12.53539      24.22938
     -12.52339      24.22938
     -12.51039      24.22938
     -12.49839      24.22938
     -12.48639      24.22938
     -12.47339      24.22938
     -12.46139      24.22938
     -12.44939      24.22938
     -12.43639      24.22938
     -12.42439      24.22938
     -12.41139      24.22941
     -12.39939      24.22951
     -12.38739      24.22975
     -12.37439      24.23018
     -12.36239      24.23086
     -12.35039      24.23184
     -12.33739      24.23318
     -12.32539      24.23475
     -12.31339      24.23630
     -12.30039      24.23779
     -12.28839      24.23933
     -12.27639      24.24096
     -12.26339      24.24267
     -12.25139      24.24448
     -12.23839      24.24638
     -12.22639      24.24837
     -12.21439      24.25046
     -12.20139      24.25265
     -12.18939      24.25494
     -12.17739      24.25733
     -12.16439      24.25982
     -12.15239      24.26241
     -12.14039      24.26509
     -12.12739      24.26783
     -12.11539      24.27063
     -12.10339      24.27348
     -12.09039      24.27635
     -12.07839      24.27925
     -12.06539      24.28216
     -12.05339      24.28510
     -12.04139      24.28810
     -12.02839      24.29115
     -12.01639      24.29426
     -12.00439      24.29743
     -11.99139      24.30066
     -11.97939      24.30394
     -11.96739      24.30729
     -11.95439      24.31070
     -11.94239      24.31417
     -11.93039      24.31770
     -11.91739      24.32129
     -11.90539      24.32494
     -11.89339      24.32866
     -11.88039      24.33243
     -11.86839      24.33627
     -11.85539      24.34018
     -11.84339      24.34415
     -11.83139      24.34818
     -11.81839      24.35226
     -11.80639      24.35636
     -11.79439      24.36049
     -11.78139      24.36466
     -11.76939      24.36887
     -11.75739      24.37312
     -11.74439      24.37742
     -11.73239      24.38175
     -11.72039      24.38613
     -11.70739      24.39054
     -11.69539      24.39500
     -11.68239      24.39950
     -11.67039      24.40404
     -11.65839      24.40862
     -11.64539      24.41324
     -11.63339      24.41790
     -11.62139      24.42261
     -11.60839      24.42737
     -11.59639      24.43217
     -11.58439      24.43701
     -11.57139      24.44191
     -11.55939      24.44685
     -11.54739      24.45185
     -11.53439      24.45689
     -11.52239      24.46199
     -11.51039      24.46714
     -11.49739      24.47234
     -11.48539      24.47759
     -11.47239      24.48289
     -11.46039      24.48825
     -11.44839      24.49366
     -11.43539      24.49912
     -11.42339      24.50464
     -11.41139      24.51020
     -11.39839      24.51581
     -11.38639      24.52147
     -11.37439      24.52717
     -11.36139      24.53290
     -11.34939      24.53867
     -11.33739      24.54447
     -11.32439      24.55031
     -11.31239      24.55619
     -11.29939      24.56212
     -11.28739      24.56809
     -11.27539      24.57410
     -11.26239      24.58016
     -11.25039      24.58627
     -11.23839      24.59242
     -11.22539      24.59862
     -11.21339      24.60487
     -11.20139      24.61116
     -11.18839      24.61751
     -11.17639      24.62390
     -11.16439      24.63034
     -11.15139      24.63682
     -11.13939      24.64336
     -11.12739      24.64995
     -11.11439      24.65658
     -11.10239      24.66327
     -11.08939      24.67002
     -11.07739      24.67681
     -11.06539      24.68366
     -11.05239      24.69057
     -11.04039      24.69754
     -11.02839      24.70456
     -11.01539      24.71164
     -11.00339      24.71878
     -10.99139      24.72597
     -10.97839      24.73323
     -10.96639      24.74055
     -10.95439      24.74793
     -10.94139      24.75537
     -10.92939      24.76287
     -10.91639      24.77043
     -10.90439      24.77805
     -10.89239      24.78574
     -10.87939      24.79349
     -10.86739      24.80130
     -10.85539      24.80916
     -10.84239      24.81709
     -10.83039      24.82509
     -10.81839      24.83315
     -10.80539      24.84128
     -10.79339      24.84947
     -10.78139      24.85774
     -10.76839      24.86607
     -10.75639      24.87448
     -10.74439      24.88297
     -10.73139      24.89155
     -10.71939      24.90023
     -10.70639      24.90899
     -10.69439      24.91786
     -10.68239      24.92683
     -10.66939      24.93590
     -10.65739      24.94508
     -10.64539      24.95438
     -10.63239      24.96379
     -10.62039      24.97333
     -10.60839      24.98298
     -10.59539      24.99277
     -10.58339      25.00268
     -10.57139      25.01273
     -10.55839      25.02294
     -10.54639      25.03334
     -10.53339      25.04396
     -10.52139      25.05492
     -10.50939      25.06629
     -10.49639      25.07801
     -10.48439      25.09002
     -10.47239      25.10226
     -10.45939      25.11468
     -10.44739      25.12722
     -10.43539      25.13981
     -10.42239      25.15239
     -10.41039      25.16491
     -10.39839      25.17731
     -10.38539      25.18954
     -10.37339      25.20152
     -10.36139      25.21347
     -10.34839      25.22567
     -10.33639      25.23810
     -10.32339      25.25076
     -10.31139      25.26357
     -10.29939      25.27645
     -10.28639      25.28928
     -10.27439      25.30198
     -10.26239      25.31450
     -10.24939      25.32682
     -10.23739      25.33896
     -10.22539      25.35095
     -10.21239      25.36278
     -10.20039      25.37448
     -10.18839      25.38606
     -10.17539      25.39753
     -10.16339      25.40891
     -10.15039      25.42021
     -10.13839      25.43145
     -10.12639      25.44265
     -10.11339      25.45380
     -10.10139      25.46494
     -10.08939      25.47605
     -10.07639      25.48713
     -10.06439      25.49816
     -10.05239      25.50913
     -10.03939      25.52004
     -10.02739      25.53089
     -10.01539      25.54167
     -10.00239      25.55239
      -9.99039      25.56304
      -9.97739      25.57362
      -9.96539      25.58413
      -9.95339      25.59457
      -9.94039      25.60494
      -9.92839      25.61524
      -9.91639      25.62546
      -9.90339      25.63560
      -9.89139      25.64567
      -9.87939      25.65566
      -9.86639      25.66558
      -9.85439      25.67542
      -9.84239      25.68520
      -9.82939      25.69493
      -9.81739      25.70458
      -9.80539      25.71414
      -9.79239      25.72360
      -9.78039      25.73298
      -9.76739      25.74228
      -9.75539      25.75153
      -9.74339      25.76074
      -9.73039      25.76991
      -9.71839      25.77905
      -9.70639      25.78813
      -9.69339      25.79717
      -9.68139      25.80616
      -9.66939      25.81509
      -9.65639      25.82397
      -9.64439      25.83280
      -9.63239      25.84156
      -9.61939      25.85027
      -9.60739      25.85891
      -9.59439      25.86749
      -9.58239      25.87600
      -9.57039      25.88445
      -9.55739      25.89283
      -9.54539      25.90113
      -9.53339      25.90936
      -9.52039      25.91751
      -9.50839      25.92559
      -9.49639      25.93358
      -9.48339      25.94151
      -9.47139      25.94935
      -9.45939      25.95713
      -9.44639      25.96485
      -9.43439      25.97249
      -9.42239      25.98008
      -9.40939      25.98760
      -9.39739      25.99507
      -9.38439      26.00248
      -9.37239      26.00983
      -9.36039      26.01713
      -9.34739      26.02434
      -9.33539      26.03142
      -9.32339      26.03839
      -9.31039      26.04526
      -9.29839      26.05202
      -9.28639      26.05879
      -9.27339      26.06573
      -9.26139      26.07273
      -9.24939      26.07964
      -9.23639      26.08646
      -9.22439      26.09319
      -9.21139      26.09982
      -9.19939      26.10635
      -9.18739      26.11277
      -9.17439      26.11908
      -9.16239      26.12528
      -9.15039      26.13136
      -9.13739      26.13740
      -9.12539      26.14351
      -9.11339      26.14972
      -9.10039      26.15598
      -9.08839      26.16225
      -9.07639      26.16850
      -9.06339      26.17467
      -9.05139      26.18073
      -9.03939      26.18664
      -9.02639      26.19234
      -9.01439      26.19781
      -9.00139      26.20300
      -8.98939      26.20789
      -8.97739      26.21173
      -8.96439      26.21451
      -8.95239      26.21698
      -8.94039      26.21917
      -8.92739      26.22108
      -8.91539      26.22272
      -8.90339      26.22411
      -8.89039      26.22525
      -8.87839      26.22615
      -8.86639      26.22685
      -8.85339      26.22739
      -8.84139      26.22783
      -8.82839      26.22818
      -8.81639      26.22844
      -8.80439      26.22863
      -8.79139      26.22875
      -8.77939      26.22882
      -8.76739      26.22884
      -8.75439      26.22884
      -8.74239      26.22884
      -8.73039      26.22884
      -8.71739      26.22884
      -8.70539      26.22884
      -8.69339      26.22884
      -8.68039      26.22884
      -8.66839      26.22884
      -8.65639      26.22884
      -8.64339      26.22884
      -8.63139      26.22885
      -8.61839      26.22890
      -8.60639      26.22899
      -8.59439      26.22912
      -8.58139      26.22931
      -8.56939      26.22954
      -8.55739      26.22983
      -8.54439      26.23018
      -8.53239      26.23059
      -8.52039      26.23108
      -8.50739      26.23163
      -8.49539      26.23226
      -8.48339      26.23297
      -8.47039      26.23376
      -8.45839      26.23467
      -8.44539      26.23575
      -8.43339      26.23701
      -8.42139      26.23845
      -8.40839      26.24008
      -8.39639      26.24190
      -8.38439      26.24392
      -8.37139      26.24613
      -8.35939      26.24855
      -8.34739      26.25117
      -8.33439      26.25400
      -8.32239      26.25704
      -8.31039      26.26030
      -8.29739      26.26378
      -8.28539      26.26749
      -8.27239      26.27296
      -8.26039      26.27946
      -8.24839      26.28540
      -8.23539      26.29149
      -8.22339      26.29771
      -8.21139      26.30400
      -8.19839      26.31033
      -8.18639      26.31666
      -8.17439      26.32295
      -8.16139      26.32916
      -8.14939      26.33525
      -8.13739      26.34119
      -8.12439      26.34710
      -8.11239      26.35310
      -8.10039      26.35917
      -8.08739      26.36533
      -8.07539      26.37156
      -8.06239      26.37790
      -8.05039      26.38436
      -8.03839      26.39068
      -8.02539      26.39686
      -8.01339      26.40314
      -8.00139      26.40953
      -7.98839      26.41601
      -7.97639      26.42261
      -7.96439      26.42931
      -7.95139      26.43611
      -7.93939      26.44302
      -7.92739      26.44999
      -7.91439      26.45702
      -7.90239      26.46411
      -7.88939      26.47127
      -7.87739      26.47851
      -7.86539      26.48582
      -7.85239      26.49322
      -7.84039      26.50070
      -7.82839      26.50828
      -7.81539      26.51596
      -7.80339      26.52374
      -7.79139      26.53164
      -7.77839      26.53965
      -7.76639      26.54779
      -7.75439      26.55605
      -7.74139      26.56444
      -7.72939      26.57296
      -7.71739      26.58159
      -7.70439      26.59033
      -7.69239      26.59917
      -7.67939      26.60810
      -7.66739      26.61711
      -7.65539      26.62620
      -7.64239      26.63536
      -7.63039      26.64458
      -7.61839      26.65386
      -7.60539      26.66318
      -7.59339      26.67255
      -7.58139      26.68197
      -7.56839      26.69151
      -7.55639      26.70128
      -7.54439      26.71135
      -7.53139      26.72178
      -7.51939      26.73263
      -7.50639      26.74368
      -7.49439      26.75473
      -7.48239      26.76580
      -7.46939      26.77693
      -7.45739      26.78816
      -7.44539      26.79955
      -7.43239      26.81114
      -7.42039      26.82297
      -7.40839      26.83514
      -7.39539      26.84780
      -7.38339      26.86110
      -7.37139      26.87541
      -7.35839      26.89143
      -7.34639      26.90921
      -7.33439      26.92807
      -7.32139      26.94732
      -7.30939      26.96625
      -7.29639      26.98419
      -7.28439      27.00044
      -7.27239      27.01503
      -7.25939      27.02858
      -7.24739      27.04158
      -7.23539      27.05424
      -7.22239      27.06659
      -7.21039      27.07865
      -7.19839      27.09041
      -7.18539      27.10190
      -7.17339      27.11312
      -7.16139      27.12408
      -7.14839      27.13480
      -7.13639      27.14529
      -7.12339      27.15555
      -7.11139      27.16561
      -7.09939      27.17546
      -7.08639      27.18513
      -7.07439      27.19462
      -7.06239      27.20394
      -7.04939      27.21310
      -7.03739      27.22211
      -7.02539      27.23097
      -7.01239      27.23969
      -7.00039      27.24827
      -6.98839      27.25672
      -6.97539      27.26503
      -6.96339      27.27321
      -6.95139      27.28126
      -6.93839      27.28919
      -6.92639      27.29700
      -6.91339      27.30471
      -6.90139      27.31230
      -6.88939      27.31980
      -6.87639      27.32721
      -6.86439      27.33454
      -6.85239      27.34179
      -6.83939      27.34897
      -6.82739      27.35608
      -6.81539      27.36314
      -6.80239      27.37013
      -6.79039      27.37707
      -6.77839      27.38394
      -6.76539      27.39076
      -6.75339      27.39752
      -6.74039      27.40423
      -6.72839      27.41088
      -6.71639      27.41748
      -6.70339      27.42402
      -6.69139      27.43051
      -6.67939      27.43694
      -6.66639      27.44332
      -6.65439      27.44965
      -6.64239      27.45593
      -6.62939      27.46216
      -6.61739      27.46833
      -6.60539      27.47446
      -6.59239      27.48053
      -6.58039      27.48656
      -6.56739      27.49253
      -6.55539      27.49846
      -6.54339      27.50433
      -6.53039      27.51016
      -6.51839      27.51594
      -6.50639      27.52168
      -6.49339      27.52737
      -6.48139      27.53301
      -6.46939      27.53860
      -6.45639      27.54415
      -6.44439      27.54965
      -6.43239      27.55511
      -6.41939      27.56053
      -6.40739      27.56589
      -6.39539      27.57121
      -6.38239      27.57648
      -6.37039      27.58170
      -6.35739      27.58687
      -6.34539      27.59200
      -6.33339      27.59708
      -6.32039      27.60211
      -6.30839      27.60710
      -6.29639      27.61204
      -6.28339      27.61694
      -6.27139      27.62179
      -6.25939      27.62660
      -6.24639      27.63137
      -6.23439      27.63610
      -6.22239      27.64078
      -6.20939      27.64542
      -6.19739      27.65002
      -6.18439      27.65459
      -6.17239      27.65911
      -6.16039      27.66359
      -6.14739      27.66803
      -6.13539      27.67244
      -6.12339      27.67679
      -6.11039      27.68107
      -6.09839      27.68529
      -6.08639      27.68946
      -6.07339      27.69361
      -6.06139      27.69773
      -6.04939      27.70183
      -6.03639      27.70591
      -6.02439      27.70997
      -6.01239      27.71400
      -5.99939      27.71801
      -5.98739      27.72201
      -5.97439      27.72598
      -5.96239      27.72992
      -5.95039      27.73385
      -5.93739      27.73776
      -5.92539      27.74164
      -5.91339      27.74550
      -5.90039      27.74934
      -5.88839      27.75316
      -5.87639      27.75695
      -5.86339      27.76072
      -5.85139      27.76448
      -5.83939      27.76820
      -5.82639      27.77191
      -5.81439      27.77559
      -5.80139      27.77926
      -5.78939      27.78290
      -5.77739      27.78651
      -5.76439      27.79011
      -5.75239      27.79368
      -5.74039      27.79723
      -5.72739      27.80076
      -5.71539      27.80426
      -5.70339      27.80775
      -5.69039      27.81121
      -5.67839      27.81465
      -5.66639      27.81807
      -5.65339      27.82146
      -5.64139      27.82484
      -5.62939      27.82819
      -5.61639      27.83152
      -5.60439      27.83483
      -5.59139      27.83812
      -5.57939      27.84139
      -5.56739      27.84463
      -5.55439      27.84786
      -5.54239      27.85106
      -5.53039      27.85424
      -5.51739      27.85740
      -5.50539      27.86054
      -5.49339      27.86366
      -5.48039      27.86676
      -5.46839      27.86983
      -5.45639      27.87288
      -5.44339      27.87591
      -5.43139      27.87892
      -5.41839      27.88191
      -5.40639      27.88488
      -5.39439      27.88782
      -5.38139      27.89073
      -5.36939      27.89363
      -5.35739      27.89649
      -5.34439      27.89933
      -5.33239      27.90215
      -5.32039      27.90493
      -5.30739      27.90769
      -5.29539      27.91041
      -5.28339      27.91310
      -5.27039      27.91577
      -5.25839      27.91840
      -5.24639      27.92100
      -5.23339      27.92358
      -5.22139      27.92614
      -5.20839      27.92867
      -5.19639      27.93117
      -5.18439      27.93365
      -5.17139      27.93612
      -5.15939      27.93856
      -5.14739      27.94098
      -5.13439      27.94338
      -5.12239      27.94577
      -5.11039      27.94814
      -5.09739      27.95049
      -5.08539      27.95283
      -5.07339      27.95515
      -5.06039      27.95746
      -5.04839      27.95976
      -5.03539      27.96205
      -5.02339      27.96433
      -5.01139      27.96659
      -4.99839      27.96885
      -4.98639      27.97109
      -4.97439      27.97332
      -4.96139      27.97554
      -4.94939      27.97775
      -4.93739      27.97995
      -4.92439      27.98214
      -4.91239      27.98431
      -4.90039      27.98648
      -4.88739      27.98863
      -4.87539      27.99078
      -4.86339      27.99291
      -4.85039      27.99503
      -4.83839      27.99714
      -4.82539      27.99923
      -4.81339      28.00132
      -4.80139      28.00339
      -4.78839      28.00546
      -4.77639      28.00751
      -4.76439      28.00955
      -4.75139      28.01158
      -4.73939      28.01360
      -4.72739      28.01560
      -4.71439      28.01760
      -4.70239      28.01958
      -4.69039      28.02155
      -4.67739      28.02352
      -4.66539      28.02546
      -4.65239      28.02740
      -4.64039      28.02933
      -4.62839      28.03124
      -4.61539      28.03315
      -4.60339      28.03504
      -4.59139      28.03692
      -4.57839      28.03878
      -4.56639      28.04064
      -4.55439      28.04247
      -4.54139      28.04430
      -4.52939      28.04610
      -4.51739      28.04790
      -4.50439      28.04967
      -4.49239      28.05144
      -4.47939      28.05319
      -4.46739      28.05492
      -4.45539      28.05664
      -4.44239      28.05834
      -4.43039      28.06004
      -4.41839      28.06171
      -4.40539      28.06338
      -4.39339      28.06502
      -4.38139      28.06666
      -4.36839      28.06828
      -4.35639      28.06989
      -4.34439      28.07148
      -4.33139      28.07306
      -4.31939      28.07463
      -4.30739      28.07619
      -4.29439      28.07773
      -4.28239      28.07926
      -4.26939      28.08077
      -4.25739      28.08227
      -4.24539      28.08376
      -4.23239      28.08524
      -4.22039      28.08671
      -4.20839      28.08816
      -4.19539      28.08960
      -4.18339      28.09102
      -4.17139      28.09244
      -4.15839      28.09384
      -4.14639      28.09534
      -4.13439      28.09744
      -4.12139      28.10095
      -4.10939      28.10625
      -4.09639      28.11312
      -4.08439      28.12112
      -4.07239      28.12983
      -4.05939      28.13885
      -4.04739      28.14819
      -4.03539      28.15807
      -4.02239      28.16863
      -4.01039      28.18002
      -3.99839      28.19243
      -3.98539      28.20607
      -3.97339      28.22115
      -3.96139      28.23787
      -3.94839      28.25644
      -3.93639      28.27766
      -3.92439      28.29899
      -3.91139      28.31796
      -3.89939      28.33604
      -3.88639      28.35399
      -3.87439      28.37183
      -3.86239      28.38955
      -3.84939      28.40716
      -3.83739      28.42467
      -3.82539      28.44208
      -3.81239      28.45939
      -3.80039      28.47662
      -3.78839      28.49377
      -3.77539      28.51082
      -3.76339      28.52779
      -3.75139      28.54466
      -3.73839      28.56176
      -3.72639      28.57959
      -3.71339      28.59692
      -3.70139      28.61288
      -3.68939      28.62833
      -3.67639      28.64368
      -3.66439      28.65889
      -3.65239      28.67392
      -3.63939      28.68874
      -3.62739      28.70331
      -3.61539      28.71760
      -3.60239      28.73155
      -3.59039      28.74513
      -3.57839      28.75839
      -3.56539      28.77144
      -3.55339      28.78439
      -3.54139      28.79727
      -3.52839      28.81012
      -3.51639      28.82292
      -3.50339      28.83567
      -3.49139      28.84837
      -3.47939      28.86103
      -3.46639      28.87364
      -3.45439      28.88621
      -3.44239      28.89873
      -3.42939      28.91121
      -3.41739      28.92364
      -3.40539      28.93602
      -3.39239      28.94836
      -3.38039      28.96066
      -3.36839      28.97291
      -3.35539      28.98511
      -3.34339      28.99736
      -3.33039      29.01157
      -3.31839      29.02967
      -3.30639      29.04739
      -3.29339      29.06202
      -3.28139      29.07595
      -3.26939      29.08994
      -3.25639      29.10400
      -3.24439      29.11812
      -3.23239      29.13304
      -3.21939      29.14905
      -3.20739      29.16468
      -3.19539      29.17958
      -3.18239      29.19454
      -3.17039      29.20966
      -3.15839      29.22496
      -3.14539      29.24045
      -3.13339      29.25614
      -3.12039      29.27204
      -3.10839      29.28817
      -3.09639      29.30455
      -3.08339      29.32120
      -3.07139      29.33822
      -3.05939      29.35562
      -3.04639      29.37316
      -3.03439      29.39058
      -3.02239      29.40763
      -3.00939      29.42434
      -2.99739      29.44102
      -2.98539      29.45789
      -2.97239      29.47496
      -2.96039      29.49226
      -2.94739      29.50983
      -2.93539      29.52767
      -2.92339      29.54582
      -2.91039      29.56430
      -2.89839      29.58314
      -2.88639      29.60236
      -2.87339      29.62299
      -2.86139      29.64412
      -2.84939      29.66388
      -2.83639      29.68299
      -2.82439      29.70218
      -2.81239      29.72145
      -2.79939      29.74081
      -2.78739      29.76026
      -2.77439      29.77979
      -2.76239      29.79939
      -2.75039      29.81903
      -2.73739      29.83869
      -2.72539      29.85836
      -2.71339      29.87810
      -2.70039      29.89796
      -2.68839      29.91787
      -2.67639      29.93776
      -2.66339      29.95754
      -2.65139      29.97716
      -2.63939      29.99656
      -2.62639      30.01574
      -2.61439      30.03474
      -2.60239      30.05359
      -2.58939      30.07233
      -2.57739      30.09101
      -2.56439      30.10963
      -2.55239      30.12820
      -2.54039      30.14672
      -2.52739      30.16521
      -2.51539      30.18366
      -2.50339      30.20206
      -2.49039      30.22044
      -2.47839      30.23878
      -2.46639      30.25707
      -2.45339      30.27529
      -2.44139      30.29344
      -2.42939      30.31152
      -2.41639      30.32952
      -2.40439      30.34744
      -2.39139      30.36529
      -2.37939      30.38308
      -2.36739      30.40083
      -2.35439      30.41854
      -2.34239      30.43624
      -2.33039      30.45394
      -2.31739      30.47164
      -2.30539      30.48935
      -2.29339      30.50705
      -2.28039      30.52476
      -2.26839      30.54247
      -2.25639      30.56019
      -2.24339      30.57790
      -2.23139      30.59561
      -2.21939      30.61329
      -2.20639      30.63094
      -2.19439      30.64855
      -2.18139      30.66613
      -2.16939      30.68366
      -2.15739      30.70114
      -2.14439      30.71857
      -2.13239      30.73596
      -2.12039      30.75328
      -2.10739      30.77055
      -2.09539      30.78775
      -2.08339      30.80489
      -2.07039      30.82195
      -2.05839      30.83894
      -2.04639      30.85585
      -2.03339      30.87268
      -2.02139      30.88942
      -2.00839      30.90609
      -1.99639      30.92266
      -1.98439      30.93914
      -1.97139      30.95553
      -1.95939      30.97184
      -1.94739      30.98808
      -1.93439      31.00426
      -1.92239      31.02041
      -1.91039      31.03651
      -1.89739      31.05258
      -1.88539      31.06862
      -1.87339      31.08463
      -1.86039      31.10062
      -1.84839      31.11664
      -1.83639      31.13270
      -1.82339      31.14874
      -1.81139      31.16475
      -1.79839      31.18074
      -1.78639      31.19671
      -1.77439      31.21268
      -1.76139      31.22863
      -1.74939      31.24453
      -1.73739      31.26040
      -1.72439      31.27621
      -1.71239      31.29198
      -1.70039      31.30770
      -1.68739      31.32340
      -1.67539      31.33906
      -1.66339      31.35468
      -1.65039      31.37027
      -1.63839      31.38581
      -1.62539      31.40130
      -1.61339      31.41673
      -1.60139      31.43209
      -1.58839      31.44738
      -1.57639      31.46261
      -1.56439      31.47778
      -1.55139      31.49288
      -1.53939      31.50794
      -1.52739      31.52295
      -1.51439      31.53795
      -1.50239      31.55293
      -1.49039      31.56793
      -1.47739      31.58297
      -1.46539      31.59806
      -1.45339      31.61317
      -1.44039      31.62820
      -1.42839      31.64308
      -1.41539      31.65779
      -1.40339      31.67227
      -1.39139      31.68651
      -1.37839      31.70047
      -1.36639      31.71410
      -1.35439      31.72738
      -1.34139      31.74026
      -1.32939      31.75271
      -1.31739      31.76471
      -1.30439      31.77638
      -1.29239      31.78780
      -1.28039      31.79897
      -1.26739      31.80988
      -1.25539      31.82048
      -1.24239      31.83077
      -1.23039      31.84071
      -1.21839      31.85032
      -1.20539      31.85964
      -1.19339      31.86870
      -1.18139      31.87757
      -1.16839      31.88628
      -1.15639      31.89485
      -1.14439      31.90327
      -1.13139      31.91155
      -1.11939      31.91969
      -1.10739      31.92768
      -1.09439      31.93553
      -1.08239      31.94325
      -1.06939      31.95082
      -1.05739      31.95824
      -1.04539      31.96553
      -1.03239      31.97269
      -1.02039      31.97970
      -1.00839      31.98657
      -0.99539      31.99331
      -0.98339      31.99993
      -0.97139      32.00643
      -0.95839      32.01283
      -0.94639      32.01915
      -0.93439      32.02538
      -0.92139      32.03153
      -0.90939      32.03758
      -0.89739      32.04348
      -0.88439      32.04925
      -0.87239      32.05488
      -0.85939      32.06040
      -0.84739      32.06581
      -0.83539      32.07111
      -0.82239      32.07631
      -0.81039      32.08140
      -0.79839      32.08639
      -0.78539      32.09127
      -0.77339      32.09605
      -0.76139      32.10073
      -0.74839      32.10531
      -0.73639      32.10978
      -0.72439      32.11415
      -0.71139      32.11843
      -0.69939      32.12260
      -0.68639      32.12668
      -0.67439      32.13066
      -0.66239      32.13454
      -0.64939      32.13833
      -0.63739      32.14202
      -0.62539      32.14562
      -0.61239      32.14913
      -0.60039      32.15254
      -0.58839      32.15587
      -0.57539      32.15911
      -0.56339      32.16225
      -0.55139      32.16531
      -0.53839      32.16828
      -0.52639      32.17115
      -0.51439      32.17394
      -0.50139      32.17663
      -0.48939      32.17923
      -0.47639      32.18174
      -0.46439      32.18416
      -0.45239      32.18650
      -0.43939      32.18877
      -0.42739      32.19096
      -0.41539      32.19308
      -0.40239      32.19514
      -0.39039      32.19714
      -0.37839      32.19908
      -0.36539      32.20096
      -0.35339      32.20280
      -0.34139      32.20459
      -0.32839      32.20634
      -0.31639      32.20806
      -0.30339      32.20974
      -0.29139      32.21139
      -0.27939      32.21302
      -0.26639      32.21462
      -0.25439      32.21621
      -0.24239      32.21779
      -0.22939      32.21935
      -0.21739      32.22091
      -0.20539      32.22247
      -0.19239      32.22403
      -0.18039      32.22524
      -0.16839      32.22605
      -0.15539      32.22675
      -0.14339      32.22734
      -0.13139      32.22784
      -0.11839      32.22825
      -0.10639      32.22859
      -0.09339      32.22885
      -0.08139      32.22906
      -0.06939      32.22921
      -0.05639      32.22931
      -0.04439      32.22938
      -0.03239      32.22942
      -0.01939      32.22944
      -0.00739      32.22945
       0.00461      32.22945
       0.01761      32.22945
       0.02961      32.22945
       0.04161      32.22945
       0.05461      32.22945
       0.06661      32.22945
       0.07961      32.22946
       0.09161      32.22947
       0.10361      32.22950
       0.11661      32.22954
       0.12861      32.22959
       0.14061      32.22966
       0.15361      32.22975
       0.16561      32.22986
       0.17761      32.22999
       0.19061      32.23015
       0.20261      32.23032
       0.21461      32.23053
       0.22761      32.23076
       0.23961      32.23101
       0.25161      32.23130
       0.26461      32.23162
       0.27661      32.23196
       0.28961      32.23234
       0.30161      32.23274
       0.31361      32.23319
       0.32661      32.23366
       0.33861      32.23417
       0.35061      32.23471
       0.36361      32.23529
       0.37561      32.23591
       0.38761      32.23656
       0.40061      32.23726
       0.41261      32.23799
       0.42461      32.23876
       0.43761      32.23958
       0.44961      32.24043
       0.46261      32.24133
       0.47461      32.24228
       0.48661      32.24326
       0.49961      32.24430
       0.51161      32.24537
       0.52361      32.24650
       0.53661      32.24767
       0.54861      32.24889
       0.56061      32.25016
       0.57361      32.25148
       0.58561      32.25285
       0.59761      32.25427
       0.61061      32.25574
       0.62261      32.25727
       0.63461      32.25885
       0.64761      32.26048
       0.65961      32.26217
       0.67261      32.26394
       0.68461      32.26587
       0.69661      32.26801
       0.70961      32.27040
       0.72161      32.27302
       0.73361      32.27586
       0.74661      32.27892
       0.75861      32.28219
       0.77061      32.28567
       0.78361      32.28937
       0.79561      32.29328
       0.80761      32.29740
       0.82061      32.30172
       0.83261      32.30623
       0.84561      32.31092
       0.85761      32.31578
       0.86961      32.32082
       0.88261      32.32605
       0.89461      32.33149
       0.90661      32.33717
       0.91961      32.34311
       0.93161      32.34931
       0.94361      32.35576
       0.95661      32.36246
       0.96861      32.36941
       0.98061      32.37659
       0.99361      32.38400
       1.00561      32.39165
       1.01861      32.39951
       1.03061      32.40760
       1.04261      32.41592
       1.05561      32.42447
       1.06761      32.43325
       1.07961      32.44225
       1.09261      32.45149
       1.10461      32.46097
       1.11661      32.47068
       1.12961      32.48063
       1.14161      32.49083
       1.15361      32.50128
       1.16661      32.51197
       1.17861      32.52291
       1.19061      32.53410
       1.20361      32.54554
       1.21561      32.55723
       1.22861      32.56918
       1.24061      32.58138
       1.25261      32.59384
       1.26561      32.60657
       1.27761      32.61956
       1.28961      32.63282
       1.30261      32.64637
       1.31461      32.66025
       1.32661      32.67450
       1.33961      32.68911
       1.35161      32.70401
       1.36361      32.71921
       1.37661      32.73473
       1.38861      32.75057
       1.40161      32.76673
       1.41361      32.78324
       1.42561      32.80007
       1.43861      32.81725
       1.45061      32.83477
       1.46261      32.85265
       1.47561      32.87091
       1.48761      32.88959
       1.49961      32.90873
       1.51261      32.92835
       1.52461      32.94845
       1.53661      32.96905
       1.54961      32.99017
       1.56161      33.01182
       1.57361      33.03402
       1.58661      33.05675
       1.59861      33.07992
       1.61161      33.10345
       1.62361      33.12728
       1.63561      33.15136
       1.64861      33.17564
       1.66061      33.20006
       1.67261      33.22460
       1.68561      33.24921
       1.69761      33.27386
       1.70961      33.29847
       1.72261      33.32293
       1.73461      33.34727
       1.74661      33.37148
       1.75961      33.39555
       1.77161      33.41948
       1.78461      33.44324
       1.79661      33.46701
       1.80861      33.49082
       1.82161      33.51444
       1.83361      33.53776
       1.84561      33.56074
       1.85861      33.58337
       1.87061      33.60565
       1.88261      33.62757
       1.89561      33.64914
       1.90761      33.67034
       1.91961      33.69117
       1.93261      33.71163
       1.94461      33.73172
       1.95661      33.75143
       1.96961      33.77076
       1.98161      33.78971
       1.99461      33.80827
       2.00661      33.82646
       2.01861      33.84425
       2.03161      33.86149
       2.04361      33.87807
       2.05561      33.89399
       2.06861      33.90925
       2.08061      33.92387
       2.09261      33.93785
       2.10561      33.95120
       2.11761      33.96392
       2.12961      33.97606
       2.14261      33.98775
       2.15461      33.99905
       2.16761      34.01001
       2.17961      34.02067
       2.19161      34.03108
       2.20461      34.04127
       2.21661      34.05128
       2.22861      34.06114
       2.24161      34.07091
       2.25361      34.08068
       2.26561      34.09064
       2.27861      34.10097
       2.29061      34.11175
       2.30261      34.12269
       2.31561      34.13358
       2.32761      34.14443
       2.33961      34.15526
       2.35261      34.16607
       2.36461      34.17689
       2.37761      34.18772
       2.38961      34.19858
       2.40161      34.20948
       2.41461      34.22044
       2.42661      34.23145
       2.43861      34.24253
       2.45161      34.25369
       2.46361      34.26494
       2.47561      34.27626
       2.48861      34.28767
       2.50061      34.29918
       2.51261      34.31079
       2.52561      34.32251
       2.53761      34.33437
       2.55061      34.34637
       2.56261      34.35852
       2.57461      34.37084
       2.58761      34.38334
       2.59961      34.39602
       2.61161      34.40889
       2.62461      34.42190
       2.63661      34.43500
       2.64861      34.44811
       2.66161      34.46116
       2.67361      34.47407
       2.68561      34.48679
       2.69861      34.49853
       2.71061      34.50944
       2.72361      34.52040
       2.73561      34.53141
       2.74761      34.54246
       2.76061      34.55357
       2.77261      34.56473
       2.78461      34.57594
       2.79761      34.58715
       2.80961      34.59834
       2.82161      34.60959
       2.83461      34.62093
       2.84661      34.63237
       2.85861      34.64392
       2.87161      34.65557
       2.88361      34.66730
       2.89561      34.67912
       2.90861      34.69103
       2.92061      34.70302
       2.93361      34.71513
       2.94561      34.72737
       2.95761      34.73977
       2.97061      34.75242
       2.98261      34.76539
       2.99461      34.77867
       3.00761      34.79221
       3.01961      34.80597
       3.03161      34.81991
       3.04461      34.83398
       3.05661      34.84814
       3.06861      34.86238
       3.08161      34.87668
       3.09361      34.89105
       3.10661      34.90548
       3.11861      34.92024
       3.13061      34.93546
       3.14361      34.95075
       3.15561      34.96565
       3.16761      34.97968
       3.18061      34.99379
       3.19261      35.00765
       3.20461      35.02052
       3.21761      35.03319
       3.22961      35.04569
       3.24161      35.05804
       3.25461      35.07028
       3.26661      35.08242
       3.27861      35.09450
       3.29161      35.10653
       3.30361      35.11854
       3.31661      35.13053
       3.32861      35.14253
       3.34061      35.15458
       3.35361      35.16682
       3.36561      35.17934
       3.37761      35.19224
       3.39061      35.20561
       3.40261      35.21954
       3.41461      35.23412
       3.42761      35.24958
       3.43961      35.26605
       3.45161      35.28347
       3.46461      35.30178
       3.47661      35.32092
       3.48961      35.34082
       3.50161      35.36142
       3.51361      35.38264
       3.52661      35.40440
       3.53861      35.42661
       3.55061      35.44917
       3.56361      35.47201
       3.57561      35.49504
       3.58761      35.51818
       3.60061      35.54133
       3.61261      35.56444
       3.62461      35.58755
       3.63761      35.61066
       3.64961      35.63368
       3.66161      35.65640
       3.67461      35.67868
       3.68661      35.70045
       3.69961      35.72166
       3.71161      35.74224
       3.72361      35.76212
       3.73661      35.78153
       3.74861      35.80073
       3.76061      35.81979
       3.77361      35.83908
       3.78561      35.85905
       3.79761      35.87978
       3.81061      35.90109
       3.82261      35.92277
       3.83461      35.94462
       3.84761      35.96643
       3.85961      35.98799
       3.87261      36.00752
       3.88461      36.02469
       3.89661      36.04123
       3.90961      36.05759
       3.92161      36.07380
       3.93361      36.08984
       3.94661      36.10573
       3.95861      36.12146
       3.97061      36.13704
       3.98361      36.15248
       3.99561      36.16778
       4.00761      36.18293
       4.02061      36.19795
       4.03261      36.21281
       4.04461      36.22750
       4.05761      36.24202
       4.06961      36.25639
       4.08261      36.27061
       4.09461      36.28470
       4.10661      36.29866
       4.11961      36.31250
       4.13161      36.32622
       4.14361      36.33983
       4.15661      36.35335
       4.16861      36.36677
       4.18061      36.38011
       4.19361      36.39337
       4.20561      36.40657
       4.21761      36.41970
       4.23061      36.43276
       4.24261      36.44576
       4.25561      36.45870
       4.26761      36.47156
       4.27961      36.48434
       4.29261      36.49705
       4.30461      36.50970
       4.31661      36.52230
       4.32961      36.53484
       4.34161      36.54735
       4.35361      36.55983
       4.36661      36.57227
       4.37861      36.58471
       4.39061      36.59713
       4.40361      36.60956
       4.41561      36.62199
       4.42861      36.63444
       4.44061      36.64693
       4.45261      36.65958
       4.46561      36.67249
       4.47761      36.68566
       4.48961      36.69908
       4.50261      36.71270
       4.51461      36.72647
       4.52661      36.74101
       4.53961      36.75556
       4.55161      36.76946
       4.56361      36.78347
       4.57661      36.79761
       4.58861      36.81187
       4.60061      36.82627
       4.61361      36.84082
       4.62561      36.85553
       4.63861      36.87042
       4.65061      36.88577
       4.66261      36.90209
       4.67561      36.91994
       4.68761      36.93928
       4.69961      36.95943
       4.71261      36.97959
       4.72461      36.99940
       4.73661      37.01888
       4.74961      37.03812
       4.76161      37.05718
       4.77361      37.07616
       4.78661      37.09513
       4.79861      37.11418
       4.81161      37.13332
       4.82361      37.15258
       4.83561      37.17198
       4.84861      37.19153
       4.86061      37.21127
       4.87261      37.23123
       4.88561      37.25162
       4.89761      37.27247
       4.90961      37.29363
       4.92261      37.31501
       4.93461      37.33643
       4.94661      37.35767
       4.95961      37.37849
       4.97161      37.39889
       4.98361      37.41898
       4.99661      37.43877
       5.00861      37.45822
       5.02161      37.47719
       5.03361      37.49567
       5.04561      37.51390
       5.05861      37.53196
       5.07061      37.55105
       5.08261      37.57121
       5.09561      37.59050
       5.10761      37.60886
       5.11961      37.62701
       5.13261      37.64496
       5.14461      37.66269
       5.15661      37.68020
       5.16961      37.69747
       5.18161      37.71449
       5.19461      37.73126
       5.20661      37.74777
       5.21861      37.76402
       5.23161      37.78011
       5.24361      37.79610
       5.25561      37.81199
       5.26861      37.82778
       5.28061      37.84346
       5.29261      37.85904
       5.30561      37.87452
       5.31761      37.88990
       5.32961      37.90521
       5.34261      37.92044
       5.35461      37.93561
       5.36661      37.95071
       5.37961      37.96576
       5.39161      37.98076
       5.40461      37.99572
       5.41661      38.01065
       5.42861      38.02557
       5.44161      38.04053
       5.45361      38.05557
       5.46561      38.07070
       5.47861      38.08592
       5.49061      38.10122
       5.50261      38.11663
       5.51561      38.13214
       5.52761      38.14774
       5.53961      38.16345
       5.55261      38.17927
       5.56461      38.19520
       5.57761      38.21125
       5.58961      38.22743
       5.60161      38.24372
       5.61461      38.25937
       5.62661      38.27426
       5.63861      38.28906
       5.65161      38.30372
       5.66361      38.31823
       5.67561      38.33255
       5.68861      38.34665
       5.70061      38.36051
       5.71261      38.37412
       5.72561      38.38744
       5.73761      38.40046
       5.74961      38.41317
       5.76261      38.42555
       5.77461      38.43758
       5.78761      38.44925
       5.79961      38.46056
       5.81161      38.47158
       5.82461      38.48237
       5.83661      38.49298
       5.84861      38.50349
       5.86161      38.51394
       5.87361      38.52435
       5.88561      38.53472
       5.89861      38.54506
       5.91061      38.55535
       5.92261      38.56562
       5.93561      38.57586
       5.94761      38.58608
       5.96061      38.59628
       5.97261      38.60648
       5.98461      38.61669
       5.99761      38.62690
       6.00961      38.63713
       6.02161      38.64739
       6.03461      38.65767
       6.04661      38.66798
       6.05861      38.67830
       6.07161      38.68860
       6.08361      38.69891
       6.09561      38.70927
       6.10861      38.71967
       6.12061      38.73011
       6.13261      38.74060
       6.14561      38.75114
       6.15761      38.76172
       6.17061      38.77236
       6.18261      38.78304
       6.19461      38.79378
       6.20761      38.80456
       6.21961      38.81540
       6.23161      38.82631
       6.24461      38.83735
       6.25661      38.84858
       6.26861      38.86011
       6.28161      38.87208
       6.29361      38.88462
       6.30561      38.89787
       6.31861      38.91197
       6.33061      38.92696
       6.34361      38.94285
       6.35561      38.95958
       6.36761      38.97705
       6.38061      38.99520
       6.39261      39.01396
       6.40461      39.03328
       6.41761      39.05310
       6.42961      39.07335
       6.44161      39.09397
       6.45461      39.11490
       6.46661      39.13609
       6.47861      39.15748
       6.49161      39.18275
       6.50361      39.20717
       6.51661      39.22654
       6.52861      39.24514
       6.54061      39.26299
       6.55361      39.28013
       6.56561      39.29663
       6.57761      39.31252
       6.59061      39.32784
       6.60261      39.34264
       6.61461      39.35697
       6.62761      39.37086
       6.63961      39.38436
       6.65161      39.39751
       6.66461      39.41036
       6.67661      39.42295
       6.68861      39.43533
       6.70161      39.44754
       6.71361      39.45961
       6.72661      39.47154
       6.73861      39.48333
       6.75061      39.49498
       6.76361      39.50648
       6.77561      39.51785
       6.78761      39.52908
       6.80061      39.54018
       6.81261      39.55115
       6.82461      39.56198
       6.83761      39.57267
       6.84961      39.58322
       6.86161      39.59363
       6.87461      39.60389
       6.88661      39.61401
       6.89961      39.62398
       6.91161      39.63380
       6.92361      39.64346
       6.93661      39.65297
       6.94861      39.66232
       6.96061      39.67155
       6.97361      39.68077
       6.98561      39.69003
       6.99761      39.69934
       7.01061      39.70871
       7.02261      39.71812
       7.03461      39.72761
       7.04761      39.73728
       7.05961      39.74737
       7.07161      39.75817
       7.08461      39.76993
       7.09661      39.78259
       7.10961      39.79518
       7.12161      39.80632
       7.13361      39.81603
       7.14661      39.82529
       7.15861      39.83440
       7.17061      39.84335
       7.18361      39.85213
       7.19561      39.86071
       7.20761      39.86910
       7.22061      39.87727
       7.23261      39.88526
       7.24461      39.89307
       7.25761      39.90069
       7.26961      39.90811
       7.28261      39.91533
       7.29461      39.92234
       7.30661      39.92913
       7.31961      39.93569
       7.33161      39.94202
       7.34361      39.94812
       7.35661      39.95396
       7.36861      39.95955
       7.38061      39.96489
       7.39361      39.96995
       7.40561      39.97474
       7.41761      39.97924
       7.43061      39.98355
       7.44261      39.98779
       7.45461      39.99198
       7.46761      39.99613
       7.47961      40.00025
       7.49261      40.00433
       7.50461      40.00839
       7.51661      40.01241
       7.52961      40.01641
       7.54161      40.02037
       7.55361      40.02430
       7.56661      40.02819
       7.57861      40.03204
       7.59061      40.03584
       7.60361      40.03958
       7.61561      40.04326
       7.62761      40.04685
       7.64061      40.05035
       7.65261      40.05376
       7.66561      40.05710
       7.67761      40.06041
       7.68961      40.06372
       7.70261      40.06701
       7.71461      40.07030
       7.72661      40.07357
       7.73961      40.07683
       7.75161      40.08007
       7.76361      40.08329
       7.77661      40.08648
       7.78861      40.08966
       7.80061      40.09280
       7.81361      40.09592
       7.82561      40.09900
       7.83761      40.10205
       7.85061      40.10507
       7.86261      40.10804
       7.87561      40.11098
       7.88761      40.11387
       7.89961      40.11672
       7.91261      40.11952
       7.92461      40.12227
       7.93661      40.12497
       7.94961      40.12762
       7.96161      40.13021
       7.97361      40.13275
       7.98661      40.13524
       7.99861      40.13767
       8.01061      40.14006
       8.02361      40.14240
       8.03561      40.14469
       8.04861      40.14693
       8.06061      40.14913
       8.07261      40.15128
       8.08561      40.15339
       8.09761      40.15545
       8.10961      40.15747
       8.12261      40.15945
       8.13461      40.16138
       8.14661      40.16328
       8.15961      40.16513
       8.17161      40.16695
       8.18361      40.16873
       8.19661      40.17047
       8.20861      40.17218
       8.22161      40.17385
       8.23361      40.17548
       8.24561      40.17708
       8.25861      40.17865
       8.27061      40.18018
       8.28261      40.18168
       8.29561      40.18316
       8.30761      40.18460
       8.31961      40.18601
       8.33261      40.18739
       8.34461      40.18875
       8.35661      40.19008
       8.36961      40.19138
       8.38161      40.19266
       8.39361      40.19391
       8.40661      40.19515
       8.41861      40.19635
       8.43161      40.19754
       8.44361      40.19870
       8.45561      40.19985
       8.46861      40.20098
       8.48061      40.20210
       8.49261      40.20322
       8.50561      40.20435
       8.51761      40.20546
       8.52961      40.20658
       8.54261      40.20769
       8.55461      40.20879
       8.56661      40.20988
       8.57961      40.21097
       8.59161      40.21204
       8.60461      40.21311
       8.61661      40.21418
       8.62861      40.21525
       8.64161      40.21632
       8.65361      40.21738
       8.66561      40.21845
       8.67861      40.21950
       8.69061      40.22054
       8.70261      40.22157
       8.71561      40.22259
       8.72761      40.22358
       8.73961      40.22455
       8.75261      40.22550
       8.76461      40.22643
       8.77661      40.22735
       8.78961      40.22825
       8.80161      40.22912
       8.81461      40.22995
       8.82661      40.23071
       8.83861      40.23138
       8.85161      40.23196
       8.86361      40.23243
       8.87561      40.23276
       8.88861      40.23294
       8.90061      40.23300
       8.91261      40.23300
       8.92561      40.23300
       8.93761      40.23300
       8.94961      40.23300
       8.96261      40.23300
       8.97461      40.23300
       8.98761      40.23300
       8.99961      40.23300
       9.01161      40.23300
       9.02461      40.23300
       9.03661      40.23300
       9.04861      40.23300
       9.06161      40.23300
       9.07361      40.23300
       9.08561      40.23300
       9.09861      40.23300
       9.11061      40.23300
       9.12261      40.23300
       9.13561      40.23300
       9.14761      40.23300
       9.15961      40.23300
       9.17261      40.23300
       9.18461      40.23300
       9.19761      40.23300
       9.20961      40.23300
       9.22161      40.23300
       9.23461      40.23300
       9.24661      40.23300
       9.25861      40.23300
       9.27161      40.23300
       9.28361      40.23300
       9.29561      40.23300
       9.30861      40.23300
       9.32061      40.23300
       9.33261      40.23300
       9.34561      40.23300
       9.35761      40.23300
       9.37061      40.23300
       9.38261      40.23300
       9.39461      40.23300
       9.40761      40.23300
       9.41961      40.23300
       9.43161      40.23300
       9.44461      40.23300
       9.45661      40.23300
       9.46861      40.23300
       9.48161      40.23300
       9.49361      40.23300
       9.50561      40.23300
       9.51861      40.23300
       9.53061      40.23300
       9.54261      40.23300
       9.55561      40.23300
       9.56761      40.23300
       9.58061      40.23300
       9.59261      40.23300
       9.60461      40.23300
       9.61761      40.23300
       9.62961      40.23300
       9.64161      40.23300
       9.65461      40.23300
       9.66661      40.23300
       9.67861      40.23300
       9.69161      40.23300
       9.70361      40.23300
       9.71561      40.23300
       9.72861      40.23300
       9.74061      40.23300
       9.75361      40.23300
       9.76561      40.23300
       9.77761      40.23300
       9.79061      40.23300
       9.80261      40.23300
       9.81461      40.23300
       9.82761      40.23300
       9.83961      40.23300
       9.85161      40.23300
       9.86461      40.23300
       9.87661      40.23300
       9.88861      40.23300
       9.90161      40.23300
       9.91361      40.23300
       9.92661      40.23300
       9.93861      40.23300
       9.95061      40.23300
       9.96361      40.23300
       9.97561      40.23300
       9.98761      40.23300
      10.00061      40.23300
      10.01261      40.23300
      10.02461      40.23300
      10.03761      40.23300
      10.04961      40.23300
      10.06161      40.23300
      10.07461      40.23300
      10.08661      40.23300
      10.09861      40.23300
      10.11161      40.23300
      10.12361      40.23300
      10.13661      40.23300
      10.14861      40.23300
      10.16061      40.23300
      10.17361      40.23300
      10.18561      40.23300
      10.19761      40.23300
      10.21061      40.23300
      10.22261      40.23300
      10.23461      40.23300
      10.24761      40.23300
      10.25961      40.23300
      10.27161      40.23300
      10.28461      40.23300
      10.29661      40.23300
      10.30961      40.23300
      10.32161      40.23300
      10.33361      40.23300
      10.34661      40.23300
      10.35861      40.23300
      10.37061      40.23300
      10.38361      40.23300
      10.39561      40.23300
      10.40761      40.23300
      10.42061      40.23300
      10.43261      40.23300
      10.44461      40.23300
      10.45761      40.23300
      10.46961      40.23300
      10.48161      40.23300
      10.49461      40.23300
      10.50661      40.23300
      10.51961      40.23300
      10.53161      40.23300
      10.54361      40.23300
      10.55661      40.23300
      10.56861      40.23300
      10.58061      40.23300
