#K-Path     Band-1    Band-2    Band-3    Band-4      ...     Band-n
  0.0000  -28.1960  -28.1960  -28.1535  -28.0917  -28.0917  -27.9568  -27.9568  -27.9445  -27.8849  -27.8849  -11.9345   -8.5186   -1.7244   -1.7244    0.6155    4.2705    4.2705    7.7307
  0.0534  -28.1959  -28.1959  -28.1537  -28.0919  -28.0919  -27.9567  -27.9567  -27.9444  -27.8850  -27.8850  -11.9737   -8.4572   -1.7169   -1.7169    0.6225    4.2740    4.2740    7.7414
  0.1069  -28.1958  -28.1958  -28.1540  -28.0922  -28.0922  -27.9566  -27.9566  -27.9439  -27.8850  -27.8850  -12.0834   -8.2810   -1.6943   -1.6943    0.6432    4.2837    4.2837    7.7729
  0.1603  -28.1955  -28.1955  -28.1547  -28.0929  -28.0929  -27.9564  -27.9564  -27.9432  -27.8853  -27.8853  -12.2447   -8.0092   -1.6568   -1.6568    0.6776    4.2976    4.2976    7.8236
  0.2137  -28.1949  -28.1949  -28.1559  -28.0940  -28.0940  -27.9559  -27.9559  -27.9422  -27.8858  -27.8858  -12.4373   -7.6622   -1.6046   -1.6046    0.7256    4.3122    4.3122    7.8857
  0.2672  -28.1943  -28.1943  -28.1570  -28.0954  -28.0954  -27.9551  -27.9551  -27.9410  -27.8864  -27.8864  -12.6449   -7.2568   -1.5380   -1.5380    0.7867    4.3224    4.3224    7.9474
  0.3206  -28.1933  -28.1933  -28.1581  -28.0971  -28.0971  -27.9540  -27.9540  -27.9396  -27.8871  -27.8871  -12.8559   -6.8052   -1.4577   -1.4577    0.8604    4.3216    4.3216    7.8492
  0.3740  -28.1922  -28.1922  -28.1595  -28.0994  -28.0994  -27.9527  -27.9527  -27.9381  -27.8881  -27.8881  -13.0625   -6.3159   -1.3642   -1.3641    0.9459    4.3024    4.3024    7.4401
  0.4275  -28.1909  -28.1909  -28.1609  -28.1021  -28.1021  -27.9510  -27.9510  -27.9365  -27.8893  -27.8893  -13.2594   -5.7952   -1.2584   -1.2584    1.0418    4.2573    4.2573    6.9228
  0.4809  -28.1892  -28.1892  -28.1623  -28.1052  -28.1052  -27.9489  -27.9489  -27.9348  -27.8907  -27.8907  -13.4432   -5.2478   -1.1418   -1.1418    1.1461    4.1804    4.1804    6.3842
  0.5343  -28.1872  -28.1872  -28.1638  -28.1086  -28.1086  -27.9465  -27.9465  -27.9331  -27.8923  -27.8923  -13.6114   -4.6778   -1.0161   -1.0161    1.2554    4.0699    4.0699    5.8418
  0.5878  -28.1851  -28.1851  -28.1653  -28.1124  -28.1124  -27.9438  -27.9438  -27.9316  -27.8943  -27.8943  -13.7623   -4.0888   -0.8835   -0.8835    1.3641    3.9290    3.9290    5.3032
  0.6412  -28.1827  -28.1827  -28.1666  -28.1164  -28.1164  -27.9408  -27.9408  -27.9301  -27.8964  -27.8964  -13.8947   -3.4846   -0.7476   -0.7476    1.4631    3.7656    3.7656    4.7747
  0.6946  -28.1801  -28.1801  -28.1678  -28.1204  -28.1204  -27.9376  -27.9376  -27.9288  -27.8988  -27.8988  -14.0078   -2.8696   -0.6125   -0.6125    1.5360    3.5912    3.5912    4.2676
  0.7481  -28.1775  -28.1775  -28.1688  -28.1243  -28.1243  -27.9344  -27.9344  -27.9276  -27.9012  -27.9012  -14.1011   -2.2494   -0.4841   -0.4841    1.5537    3.4192    3.4192    3.8056
  0.8015  -28.1749  -28.1749  -28.1695  -28.1279  -28.1279  -27.9312  -27.9312  -27.9266  -27.9038  -27.9038  -14.1740   -1.6321   -0.3698   -0.3698    1.4703    3.2638    3.2638    3.4299
  0.8549  -28.1727  -28.1727  -28.1701  -28.1310  -28.1310  -27.9283  -27.9283  -27.9259  -27.9062  -27.9062  -14.2262   -1.0325   -0.2783   -0.2783    1.2448    3.1392    3.1392    3.1830
  0.9084  -28.1712  -28.1712  -28.1705  -28.1330  -28.1330  -27.9262  -27.9262  -27.9255  -27.9080  -27.9080  -14.2577   -0.4904   -0.2186   -0.2186    0.9059    3.0581    3.0581    3.0629
  0.9618  -28.1705  -28.1705  -28.1705  -28.1337  -28.1337  -27.9253  -27.9253  -27.9253  -27.9087  -27.9087  -14.2681   -0.1979   -0.1978   -0.1978    0.6754    3.0299    3.0299    3.0299
  0.9618  -28.1705  -28.1705  -28.1705  -28.1337  -28.1337  -27.9253  -27.9253  -27.9253  -27.9087  -27.9087  -14.2681   -0.1979   -0.1978   -0.1978    0.6754    3.0299    3.0299    3.0299
  1.0147  -28.1712  -28.1709  -28.1709  -28.1334  -28.1326  -27.9276  -27.9250  -27.9250  -27.9091  -27.9072  -14.2579   -0.4440   -0.2452   -0.2451    0.9175    2.9950    3.0898    3.0898
  1.0676  -28.1725  -28.1716  -28.1716  -28.1324  -28.1295  -27.9330  -27.9240  -27.9240  -27.9100  -27.9039  -14.2271   -0.8990   -0.3771   -0.3771    1.3591    2.8962    3.2594    3.2595
  1.1205  -28.1743  -28.1727  -28.1727  -28.1308  -28.1247  -27.9399  -27.9223  -27.9223  -27.9115  -27.9005  -14.1757   -1.3966   -0.5709   -0.5708    1.8296    2.7483    3.5159    3.5159
  1.1733  -28.1761  -28.1742  -28.1742  -28.1285  -28.1188  -27.9478  -27.9201  -27.9201  -27.9136  -27.8977  -14.1039   -1.9057   -0.8031   -0.8030    2.2896    2.5680    3.8354    3.8354
  1.2262  -28.1778  -28.1761  -28.1761  -28.1257  -28.1120  -27.9563  -27.9175  -27.9175  -27.9163  -27.8954  -14.0117   -2.4180   -1.0554   -1.0554    2.3706    2.7162    4.1991    4.1992
  1.2791  -28.1789  -28.1782  -28.1782  -28.1222  -28.1043  -27.9653  -27.9195  -27.9143  -27.9143  -27.8938  -13.8992   -2.9301   -1.3152   -1.3152    2.1673    3.0831    4.5941    4.5941
  1.3320  -28.1806  -28.1806  -28.1795  -28.1181  -28.0961  -27.9749  -27.9233  -27.9108  -27.9108  -27.8931  -13.7665   -3.4401   -1.5741   -1.5741    1.9667    3.3561    5.0111    5.0112
  1.3849  -28.1832  -28.1832  -28.1796  -28.1135  -28.0875  -27.9849  -27.9277  -27.9071  -27.9071  -27.8932  -13.6137   -3.9471   -1.8262   -1.8262    1.7747    3.5002    5.4440    5.4440
  1.4378  -28.1858  -28.1858  -28.1790  -28.1084  -28.0785  -27.9952  -27.9325  -27.9031  -27.9031  -27.8942  -13.4410   -4.4502   -2.0677   -2.0676    1.5954    3.5008    5.8882    7.3911
  1.4906  -28.1884  -28.1884  -28.1777  -28.1027  -28.0691  -28.0057  -27.9378  -27.8990  -27.8990  -27.8959  -13.2487   -4.9488   -2.2956   -2.2956    1.4320    3.3781    6.3403    6.3427
  1.5435  -28.1909  -28.1909  -28.1757  -28.0966  -28.0595  -28.0164  -27.9436  -27.8984  -27.8950  -27.8950  -13.0369   -5.4423   -2.5080   -2.5079    1.2867    3.1732    6.7978    6.8165
  1.5964  -28.1935  -28.1935  -28.1731  -28.0900  -28.0496  -28.0272  -27.9498  -27.9018  -27.8911  -27.8911  -12.8058   -5.9300   -2.7033   -2.7032    1.1612    2.9247    7.2586    7.2633
  1.6493  -28.1958  -28.1958  -28.1697  -28.0832  -28.0396  -28.0382  -27.9564  -27.9058  -27.8873  -27.8873  -12.5559   -6.4111   -2.8803   -2.8803    1.0569    2.6598    7.7207    7.8319
  1.7022  -28.1980  -28.1980  -28.1657  -28.0759  -28.0490  -28.0297  -27.9634  -27.9107  -27.8839  -27.8839  -12.2874   -6.8850   -3.0381   -3.0381    0.9746    2.3954    8.1820    8.2038
  1.7551  -28.1999  -28.1999  -28.1608  -28.0682  -28.0597  -28.0194  -27.9706  -27.9161  -27.8806  -27.8806  -12.0007   -7.3507   -3.1761   -3.1761    0.9154    2.1420    8.6397    8.6454
  1.8080  -28.2017  -28.2017  -28.1554  -28.0703  -28.0604  -28.0093  -27.9783  -27.9222  -27.8779  -27.8779  -11.6962   -7.8075   -3.2937   -3.2937    0.8799    1.9059    9.0895    9.1249
  1.8608  -28.2031  -28.2031  -28.1493  -28.0806  -28.0523  -27.9993  -27.9861  -27.9290  -27.8755  -27.8755  -11.3745   -8.2545   -3.3904   -3.3904    0.8686    1.6908    9.5237    9.5317
  1.9137  -28.2044  -28.2044  -28.1425  -28.0908  -28.0441  -27.9941  -27.9894  -27.9363  -27.8737  -27.8737  -11.0361   -8.6907   -3.4659   -3.4659    0.8821    1.4991    9.9288   10.0642
  1.9666  -28.2050  -28.2050  -28.1351  -28.1005  -28.0358  -28.0023  -27.9797  -27.9442  -27.8723  -27.8723  -10.6815   -9.1154   -3.5200   -3.5200    0.9207    1.3321   10.2794   10.4221
  2.0195  -28.2055  -28.2055  -28.1272  -28.1098  -28.0274  -28.0106  -27.9703  -27.9525  -27.8714  -27.8714  -10.3115   -9.5276   -3.5526   -3.5526    0.9849    1.1906   10.5300   10.5363
  2.0724  -28.2057  -28.2057  -28.1187  -28.1187  -28.0190  -28.0190  -27.9612  -27.9612  -27.8711  -27.8711   -9.9266   -9.9266   -3.5634   -3.5634    1.0748    1.0748   10.6240   10.6370
  2.0724  -28.2057  -28.2057  -28.1187  -28.1187  -28.0190  -28.0190  -27.9612  -27.9612  -27.8711  -27.8711   -9.9266   -9.9266   -3.5634   -3.5634    1.0748    1.0748   10.6241   10.6292
  2.1378  -28.2068  -28.2057  -28.1186  -28.1163  -28.0194  -28.0188  -27.9634  -27.9612  -27.8711  -27.8701   -9.9376   -9.9081   -3.6519   -3.5494    1.0878    1.2223   10.4662   10.5193
  2.2033  -28.2097  -28.2058  -28.1184  -28.1095  -28.0204  -28.0182  -27.9697  -27.9614  -27.8710  -27.8674   -9.9724   -9.8528   -3.8818   -3.5074    1.1268    1.6307   10.1054   10.2799
  2.2687  -28.2133  -28.2060  -28.1180  -28.0994  -28.0220  -28.0173  -27.9791  -27.9616  -27.8708  -27.8639  -10.0350   -9.7607   -4.1804   -3.4380    1.1911    2.2308    9.6106    9.7874
  2.3341  -28.2171  -28.2063  -28.1175  -28.0870  -28.0242  -28.0160  -27.9908  -27.9618  -27.8706  -27.8604  -10.1316   -9.6316   -4.4819   -3.3419    1.2799    2.9622    9.1320    9.3239
  2.3996  -28.2202  -28.2065  -28.1170  -28.0731  -28.0271  -28.0143  -28.0038  -27.9621  -27.8704  -27.8575  -10.2683   -9.4656   -4.7415   -3.2201    1.3916    3.7840    8.7204    9.0212
  2.4650  -28.2223  -28.2065  -28.1166  -28.0581  -28.0305  -28.0176  -28.0121  -27.9623  -27.8702  -27.8554  -10.4489   -9.2627   -4.9315   -3.0741    1.5241    4.6697    8.2653    8.7864
  2.4650  -28.2223  -28.2065  -28.1166  -28.0581  -28.0305  -28.0176  -28.0121  -27.9623  -27.8702  -27.8554  -10.4489   -9.2627   -4.9315   -3.0741    1.5241    4.6697    8.1664    8.7713
  2.5186  -28.2233  -28.2066  -28.1164  -28.0454  -28.0338  -28.0292  -28.0101  -27.9624  -27.8701  -27.8548  -10.6291   -9.0692   -5.0253   -2.9378    1.6460    5.4273    7.7431    7.9622
  2.5721  -28.2234  -28.2067  -28.1164  -28.0407  -28.0375  -28.0327  -28.0078  -27.9624  -27.8701  -27.8549  -10.8358   -8.8510   -5.0609   -2.7879    1.7774    6.1980    7.4272    7.6741
  2.6257  -28.2227  -28.2066  -28.1168  -28.0519  -28.0414  -28.0201  -28.0052  -27.9623  -27.8703  -27.8559  -11.0643   -8.6080   -5.0398   -2.6257    1.9153    6.9192    7.0328    7.0465
  2.6792  -28.2214  -28.2064  -28.1176  -28.0625  -28.0456  -28.0077  -28.0023  -27.9620  -27.8705  -27.8578  -11.3089   -8.3405   -4.9653   -2.4529    2.0558    6.6569    6.7863    6.9986
  2.7328  -28.2193  -28.2060  -28.1193  -28.0722  -28.0502  -27.9991  -27.9959  -27.9614  -27.8709  -27.8604  -11.5638   -8.0483   -4.8421   -2.2715    2.1933    6.2735    6.4703    6.5947
  2.7863  -28.2166  -28.2055  -28.1219  -28.0806  -28.0551  -27.9955  -27.9849  -27.9601  -27.8715  -27.8639  -11.8231   -7.7315   -4.6751   -2.0837    2.3214    5.9182    6.2120    6.2394
  2.8398  -28.2133  -28.2048  -28.1257  -28.0875  -28.0600  -27.9918  -27.9752  -27.9581  -27.8723  -27.8679  -12.0819   -7.3904   -4.4691   -1.8922    2.4322    5.5806    5.8456    6.0541
  2.8934  -28.2098  -28.2038  -28.1307  -28.0929  -28.0652  -27.9878  -27.9679  -27.9540  -27.8733  -27.8726  -12.3359   -7.0249   -4.2285   -1.6996    2.5173    5.2617    5.4980    5.9192
  2.9469  -28.2058  -28.2026  -28.1365  -28.0971  -28.0707  -27.9836  -27.9635  -27.9476  -27.8777  -27.8746  -12.5817   -6.6354   -3.9574   -1.5089    2.5698    4.9621    5.1711    5.8362
  3.0005  -28.2016  -28.2010  -28.1423  -28.1005  -28.0763  -27.9790  -27.9605  -27.9402  -27.8830  -27.8760  -12.8163   -6.2219   -3.6597   -1.3233    2.5860    4.6824    4.8658    5.7995
  3.0540  -28.1992  -28.1974  -28.1482  -28.1035  -28.0820  -27.9743  -27.9578  -27.9331  -27.8884  -27.8778  -13.0376   -5.7850   -3.3392   -1.1458    2.5666    4.4232    4.5826    5.7937
  3.1076  -28.1971  -28.1934  -28.1536  -28.1065  -28.0878  -27.9695  -27.9551  -27.9267  -27.8940  -27.8798  -13.2437   -5.3251   -3.0000   -0.9794    2.5165    4.1850    4.3221    5.7900
  3.1611  -28.1947  -28.1894  -28.1584  -28.1096  -28.0937  -27.9646  -27.9521  -27.9212  -27.8993  -27.8822  -13.4332   -4.8427   -2.6464   -0.8265    2.4425    3.9682    4.0845    5.7460
  3.2146  -28.1920  -28.1856  -28.1623  -28.1128  -28.0995  -27.9595  -27.9488  -27.9166  -27.9043  -27.8847  -13.6051   -4.3389   -2.2834   -0.6891    2.3508    3.7731    3.8702    5.6119
  3.2682  -28.1891  -28.1822  -28.1655  -28.1162  -28.1053  -27.9544  -27.9454  -27.9131  -27.9090  -27.8875  -13.7583   -3.8148   -1.9172   -0.5688    2.2456    3.6002    3.6794    5.3524
  3.3217  -28.1859  -28.1792  -28.1678  -28.1196  -28.1110  -27.9492  -27.9417  -27.9132  -27.9105  -27.8907  -13.8922   -3.2722   -1.5555   -0.4661    2.1270    3.4497    3.5122    4.9728
  3.3753  -28.1826  -28.1767  -28.1694  -28.1231  -28.1166  -27.9442  -27.9380  -27.9169  -27.9089  -27.8941  -14.0064   -2.7136   -1.2078   -0.3811    1.9894    3.3219    3.3689    4.5168
  3.4288  -28.1793  -28.1745  -28.1702  -28.1264  -28.1217  -27.9392  -27.9343  -27.9198  -27.9080  -27.8976  -14.1002   -2.1431   -0.8867   -0.3133    1.8187    3.2171    3.2498    4.0434
  3.4824  -28.1761  -28.1728  -28.1706  -28.1293  -28.1264  -27.9344  -27.9309  -27.9222  -27.9078  -27.9012  -14.1735   -1.5674   -0.6075   -0.2619    1.5903    3.1353    3.1554    3.6148
  3.5359  -28.1733  -28.1716  -28.1707  -28.1317  -28.1302  -27.9301  -27.9281  -27.9239  -27.9081  -27.9047  -14.2260   -1.0001   -0.3881   -0.2260    1.2809    3.0768    3.0864    3.2877
  3.5894  -28.1713  -28.1709  -28.1707  -28.1332  -28.1328  -27.9267  -27.9261  -27.9250  -27.9085  -27.9076  -14.2576   -0.4804   -0.2468   -0.2048    0.9107    3.0416    3.0442    3.0930
  3.6430  -28.1705  -28.1705  -28.1705  -28.1337  -28.1337  -27.9253  -27.9253  -27.9253  -27.9087  -27.9087  -14.2681   -0.1979   -0.1978   -0.1978    0.6754    3.0299    3.0299    3.0299
