      #Energy        TDOS
     -26.09793       0.00000
     -26.08693       0.00000
     -26.07593       0.00000
     -26.06493       0.00000
     -26.05293       0.00000
     -26.04193       0.00000
     -26.03093       0.00000
     -26.01993       0.00000
     -26.00893       0.00000
     -25.99793       0.00000
     -25.98693       0.00000
     -25.97493       0.00000
     -25.96393       0.00000
     -25.95293       0.00000
     -25.94193       0.00000
     -25.93093       0.00000
     -25.91993       0.00000
     -25.90793       0.00000
     -25.89693       0.00000
     -25.88593       0.00000
     -25.87493       0.00000
     -25.86393       0.00000
     -25.85293       0.00000
     -25.84193       0.00000
     -25.82993       0.00000
     -25.81893       0.00000
     -25.80793       0.00000
     -25.79693       0.00000
     -25.78593       0.00000
     -25.77493       0.00000
     -25.76293       0.00000
     -25.75193       0.00000
     -25.74093       0.00000
     -25.72993       0.00000
     -25.71893       0.00000
     -25.70793       0.00000
     -25.69593       0.00000
     -25.68493       0.00000
     -25.67393       0.00000
     -25.66293       0.00000
     -25.65193       0.00000
     -25.64093       0.00000
     -25.62993       0.00000
     -25.61793       0.00000
     -25.60693       0.00000
     -25.59593       0.00000
     -25.58493       0.00000
     -25.57393       0.00000
     -25.56293       0.00000
     -25.55093       0.00000
     -25.53993       0.00000
     -25.52893       0.00000
     -25.51793       0.00000
     -25.50693       0.00000
     -25.49593       0.00000
     -25.48493       0.00000
     -25.47293       0.00000
     -25.46193       0.00000
     -25.45093       0.00000
     -25.43993       0.00000
     -25.42893       0.00000
     -25.41793       0.00000
     -25.40593       0.00000
     -25.39493       0.00000
     -25.38393       0.00000
     -25.37293       0.00000
     -25.36193       0.00000
     -25.35093       0.00000
     -25.33993       0.00000
     -25.32793       0.00000
     -25.31693       0.00000
     -25.30593       0.00000
     -25.29493       0.00000
     -25.28393       0.00000
     -25.27293       0.00000
     -25.26093       0.00000
     -25.24993       0.00000
     -25.23893       0.00000
     -25.22793       0.00000
     -25.21693       0.00000
     -25.20593       0.00000
     -25.19393       0.00000
     -25.18293       0.00000
     -25.17193       0.00000
     -25.16093       0.00000
     -25.14993       0.00000
     -25.13893       0.00000
     -25.12793       0.00000
     -25.11593       0.00000
     -25.10493       0.00000
     -25.09393       0.00000
     -25.08293       0.00000
     -25.07193       0.00000
     -25.06093       0.00000
     -25.04893       0.00000
     -25.03793       0.00000
     -25.02693       0.00000
     -25.01593       0.00000
     -25.00493       0.00000
     -24.99393       0.00000
     -24.98293       0.00000
     -24.97093       0.00000
     -24.95993       0.00000
     -24.94893       0.00000
     -24.93793       0.00000
     -24.92693       0.00000
     -24.91593       0.00000
     -24.90393       0.00000
     -24.89293       0.00000
     -24.88193       0.00000
     -24.87093       0.00000
     -24.85993       0.00000
     -24.84893       0.00000
     -24.83693       0.00000
     -24.82593       0.00000
     -24.81493       0.00000
     -24.80393       0.00000
     -24.79293       0.00000
     -24.78193       0.00000
     -24.77093       0.00000
     -24.75893       0.00000
     -24.74793       0.00000
     -24.73693       0.00000
     -24.72593       0.00002
     -24.71493       0.00007
     -24.70393       0.00029
     -24.69193       0.00100
     -24.68093       0.00318
     -24.66993       0.00930
     -24.65893       0.02495
     -24.64793       0.06150
     -24.63693       0.13957
     -24.62593       0.29227
     -24.61393       0.56610
     -24.60293       1.01730
     -24.59193       1.70216
     -24.58093       2.66235
     -24.56993       3.91008
     -24.55893       5.41947
     -24.54693       7.12967
     -24.53593       8.95812
     -24.52493      10.82395
     -24.51393      12.67360
     -24.50293      14.49536
     -24.49193      16.32381
     -24.48093      18.22924
     -24.46893      20.29364
     -24.45793      22.58673
     -24.44693      25.14478
     -24.43593      27.95942
     -24.42493      30.98267
     -24.41393      34.14202
     -24.40193      37.36105
     -24.39093      40.57953
     -24.37993      43.76789
     -24.36893      46.93282
     -24.35793      50.11169
     -24.34693      53.35918
     -24.33493      56.73049
     -24.32393      60.26524
     -24.31293      63.97625
     -24.30193      67.84568
     -24.29093      71.82945
     -24.27993      75.87179
     -24.26893      79.92083
     -24.25693      83.94364
     -24.24593      87.93467
     -24.23493      91.91175
     -24.22393      95.90500
     -24.21293      99.94288
     -24.20193     104.04156
     -24.18993     108.20104
     -24.17893     112.40849
     -24.16793     116.64327
     -24.15693     120.88028
     -24.14593     125.08940
     -24.13493     129.23271
     -24.12393     133.26222
     -24.11193     137.12105
     -24.10093     140.74616
     -24.08993     144.07285
     -24.07893     147.04366
     -24.06793     149.61845
     -24.05693     151.78437
     -24.04493     153.56206
     -24.03393     155.00061
     -24.02293     156.16323
     -24.01193     157.11019
     -24.00093     157.88570
     -23.98993     158.51517
     -23.97793     159.01228
     -23.96693     159.38979
     -23.95593     159.66869
     -23.94493     159.88266
     -23.93393     160.07872
     -23.92293     160.31556
     -23.91193     160.66084
     -23.89993     161.18628
     -23.88893     161.95861
     -23.87793     163.02662
     -23.86693     164.40660
     -23.85593     166.07106
     -23.84493     167.94693
     -23.83293     169.92598
     -23.82193     171.88552
     -23.81093     173.71230
     -23.79993     175.32098
     -23.78893     176.66359
     -23.77793     177.72742
     -23.76693     178.52713
     -23.75493     179.09625
     -23.74393     179.47784
     -23.73293     179.71746
     -23.72193     179.85755
     -23.71093     179.93339
     -23.69993     179.97121
     -23.68793     179.98852
     -23.67693     179.99577
     -23.66593     179.99855
     -23.65493     179.99951
     -23.64393     179.99982
     -23.63293     179.99991
     -23.62093     179.99993
     -23.60993     179.99994
     -23.59893     179.99994
     -23.58793     179.99994
     -23.57693     179.99994
     -23.56593     179.99994
     -23.55493     179.99994
     -23.54293     179.99994
     -23.53193     179.99994
     -23.52093     179.99994
     -23.50993     179.99994
     -23.49893     179.99994
     -23.48793     179.99994
     -23.47593     179.99994
     -23.46493     179.99994
     -23.45393     179.99994
     -23.44293     179.99994
     -23.43193     179.99994
     -23.42093     179.99994
     -23.40993     179.99994
     -23.39793     179.99994
     -23.38693     179.99994
     -23.37593     179.99994
     -23.36493     179.99994
     -23.35393     179.99994
     -23.34293     179.99994
     -23.33093     179.99994
     -23.31993     179.99994
     -23.30893     179.99994
     -23.29793     179.99994
     -23.28693     179.99994
     -23.27593     179.99994
     -23.26493     179.99994
     -23.25293     179.99994
     -23.24193     179.99994
     -23.23093     179.99994
     -23.21993     179.99994
     -23.20893     179.99994
     -23.19793     179.99994
     -23.18593     179.99994
     -23.17493     179.99994
     -23.16393     179.99994
     -23.15293     179.99994
     -23.14193     179.99994
     -23.13093     179.99994
     -23.11893     179.99994
     -23.10793     179.99994
     -23.09693     179.99994
     -23.08593     179.99994
     -23.07493     179.99994
     -23.06393     179.99994
     -23.05293     179.99994
     -23.04093     179.99994
     -23.02993     179.99994
     -23.01893     179.99994
     -23.00793     179.99994
     -22.99693     179.99994
     -22.98593     179.99994
     -22.97393     179.99994
     -22.96293     179.99994
     -22.95193     179.99994
     -22.94093     179.99994
     -22.92993     179.99994
     -22.91893     179.99994
     -22.90793     179.99994
     -22.89593     179.99994
     -22.88493     179.99994
     -22.87393     179.99994
     -22.86293     179.99994
     -22.85193     179.99994
     -22.84093     179.99994
     -22.82893     179.99994
     -22.81793     179.99994
     -22.80693     179.99994
     -22.79593     179.99994
     -22.78493     179.99994
     -22.77393     179.99994
     -22.76193     179.99994
     -22.75093     179.99994
     -22.73993     179.99994
     -22.72893     179.99994
     -22.71793     179.99994
     -22.70693     179.99994
     -22.69593     179.99994
     -22.68393     179.99994
     -22.67293     179.99994
     -22.66193     179.99994
     -22.65093     179.99994
     -22.63993     179.99994
     -22.62893     179.99994
     -22.61693     179.99994
     -22.60593     179.99994
     -22.59493     179.99994
     -22.58393     179.99994
     -22.57293     179.99994
     -22.56193     179.99994
     -22.55093     179.99994
     -22.53893     179.99994
     -22.52793     179.99994
     -22.51693     179.99994
     -22.50593     179.99994
     -22.49493     179.99994
     -22.48393     179.99994
     -22.47193     179.99994
     -22.46093     179.99994
     -22.44993     179.99994
     -22.43893     179.99994
     -22.42793     179.99994
     -22.41693     179.99994
     -22.40593     179.99994
     -22.39393     179.99994
     -22.38293     179.99994
     -22.37193     179.99994
     -22.36093     179.99994
     -22.34993     179.99994
     -22.33893     179.99994
     -22.32693     179.99994
     -22.31593     179.99994
     -22.30493     179.99994
     -22.29393     179.99994
     -22.28293     179.99994
     -22.27193     179.99994
     -22.25993     179.99994
     -22.24893     179.99994
     -22.23793     179.99994
     -22.22693     179.99994
     -22.21593     179.99994
     -22.20493     179.99994
     -22.19393     179.99994
     -22.18193     179.99994
     -22.17093     179.99994
     -22.15993     179.99994
     -22.14893     179.99994
     -22.13793     179.99994
     -22.12693     179.99994
     -22.11493     179.99994
     -22.10393     179.99994
     -22.09293     179.99994
     -22.08193     179.99994
     -22.07093     179.99994
     -22.05993     179.99994
     -22.04893     179.99994
     -22.03693     179.99994
     -22.02593     179.99994
     -22.01493     179.99994
     -22.00393     179.99994
     -21.99293     179.99994
     -21.98193     179.99994
     -21.96993     179.99994
     -21.95893     179.99994
     -21.94793     179.99994
     -21.93693     179.99994
     -21.92593     179.99994
     -21.91493     179.99994
     -21.90293     179.99994
     -21.89193     179.99994
     -21.88093     179.99994
     -21.86993     179.99994
     -21.85893     179.99994
     -21.84793     179.99994
     -21.83693     179.99994
     -21.82493     179.99994
     -21.81393     179.99994
     -21.80293     179.99994
     -21.79193     179.99994
     -21.78093     179.99994
     -21.76993     179.99994
     -21.75793     179.99994
     -21.74693     179.99994
     -21.73593     179.99994
     -21.72493     179.99994
     -21.71393     179.99994
     -21.70293     179.99994
     -21.69193     179.99994
     -21.67993     179.99994
     -21.66893     179.99994
     -21.65793     179.99994
     -21.64693     179.99994
     -21.63593     179.99994
     -21.62493     179.99994
     -21.61293     179.99994
     -21.60193     179.99994
     -21.59093     179.99994
     -21.57993     179.99994
     -21.56893     179.99994
     -21.55793     179.99994
     -21.54593     179.99994
     -21.53493     179.99994
     -21.52393     179.99994
     -21.51293     179.99994
     -21.50193     179.99994
     -21.49093     179.99994
     -21.47993     179.99994
     -21.46793     179.99994
     -21.45693     179.99994
     -21.44593     179.99994
     -21.43493     179.99994
     -21.42393     179.99994
     -21.41293     179.99994
     -21.40093     179.99994
     -21.38993     179.99994
     -21.37893     179.99994
     -21.36793     179.99994
     -21.35693     179.99994
     -21.34593     179.99994
     -21.33493     179.99994
     -21.32293     179.99994
     -21.31193     179.99994
     -21.30093     179.99994
     -21.28993     179.99994
     -21.27893     179.99994
     -21.26793     179.99994
     -21.25593     179.99994
     -21.24493     179.99994
     -21.23393     179.99994
     -21.22293     179.99994
     -21.21193     179.99994
     -21.20093     179.99994
     -21.18993     179.99994
     -21.17793     179.99994
     -21.16693     179.99994
     -21.15593     179.99994
     -21.14493     179.99994
     -21.13393     179.99994
     -21.12293     179.99994
     -21.11093     179.99994
     -21.09993     179.99994
     -21.08893     179.99994
     -21.07793     179.99994
     -21.06693     179.99994
     -21.05593     179.99994
     -21.04393     179.99994
     -21.03293     179.99994
     -21.02193     179.99994
     -21.01093     179.99994
     -20.99993     179.99994
     -20.98893     179.99994
     -20.97793     179.99994
     -20.96593     179.99994
     -20.95493     179.99994
     -20.94393     179.99994
     -20.93293     179.99994
     -20.92193     179.99994
     -20.91093     179.99994
     -20.89893     179.99994
     -20.88793     179.99994
     -20.87693     179.99994
     -20.86593     179.99994
     -20.85493     179.99994
     -20.84393     179.99994
     -20.83293     179.99994
     -20.82093     179.99994
     -20.80993     179.99994
     -20.79893     179.99994
     -20.78793     179.99994
     -20.77693     179.99994
     -20.76593     179.99994
     -20.75393     179.99994
     -20.74293     179.99994
     -20.73193     179.99994
     -20.72093     179.99994
     -20.70993     179.99994
     -20.69893     179.99994
     -20.68693     179.99994
     -20.67593     179.99994
     -20.66493     179.99994
     -20.65393     179.99994
     -20.64293     179.99994
     -20.63193     179.99994
     -20.62093     179.99994
     -20.60893     179.99994
     -20.59793     179.99994
     -20.58693     179.99994
     -20.57593     179.99994
     -20.56493     179.99994
     -20.55393     179.99994
     -20.54193     179.99994
     -20.53093     179.99994
     -20.51993     179.99994
     -20.50893     179.99994
     -20.49793     179.99994
     -20.48693     179.99994
     -20.47593     179.99994
     -20.46393     179.99994
     -20.45293     179.99994
     -20.44193     179.99994
     -20.43093     179.99994
     -20.41993     179.99994
     -20.40893     179.99994
     -20.39693     179.99994
     -20.38593     179.99994
     -20.37493     179.99994
     -20.36393     179.99994
     -20.35293     179.99994
     -20.34193     179.99994
     -20.33093     179.99994
     -20.31893     179.99994
     -20.30793     179.99994
     -20.29693     179.99994
     -20.28593     179.99994
     -20.27493     179.99994
     -20.26393     179.99994
     -20.25193     179.99994
     -20.24093     179.99994
     -20.22993     179.99994
     -20.21893     179.99994
     -20.20793     179.99994
     -20.19693     179.99994
     -20.18493     179.99994
     -20.17393     179.99994
     -20.16293     179.99994
     -20.15193     179.99994
     -20.14093     179.99994
     -20.12993     179.99994
     -20.11893     179.99994
     -20.10693     179.99994
     -20.09593     179.99994
     -20.08493     179.99994
     -20.07393     179.99994
     -20.06293     179.99994
     -20.05193     179.99994
     -20.03993     179.99994
     -20.02893     179.99994
     -20.01793     179.99994
     -20.00693     179.99994
     -19.99593     179.99994
     -19.98493     179.99994
     -19.97393     179.99994
     -19.96193     179.99994
     -19.95093     179.99994
     -19.93993     179.99994
     -19.92893     179.99994
     -19.91793     179.99994
     -19.90693     179.99994
     -19.89493     179.99994
     -19.88393     179.99994
     -19.87293     179.99994
     -19.86193     179.99994
     -19.85093     179.99994
     -19.83993     179.99994
     -19.82793     179.99994
     -19.81693     179.99994
     -19.80593     179.99994
     -19.79493     179.99994
     -19.78393     179.99994
     -19.77293     179.99994
     -19.76193     179.99994
     -19.74993     179.99994
     -19.73893     179.99994
     -19.72793     179.99994
     -19.71693     179.99994
     -19.70593     179.99994
     -19.69493     179.99994
     -19.68293     179.99994
     -19.67193     179.99994
     -19.66093     179.99994
     -19.64993     179.99994
     -19.63893     179.99994
     -19.62793     179.99994
     -19.61693     179.99994
     -19.60493     179.99994
     -19.59393     179.99994
     -19.58293     179.99994
     -19.57193     179.99994
     -19.56093     179.99994
     -19.54993     179.99994
     -19.53793     179.99994
     -19.52693     179.99994
     -19.51593     179.99994
     -19.50493     179.99994
     -19.49393     179.99994
     -19.48293     179.99994
     -19.47193     179.99994
     -19.45993     179.99994
     -19.44893     179.99994
     -19.43793     179.99994
     -19.42693     179.99994
     -19.41593     179.99994
     -19.40493     179.99994
     -19.39293     179.99994
     -19.38193     179.99994
     -19.37093     179.99994
     -19.35993     179.99994
     -19.34893     179.99994
     -19.33793     179.99994
     -19.32593     179.99994
     -19.31493     179.99994
     -19.30393     179.99994
     -19.29293     179.99994
     -19.28193     179.99994
     -19.27093     179.99994
     -19.25993     179.99994
     -19.24793     179.99994
     -19.23693     179.99994
     -19.22593     179.99994
     -19.21493     179.99994
     -19.20393     179.99994
     -19.19293     179.99994
     -19.18093     179.99994
     -19.16993     179.99994
     -19.15893     179.99994
     -19.14793     179.99994
     -19.13693     179.99994
     -19.12593     179.99994
     -19.11493     179.99994
     -19.10293     179.99994
     -19.09193     179.99994
     -19.08093     179.99994
     -19.06993     179.99994
     -19.05893     179.99994
     -19.04793     179.99994
     -19.03593     179.99994
     -19.02493     179.99994
     -19.01393     179.99994
     -19.00293     179.99994
     -18.99193     179.99994
     -18.98093     179.99994
     -18.96893     179.99994
     -18.95793     179.99994
     -18.94693     179.99994
     -18.93593     179.99994
     -18.92493     179.99994
     -18.91393     179.99994
     -18.90293     179.99994
     -18.89093     179.99994
     -18.87993     179.99994
     -18.86893     179.99994
     -18.85793     179.99994
     -18.84693     179.99994
     -18.83593     179.99994
     -18.82393     179.99994
     -18.81293     179.99994
     -18.80193     179.99994
     -18.79093     179.99994
     -18.77993     179.99994
     -18.76893     179.99994
     -18.75793     179.99994
     -18.74593     179.99994
     -18.73493     179.99994
     -18.72393     179.99994
     -18.71293     179.99994
     -18.70193     179.99994
     -18.69093     179.99994
     -18.67893     179.99994
     -18.66793     179.99994
     -18.65693     179.99994
     -18.64593     179.99994
     -18.63493     179.99994
     -18.62393     179.99994
     -18.61193     179.99994
     -18.60093     179.99994
     -18.58993     179.99994
     -18.57893     179.99994
     -18.56793     179.99994
     -18.55693     179.99994
     -18.54593     179.99994
     -18.53393     179.99994
     -18.52293     179.99994
     -18.51193     179.99994
     -18.50093     179.99994
     -18.48993     179.99994
     -18.47893     179.99994
     -18.46693     179.99994
     -18.45593     179.99994
     -18.44493     179.99994
     -18.43393     179.99994
     -18.42293     179.99994
     -18.41193     179.99994
     -18.40093     179.99994
     -18.38893     179.99994
     -18.37793     179.99994
     -18.36693     179.99994
     -18.35593     179.99994
     -18.34493     179.99994
     -18.33393     179.99994
     -18.32193     179.99994
     -18.31093     179.99994
     -18.29993     179.99994
     -18.28893     179.99994
     -18.27793     179.99994
     -18.26693     179.99994
     -18.25593     179.99994
     -18.24393     179.99994
     -18.23293     179.99994
     -18.22193     179.99994
     -18.21093     179.99994
     -18.19993     179.99994
     -18.18893     179.99994
     -18.17693     179.99994
     -18.16593     179.99994
     -18.15493     179.99994
     -18.14393     179.99994
     -18.13293     179.99994
     -18.12193     179.99994
     -18.10993     179.99994
     -18.09893     179.99994
     -18.08793     179.99994
     -18.07693     179.99994
     -18.06593     179.99994
     -18.05493     179.99994
     -18.04393     179.99994
     -18.03193     179.99994
     -18.02093     179.99994
     -18.00993     179.99994
     -17.99893     179.99994
     -17.98793     179.99994
     -17.97693     179.99994
     -17.96493     179.99994
     -17.95393     179.99994
     -17.94293     179.99994
     -17.93193     179.99994
     -17.92093     179.99994
     -17.90993     179.99994
     -17.89893     179.99994
     -17.88693     179.99994
     -17.87593     179.99994
     -17.86493     179.99994
     -17.85393     179.99994
     -17.84293     179.99994
     -17.83193     179.99994
     -17.81993     179.99994
     -17.80893     179.99994
     -17.79793     179.99994
     -17.78693     179.99994
     -17.77593     179.99994
     -17.76493     179.99994
     -17.75293     179.99994
     -17.74193     179.99994
     -17.73093     179.99994
     -17.71993     179.99994
     -17.70893     179.99994
     -17.69793     179.99994
     -17.68693     179.99994
     -17.67493     179.99994
     -17.66393     179.99994
     -17.65293     179.99994
     -17.64193     179.99994
     -17.63093     179.99994
     -17.61993     179.99994
     -17.60793     179.99994
     -17.59693     179.99994
     -17.58593     179.99994
     -17.57493     179.99994
     -17.56393     179.99994
     -17.55293     179.99994
     -17.54193     179.99994
     -17.52993     179.99994
     -17.51893     179.99994
     -17.50793     179.99994
     -17.49693     179.99994
     -17.48593     179.99994
     -17.47493     179.99994
     -17.46293     179.99994
     -17.45193     179.99994
     -17.44093     179.99994
     -17.42993     179.99994
     -17.41893     179.99994
     -17.40793     179.99994
     -17.39693     179.99994
     -17.38493     179.99994
     -17.37393     179.99994
     -17.36293     179.99994
     -17.35193     179.99994
     -17.34093     179.99994
     -17.32993     179.99994
     -17.31793     179.99994
     -17.30693     179.99994
     -17.29593     179.99994
     -17.28493     179.99994
     -17.27393     179.99994
     -17.26293     179.99994
     -17.25093     179.99994
     -17.23993     179.99994
     -17.22893     179.99994
     -17.21793     179.99994
     -17.20693     179.99994
     -17.19593     179.99994
     -17.18493     179.99994
     -17.17293     179.99994
     -17.16193     179.99994
     -17.15093     179.99994
     -17.13993     179.99994
     -17.12893     179.99994
     -17.11793     179.99994
     -17.10593     179.99994
     -17.09493     179.99994
     -17.08393     179.99994
     -17.07293     179.99994
     -17.06193     179.99994
     -17.05093     179.99994
     -17.03993     179.99994
     -17.02793     179.99994
     -17.01693     179.99994
     -17.00593     179.99994
     -16.99493     179.99994
     -16.98393     179.99994
     -16.97293     179.99994
     -16.96093     179.99994
     -16.94993     179.99994
     -16.93893     179.99994
     -16.92793     179.99994
     -16.91693     179.99994
     -16.90593     179.99994
     -16.89393     179.99994
     -16.88293     179.99994
     -16.87193     179.99994
     -16.86093     179.99994
     -16.84993     179.99994
     -16.83893     179.99994
     -16.82793     179.99994
     -16.81593     179.99994
     -16.80493     179.99994
     -16.79393     179.99994
     -16.78293     179.99994
     -16.77193     179.99994
     -16.76093     179.99994
     -16.74893     179.99994
     -16.73793     179.99994
     -16.72693     179.99994
     -16.71593     179.99994
     -16.70493     179.99994
     -16.69393     179.99994
     -16.68293     179.99994
     -16.67093     179.99994
     -16.65993     179.99994
     -16.64893     179.99994
     -16.63793     179.99994
     -16.62693     179.99994
     -16.61593     179.99994
     -16.60393     179.99994
     -16.59293     179.99994
     -16.58193     179.99994
     -16.57093     179.99994
     -16.55993     179.99994
     -16.54893     179.99994
     -16.53693     179.99994
     -16.52593     179.99994
     -16.51493     179.99994
     -16.50393     179.99994
     -16.49293     179.99994
     -16.48193     179.99994
     -16.47093     179.99994
     -16.45893     179.99994
     -16.44793     179.99994
     -16.43693     179.99994
     -16.42593     179.99994
     -16.41493     179.99994
     -16.40393     179.99994
     -16.39193     179.99994
     -16.38093     179.99994
     -16.36993     179.99994
     -16.35893     179.99994
     -16.34793     179.99994
     -16.33693     179.99994
     -16.32593     179.99994
     -16.31393     179.99994
     -16.30293     179.99994
     -16.29193     179.99994
     -16.28093     179.99994
     -16.26993     179.99994
     -16.25893     179.99994
     -16.24693     179.99994
     -16.23593     179.99994
     -16.22493     179.99994
     -16.21393     179.99994
     -16.20293     179.99994
     -16.19193     179.99994
     -16.18093     179.99994
     -16.16893     179.99994
     -16.15793     179.99994
     -16.14693     179.99994
     -16.13593     179.99994
     -16.12493     179.99994
     -16.11393     179.99994
     -16.10193     179.99994
     -16.09093     179.99994
     -16.07993     179.99994
     -16.06893     179.99994
     -16.05793     179.99994
     -16.04693     179.99994
     -16.03493     179.99994
     -16.02393     179.99994
     -16.01293     179.99994
     -16.00193     179.99994
     -15.99093     179.99994
     -15.97993     179.99994
     -15.96893     179.99994
     -15.95693     179.99994
     -15.94593     179.99994
     -15.93493     179.99994
     -15.92393     179.99994
     -15.91293     179.99994
     -15.90193     179.99994
     -15.88993     179.99994
     -15.87893     179.99994
     -15.86793     179.99994
     -15.85693     179.99994
     -15.84593     179.99994
     -15.83493     179.99994
     -15.82393     179.99994
     -15.81193     179.99994
     -15.80093     179.99994
     -15.78993     179.99994
     -15.77893     179.99994
     -15.76793     179.99994
     -15.75693     179.99994
     -15.74493     179.99994
     -15.73393     179.99994
     -15.72293     179.99994
     -15.71193     179.99994
     -15.70093     179.99994
     -15.68993     179.99994
     -15.67793     179.99994
     -15.66693     179.99994
     -15.65593     179.99994
     -15.64493     179.99994
     -15.63393     179.99994
     -15.62293     179.99994
     -15.61193     179.99994
     -15.59993     179.99994
     -15.58893     179.99994
     -15.57793     179.99994
     -15.56693     179.99994
     -15.55593     179.99994
     -15.54493     179.99994
     -15.53293     179.99994
     -15.52193     179.99994
     -15.51093     179.99994
     -15.49993     179.99994
     -15.48893     179.99994
     -15.47793     179.99994
     -15.46693     179.99994
     -15.45493     179.99994
     -15.44393     179.99994
     -15.43293     179.99994
     -15.42193     179.99994
     -15.41093     179.99994
     -15.39993     179.99994
     -15.38793     179.99994
     -15.37693     179.99994
     -15.36593     179.99994
     -15.35493     179.99994
     -15.34393     179.99994
     -15.33293     179.99994
     -15.32193     179.99994
     -15.30993     179.99994
     -15.29893     179.99994
     -15.28793     179.99994
     -15.27693     179.99994
     -15.26593     179.99994
     -15.25493     179.99994
     -15.24293     179.99994
     -15.23193     179.99994
     -15.22093     179.99994
     -15.20993     179.99994
     -15.19893     179.99994
     -15.18793     179.99994
     -15.17593     179.99994
     -15.16493     179.99994
     -15.15393     179.99994
     -15.14293     179.99994
     -15.13193     179.99994
     -15.12093     179.99994
     -15.10993     179.99994
     -15.09793     179.99994
     -15.08693     179.99994
     -15.07593     179.99994
     -15.06493     179.99994
     -15.05393     179.99994
     -15.04293     179.99994
     -15.03093     179.99994
     -15.01993     179.99994
     -15.00893     179.99994
     -14.99793     179.99994
     -14.98693     179.99994
     -14.97593     179.99994
     -14.96493     179.99994
     -14.95293     179.99994
     -14.94193     179.99994
     -14.93093     179.99994
     -14.91993     179.99994
     -14.90893     179.99994
     -14.89793     179.99994
     -14.88593     179.99994
     -14.87493     179.99994
     -14.86393     179.99994
     -14.85293     179.99994
     -14.84193     179.99994
     -14.83093     179.99994
     -14.81893     179.99994
     -14.80793     179.99994
     -14.79693     179.99994
     -14.78593     179.99994
     -14.77493     179.99994
     -14.76393     179.99994
     -14.75293     179.99994
     -14.74093     179.99994
     -14.72993     179.99994
     -14.71893     179.99994
     -14.70793     179.99994
     -14.69693     179.99994
     -14.68593     179.99994
     -14.67393     179.99994
     -14.66293     179.99994
     -14.65193     179.99994
     -14.64093     179.99994
     -14.62993     179.99994
     -14.61893     179.99994
     -14.60793     179.99994
     -14.59593     179.99994
     -14.58493     179.99994
     -14.57393     179.99994
     -14.56293     179.99994
     -14.55193     179.99994
     -14.54093     179.99994
     -14.52893     179.99994
     -14.51793     179.99994
     -14.50693     179.99994
     -14.49593     179.99994
     -14.48493     179.99994
     -14.47393     179.99994
     -14.46293     179.99994
     -14.45093     179.99994
     -14.43993     179.99994
     -14.42893     179.99994
     -14.41793     179.99994
     -14.40693     179.99994
     -14.39593     179.99994
     -14.38393     179.99994
     -14.37293     179.99994
     -14.36193     179.99994
     -14.35093     179.99994
     -14.33993     179.99994
     -14.32893     179.99994
     -14.31693     179.99994
     -14.30593     179.99994
     -14.29493     179.99994
     -14.28393     179.99994
     -14.27293     179.99994
     -14.26193     179.99994
     -14.25093     179.99994
     -14.23893     179.99994
     -14.22793     179.99994
     -14.21693     179.99994
     -14.20593     179.99994
     -14.19493     179.99994
     -14.18393     179.99994
     -14.17193     179.99994
     -14.16093     179.99994
     -14.14993     179.99994
     -14.13893     179.99994
     -14.12793     179.99994
     -14.11693     179.99994
     -14.10593     179.99994
     -14.09393     179.99994
     -14.08293     179.99994
     -14.07193     179.99994
     -14.06093     179.99994
     -14.04993     179.99994
     -14.03893     179.99994
     -14.02693     179.99994
     -14.01593     179.99994
     -14.00493     179.99994
     -13.99393     179.99994
     -13.98293     179.99994
     -13.97193     179.99994
     -13.95993     179.99994
     -13.94893     179.99994
     -13.93793     179.99994
     -13.92693     179.99994
     -13.91593     179.99994
     -13.90493     179.99994
     -13.89393     179.99994
     -13.88193     179.99994
     -13.87093     179.99994
     -13.85993     179.99994
     -13.84893     179.99994
     -13.83793     179.99994
     -13.82693     179.99994
     -13.81493     179.99994
     -13.80393     179.99994
     -13.79293     179.99994
     -13.78193     179.99994
     -13.77093     179.99994
     -13.75993     179.99994
     -13.74893     179.99994
     -13.73693     179.99994
     -13.72593     179.99994
     -13.71493     179.99994
     -13.70393     179.99994
     -13.69293     179.99994
     -13.68193     179.99994
     -13.66993     179.99994
     -13.65893     179.99994
     -13.64793     179.99994
     -13.63693     179.99994
     -13.62593     179.99994
     -13.61493     179.99994
     -13.60293     179.99994
     -13.59193     179.99994
     -13.58093     179.99994
     -13.56993     179.99994
     -13.55893     179.99994
     -13.54793     179.99994
     -13.53693     179.99994
     -13.52493     179.99994
     -13.51393     179.99994
     -13.50293     179.99994
     -13.49193     179.99994
     -13.48093     179.99994
     -13.46993     179.99994
     -13.45793     179.99994
     -13.44693     179.99994
     -13.43593     179.99994
     -13.42493     179.99994
     -13.41393     179.99994
     -13.40293     179.99994
     -13.39193     179.99994
     -13.37993     179.99994
     -13.36893     179.99994
     -13.35793     179.99994
     -13.34693     179.99994
     -13.33593     179.99994
     -13.32493     179.99994
     -13.31293     179.99994
     -13.30193     179.99994
     -13.29093     179.99994
     -13.27993     179.99994
     -13.26893     179.99994
     -13.25793     179.99994
     -13.24693     179.99994
     -13.23493     179.99994
     -13.22393     179.99994
     -13.21293     179.99994
     -13.20193     179.99994
     -13.19093     179.99994
     -13.17993     179.99994
     -13.16793     179.99994
     -13.15693     179.99994
     -13.14593     179.99994
     -13.13493     179.99994
     -13.12393     179.99994
     -13.11293     179.99994
     -13.10093     179.99994
     -13.08993     179.99994
     -13.07893     179.99994
     -13.06793     179.99994
     -13.05693     179.99994
     -13.04593     179.99994
     -13.03493     179.99994
     -13.02293     179.99994
     -13.01193     179.99994
     -13.00093     179.99994
     -12.98993     179.99994
     -12.97893     179.99994
     -12.96793     179.99994
     -12.95593     179.99994
     -12.94493     179.99994
     -12.93393     179.99994
     -12.92293     179.99994
     -12.91193     179.99994
     -12.90093     179.99994
     -12.88993     179.99994
     -12.87793     179.99994
     -12.86693     179.99994
     -12.85593     179.99994
     -12.84493     179.99994
     -12.83393     179.99994
     -12.82293     179.99994
     -12.81093     179.99994
     -12.79993     179.99994
     -12.78893     179.99994
     -12.77793     179.99994
     -12.76693     179.99994
     -12.75593     179.99994
     -12.74393     179.99994
     -12.73293     179.99994
     -12.72193     179.99994
     -12.71093     179.99994
     -12.69993     179.99994
     -12.68893     179.99994
     -12.67793     179.99994
     -12.66593     179.99994
     -12.65493     179.99994
     -12.64393     179.99994
     -12.63293     179.99994
     -12.62193     179.99994
     -12.61093     179.99994
     -12.59893     179.99994
     -12.58793     179.99994
     -12.57693     179.99994
     -12.56593     179.99994
     -12.55493     179.99994
     -12.54393     179.99994
     -12.53293     179.99994
     -12.52093     179.99994
     -12.50993     179.99994
     -12.49893     179.99994
     -12.48793     179.99994
     -12.47693     179.99994
     -12.46593     179.99994
     -12.45393     179.99994
     -12.44293     179.99994
     -12.43193     179.99994
     -12.42093     179.99995
     -12.40993     179.99996
     -12.39893     180.00001
     -12.38793     180.00014
     -12.37593     180.00046
     -12.36493     180.00118
     -12.35393     180.00267
     -12.34293     180.00545
     -12.33193     180.01015
     -12.32093     180.01739
     -12.30893     180.02751
     -12.29793     180.04034
     -12.28693     180.05513
     -12.27593     180.07060
     -12.26493     180.08531
     -12.25393     180.09801
     -12.24193     180.10797
     -12.23093     180.11506
     -12.21993     180.11964
     -12.20893     180.12233
     -12.19793     180.12376
     -12.18693     180.12446
     -12.17593     180.12477
     -12.16393     180.12493
     -12.15293     180.12508
     -12.14193     180.12540
     -12.13093     180.12622
     -12.11993     180.12815
     -12.10893     180.13232
     -12.09693     180.14050
     -12.08593     180.15506
     -12.07493     180.17859
     -12.06393     180.21312
     -12.05293     180.25913
     -12.04193     180.31483
     -12.03093     180.37605
     -12.01893     180.43716
     -12.00793     180.49257
     -11.99693     180.53819
     -11.98593     180.57230
     -11.97493     180.59547
     -11.96393     180.60975
     -11.95193     180.61775
     -11.94093     180.62182
     -11.92993     180.62372
     -11.91893     180.62455
     -11.90793     180.62501
     -11.89693     180.62555
     -11.88493     180.62668
     -11.87393     180.62922
     -11.86293     180.63448
     -11.85193     180.64445
     -11.84093     180.66159
     -11.82993     180.68838
     -11.81893     180.72645
     -11.80693     180.77562
     -11.79593     180.83332
     -11.78493     180.89488
     -11.77393     180.95457
     -11.76293     181.00717
     -11.75193     181.04933
     -11.73993     181.08005
     -11.72893     181.10047
     -11.71793     181.11298
     -11.70693     181.12035
     -11.69593     181.12510
     -11.68493     181.12929
     -11.67393     181.13450
     -11.66193     181.14183
     -11.65093     181.15187
     -11.63993     181.16461
     -11.62893     181.17933
     -11.61793     181.19481
     -11.60693     181.20960
     -11.59493     181.22241
     -11.58393     181.23251
     -11.57293     181.23973
     -11.56193     181.24442
     -11.55093     181.24719
     -11.53993     181.24868
     -11.52793     181.24942
     -11.51693     181.24979
     -11.50593     181.25008
     -11.49493     181.25059
     -11.48393     181.25176
     -11.47293     181.25441
     -11.46193     181.25991
     -11.44993     181.27030
     -11.43893     181.28810
     -11.42793     181.31581
     -11.41693     181.35499
     -11.40593     181.40538
     -11.39493     181.46442
     -11.38293     181.52768
     -11.37193     181.59025
     -11.36093     181.64846
     -11.34993     181.70128
     -11.33893     181.75050
     -11.32793     181.79976
     -11.31693     181.85269
     -11.30493     181.91107
     -11.29393     181.97383
     -11.28293     182.03739
     -11.27193     182.09713
     -11.26093     182.14925
     -11.24993     182.19231
     -11.23793     182.22777
     -11.22693     182.25942
     -11.21593     182.29221
     -11.20493     182.33074
     -11.19393     182.37801
     -11.18293     182.43481
     -11.17193     182.49995
     -11.15993     182.57142
     -11.14893     182.64787
     -11.13793     182.72971
     -11.12693     182.81910
     -11.11593     182.91865
     -11.10493     183.02945
     -11.09293     183.14926
     -11.08193     183.27226
     -11.07093     183.39028
     -11.05993     183.49521
     -11.04893     183.58116
     -11.03793     183.64589
     -11.02593     183.69079
     -11.01493     183.71976
     -11.00393     183.73776
     -10.99293     183.74958
     -10.98193     183.75910
     -10.97093     183.76899
     -10.95993     183.78069
     -10.94793     183.79449
     -10.93693     183.80972
     -10.92593     183.82514
     -10.91493     183.83937
     -10.90393     183.85129
     -10.89293     183.86037
     -10.88093     183.86665
     -10.86993     183.87060
     -10.85893     183.87288
     -10.84793     183.87415
     -10.83693     183.87501
     -10.82593     183.87611
     -10.81493     183.87834
     -10.80293     183.88318
     -10.79193     183.89307
     -10.78093     183.91159
     -10.76993     183.94327
     -10.75893     183.99273
     -10.74793     184.06328
     -10.73593     184.15526
     -10.72493     184.26498
     -10.71393     184.38485
     -10.70293     184.50512
     -10.69193     184.61658
     -10.68093     184.71316
     -10.66893     184.79329
     -10.65793     184.85998
     -10.64693     184.91949
     -10.63593     184.97958
     -10.62493     185.04787
     -10.61393     185.13075
     -10.60293     185.23276
     -10.59093     185.35625
     -10.57993     185.50128
     -10.56893     185.66550
     -10.55793     185.84399
     -10.54693     186.02923
     -10.53593     186.21158
     -10.52393     186.38059
     -10.51293     186.52707
     -10.50193     186.64508
     -10.49093     186.73305
     -10.47993     186.79348
     -10.46893     186.83162
     -10.45793     186.85370
     -10.44593     186.86541
     -10.43493     186.87108
     -10.42393     186.87360
     -10.41293     186.87462
     -10.40193     186.87502
     -10.39093     186.87519
     -10.37893     186.87535
     -10.36793     186.87566
     -10.35693     186.87635
     -10.34593     186.87777
     -10.33493     186.88045
     -10.32393     186.88501
     -10.31293     186.89206
     -10.30093     186.90199
     -10.28993     186.91468
     -10.27893     186.92944
     -10.26793     186.94510
     -10.25693     186.96042
     -10.24593     186.97465
     -10.23393     186.98809
     -10.22293     187.00265
     -10.21193     187.02214
     -10.20093     187.05239
     -10.18993     187.10082
     -10.17893     187.17542
     -10.16693     187.28301
     -10.15593     187.42697
     -10.14493     187.60547
     -10.13393     187.81096
     -10.12293     188.03146
     -10.11193     188.25340
     -10.10093     188.46542
     -10.08893     188.66082
     -10.07793     188.83831
     -10.06693     189.00079
     -10.05593     189.15274
     -10.04493     189.29804
     -10.03393     189.43894
     -10.02193     189.57588
     -10.01093     189.70802
      -9.99993     189.83364
      -9.98893     189.95055
      -9.97793     190.05658
      -9.96693     190.14999
      -9.95593     190.22994
      -9.94393     190.29666
      -9.93293     190.35110
      -9.92193     190.39457
      -9.91093     190.42835
      -9.89993     190.45367
      -9.88893     190.47178
      -9.87693     190.48408
      -9.86593     190.49216
      -9.85493     190.49780
      -9.84393     190.50305
      -9.83293     190.51045
      -9.82193     190.52322
      -9.80993     190.54528
      -9.79893     190.58081
      -9.78793     190.63323
      -9.77693     190.70393
      -9.76593     190.79140
      -9.75493     190.89144
      -9.74393     190.99875
      -9.73193     191.10918
      -9.72093     191.22171
      -9.70993     191.33879
      -9.69893     191.46513
      -9.68793     191.60519
      -9.67693     191.76082
      -9.66493     191.92994
      -9.65393     192.10676
      -9.64293     192.28342
      -9.63193     192.45243
      -9.62093     192.60889
      -9.60993     192.75163
      -9.59893     192.88316
      -9.58693     193.00816
      -9.57593     193.13121
      -9.56493     193.25459
      -9.55393     193.37731
      -9.54293     193.49551
      -9.53193     193.60418
      -9.51993     193.69931
      -9.50893     193.77935
      -9.49793     193.84549
      -9.48693     193.90064
      -9.47593     193.94792
      -9.46493     193.98935
      -9.45293     194.02554
      -9.44193     194.05609
      -9.43093     194.08047
      -9.41993     194.09877
      -9.40893     194.11204
      -9.39793     194.12233
      -9.38693     194.13252
      -9.37493     194.14610
      -9.36393     194.16698
      -9.35293     194.19911
      -9.34193     194.24583
      -9.33093     194.30932
      -9.31993     194.39011
      -9.30793     194.48723
      -9.29693     194.59851
      -9.28593     194.72094
      -9.27493     194.85091
      -9.26393     194.98394
      -9.25293     195.11458
      -9.24193     195.23673
      -9.22993     195.34463
      -9.21893     195.43398
      -9.20793     195.50287
      -9.19693     195.55210
      -9.18593     195.58456
      -9.17493     195.60425
      -9.16293     195.61520
      -9.15193     195.62078
      -9.14093     195.62341
      -9.12993     195.62462
      -9.11893     195.62533
      -9.10793     195.62622
      -9.09693     195.62799
      -9.08493     195.63164
      -9.07393     195.63869
      -9.06293     195.65114
      -9.05193     195.67130
      -9.04093     195.70120
      -9.02993     195.74192
      -9.01793     195.79292
      -9.00693     195.85185
      -8.99593     195.91493
      -8.98493     195.97780
      -8.97393     196.03652
      -8.96293     196.08833
      -8.95093     196.13187
      -8.93993     196.16694
      -8.92893     196.19409
      -8.91793     196.21432
      -8.90693     196.22889
      -8.89593     196.23936
      -8.88493     196.24768
      -8.87293     196.25624
      -8.86193     196.26793
      -8.85093     196.28595
      -8.83993     196.31334
      -8.82893     196.35219
      -8.81793     196.40276
      -8.80593     196.46301
      -8.79493     196.52884
      -8.78393     196.59512
      -8.77293     196.65706
      -8.76193     196.71135
      -8.75093     196.75665
      -8.73993     196.79335
      -8.72793     196.82314
      -8.71693     196.84859
      -8.70593     196.87301
      -8.69493     196.90019
      -8.68393     196.93388
      -8.67293     196.97695
      -8.66093     197.03042
      -8.64993     197.09298
      -8.63893     197.16129
      -8.62793     197.23105
      -8.61693     197.29839
      -8.60593     197.36075
      -8.59393     197.41710
      -8.58293     197.46740
      -8.57193     197.51203
      -8.56093     197.55145
      -8.54993     197.58625
      -8.53893     197.61741
      -8.52793     197.64640
      -8.51593     197.67522
      -8.50493     197.70631
      -8.49393     197.74250
      -8.48293     197.78672
      -8.47193     197.84129
      -8.46093     197.90692
      -8.44893     197.98182
      -8.43793     198.06149
      -8.42693     198.13974
      -8.41593     198.21042
      -8.40493     198.26942
      -8.39393     198.31591
      -8.38293     198.35237
      -8.37093     198.38375
      -8.35993     198.41591
      -8.34893     198.45402
      -8.33793     198.50108
      -8.32693     198.55721
      -8.31593     198.61967
      -8.30393     198.68391
      -8.29293     198.74527
      -8.28193     198.80060
      -8.27093     198.84912
      -8.25993     198.89235
      -8.24893     198.93311
      -8.23793     198.97425
      -8.22593     199.01767
      -8.21493     199.06386
      -8.20393     199.11189
      -8.19293     199.15990
      -8.18193     199.20565
      -8.17093     199.24707
      -8.15893     199.28264
      -8.14793     199.31156
      -8.13693     199.33376
      -8.12593     199.34977
      -8.11493     199.36057
      -8.10393     199.36734
      -8.09193     199.37127
      -8.08093     199.37338
      -8.06993     199.37441
      -8.05893     199.37488
      -8.04793     199.37507
      -8.03693     199.37514
      -8.02593     199.37516
      -8.01393     199.37517
      -8.00293     199.37518
      -7.99193     199.37519
      -7.98093     199.37525
      -7.96993     199.37539
      -7.95893     199.37574
      -7.94693     199.37656
      -7.93593     199.37832
      -7.92493     199.38176
      -7.91393     199.38803
      -7.90293     199.39866
      -7.89193     199.41552
      -7.88093     199.44061
      -7.86893     199.47573
      -7.85793     199.52194
      -7.84693     199.57890
      -7.83593     199.64444
      -7.82493     199.71458
      -7.81393     199.78424
      -7.80193     199.84870
      -7.79093     199.90502
      -7.77993     199.95314
      -7.76893     199.99588
      -7.75793     200.03787
      -7.74693     200.08387
      -7.73493     200.13695
      -7.72393     200.19740
      -7.71293     200.26270
      -7.70193     200.32855
      -7.69093     200.39041
      -7.67993     200.44496
      -7.66893     200.49066
      -7.65693     200.52757
      -7.64593     200.55665
      -7.63493     200.57919
      -7.62393     200.59651
      -7.61293     200.61015
      -7.60193     200.62211
      -7.58993     200.63514
      -7.57893     200.65288
      -7.56793     200.67970
      -7.55693     200.72043
      -7.54593     200.77964
      -7.53493     200.86073
      -7.52393     200.96486
      -7.51193     201.09008
      -7.50093     201.23109
      -7.48993     201.37986
      -7.47893     201.52717
      -7.46793     201.66439
      -7.45693     201.78512
      -7.44493     201.88627
      -7.43393     201.96816
      -7.42293     202.03422
      -7.41193     202.09040
      -7.40093     202.14442
      -7.38993     202.20467
      -7.37893     202.27886
      -7.36693     202.37228
      -7.35593     202.48651
      -7.34493     202.61888
      -7.33393     202.76290
      -7.32293     202.90971
      -7.31193     203.05011
      -7.29993     203.17645
      -7.28893     203.28397
      -7.27793     203.37163
      -7.26693     203.44188
      -7.25593     203.49967
      -7.24493     203.55098
      -7.23293     203.60165
      -7.22193     203.65671
      -7.21093     203.72037
      -7.19993     203.79625
      -7.18893     203.88721
      -7.17793     203.99460
      -7.16693     204.11737
      -7.15493     204.25135
      -7.14393     204.38969
      -7.13293     204.52450
      -7.12193     204.64878
      -7.11093     204.75830
      -7.09993     204.85280
      -7.08793     204.93590
      -7.07693     205.01404
      -7.06593     205.09452
      -7.05493     205.18315
      -7.04393     205.28227
      -7.03293     205.38995
      -7.02193     205.50062
      -7.00993     205.60705
      -6.99893     205.70268
      -6.98793     205.78339
      -6.97693     205.84807
      -6.96593     205.89813
      -6.95493     205.93659
      -6.94293     205.96717
      -6.93193     205.99374
      -6.92093     206.02000
      -6.90993     206.04925
      -6.89893     206.08419
      -6.88793     206.12678
      -6.87593     206.17840
      -6.86493     206.24002
      -6.85393     206.31225
      -6.84293     206.39502
      -6.83193     206.48705
      -6.82093     206.58547
      -6.80993     206.68599
      -6.79793     206.78358
      -6.78693     206.87370
      -6.77593     206.95354
      -6.76493     207.02272
      -6.75393     207.08351
      -6.74293     207.13996
      -6.73093     207.19652
      -6.71993     207.25630
      -6.70893     207.31980
      -6.69793     207.38469
      -6.68693     207.44673
      -6.67593     207.50142
      -6.66493     207.54570
      -6.65293     207.57884
      -6.64193     207.60257
      -6.63093     207.62050
      -6.61993     207.63746
      -6.60893     207.65884
      -6.59793     207.69004
      -6.58593     207.73561
      -6.57493     207.79834
      -6.56393     207.87812
      -6.55293     207.97150
      -6.54193     208.07206
      -6.53093     208.17181
      -6.51893     208.26318
      -6.50793     208.34091
      -6.49693     208.40316
      -6.48593     208.45159
      -6.47493     208.49056
      -6.46393     208.52554
      -6.45293     208.56162
      -6.44093     208.60214
      -6.42993     208.64811
      -6.41893     208.69851
      -6.40793     208.75135
      -6.39693     208.80512
      -6.38593     208.85978
      -6.37393     208.91681
      -6.36293     208.97837
      -6.35193     209.04603
      -6.34093     209.12002
      -6.32993     209.19939
      -6.31893     209.28284
      -6.30793     209.36949
      -6.29593     209.45891
      -6.28493     209.55032
      -6.27393     209.64169
      -6.26293     209.72954
      -6.25193     209.80981
      -6.24093     209.87947
      -6.22893     209.93768
      -6.21793     209.98604
      -6.20693     210.02764
      -6.19593     210.06556
      -6.18493     210.10158
      -6.17393     210.13577
      -6.16293     210.16693
      -6.15093     210.19345
      -6.13993     210.21423
      -6.12893     210.22911
      -6.11793     210.23884
      -6.10693     210.24469
      -6.09593     210.24807
      -6.08393     210.25028
      -6.07293     210.25255
      -6.06193     210.25617
      -6.05093     210.26273
      -6.03993     210.27430
      -6.02893     210.29350
      -6.01693     210.32342
      -6.00593     210.36756
      -5.99493     210.42953
      -5.98393     210.51258
      -5.97293     210.61882
      -5.96193     210.74812
      -5.95093     210.89727
      -5.93893     211.05976
      -5.92793     211.22648
      -5.91693     211.38768
      -5.90593     211.53483
      -5.89493     211.66184
      -5.88393     211.76558
      -5.87193     211.84569
      -5.86093     211.90405
      -5.84993     211.94397
      -5.83893     211.96948
      -5.82793     211.98463
      -5.81693     211.99303
      -5.80593     211.99750
      -5.79393     212.00011
      -5.78293     212.00235
      -5.77193     212.00535
      -5.76093     212.01002
      -5.74993     212.01712
      -5.73893     212.02706
      -5.72693     212.03975
      -5.71593     212.05446
      -5.70493     212.06999
      -5.69393     212.08496
      -5.68293     212.09832
      -5.67193     212.10977
      -5.65993     212.12021
      -5.64893     212.13190
      -5.63793     212.14863
      -5.62693     212.17559
      -5.61593     212.21877
      -5.60493     212.28381
      -5.59393     212.37423
      -5.58193     212.48991
      -5.57093     212.62635
      -5.55993     212.77550
      -5.54893     212.92789
      -5.53793     213.07493
      -5.52693     213.21064
      -5.51493     213.33179
      -5.50393     213.43691
      -5.49293     213.52536
      -5.48193     213.59686
      -5.47093     213.65166
      -5.45993     213.69101
      -5.44893     213.71725
      -5.43693     213.73345
      -5.42593     213.74291
      -5.41493     213.74863
      -5.40393     213.75315
      -5.39293     213.75865
      -5.38193     213.76702
      -5.36993     213.77987
      -5.35893     213.79826
      -5.34793     213.82230
      -5.33693     213.85086
      -5.32593     213.88171
      -5.31493     213.91202
      -5.30393     213.93920
      -5.29193     213.96167
      -5.28093     213.97935
      -5.26993     213.99373
      -5.25893     214.00758
      -5.24793     214.02451
      -5.23693     214.04826
      -5.22493     214.08185
      -5.21393     214.12669
      -5.20293     214.18187
      -5.19193     214.24431
      -5.18093     214.30971
      -5.16993     214.37434
      -5.15793     214.43670
      -5.14693     214.49834
      -5.13593     214.56314
      -5.12493     214.63538
      -5.11393     214.71737
      -5.10293     214.80783
      -5.09193     214.90172
      -5.07993     214.99184
      -5.06893     215.07110
      -5.05793     215.13472
      -5.04693     215.18125
      -5.03593     215.21221
      -5.02493     215.23096
      -5.01293     215.24128
      -5.00193     215.24646
      -4.99093     215.24881
      -4.97993     215.24978
      -4.96893     215.25015
      -4.95793     215.25028
      -4.94693     215.25031
      -4.93493     215.25033
      -4.92393     215.25033
      -4.91293     215.25033
      -4.90193     215.25033
      -4.89093     215.25033
      -4.87993     215.25033
      -4.86793     215.25033
      -4.85693     215.25034
      -4.84593     215.25035
      -4.83493     215.25042
      -4.82393     215.25061
      -4.81293     215.25115
      -4.80093     215.25252
      -4.78993     215.25569
      -4.77893     215.26238
      -4.76793     215.27523
      -4.75693     215.29770
      -4.74593     215.33353
      -4.73493     215.38551
      -4.72293     215.45421
      -4.71193     215.53689
      -4.70093     215.62752
      -4.68993     215.71798
      -4.67893     215.80018
      -4.66793     215.86820
      -4.65593     215.91942
      -4.64493     215.95453
      -4.63393     215.97645
      -4.62293     215.98892
      -4.61193     215.99546
      -4.60093     215.99882
      -4.58993     216.00101
      -4.57793     216.00365
      -4.56693     216.00838
      -4.55593     216.01726
      -4.54493     216.03280
      -4.53393     216.05759
      -4.52293     216.09354
      -4.51093     216.14089
      -4.49993     216.19754
      -4.48893     216.25907
      -4.47793     216.31980
      -4.46693     216.37425
      -4.45593     216.41868
      -4.44393     216.45184
      -4.43293     216.47488
      -4.42193     216.49063
      -4.41093     216.50277
      -4.39993     216.51515
      -4.38893     216.53144
      -4.37793     216.55495
      -4.36593     216.58845
      -4.35493     216.63394
      -4.34393     216.69240
      -4.33293     216.76352
      -4.32193     216.84533
      -4.31093     216.93411
      -4.29893     217.02463
      -4.28793     217.11093
      -4.27693     217.18764
      -4.26593     217.25127
      -4.25493     217.30113
      -4.24393     217.33943
      -4.23293     217.37078
      -4.22093     217.40104
      -4.20993     217.43605
      -4.19893     217.48038
      -4.18793     217.53631
      -4.17693     217.60331
      -4.16593     217.67834
      -4.15393     217.75670
      -4.14293     217.83329
      -4.13193     217.90364
      -4.12093     217.96462
      -4.10993     218.01453
      -4.09893     218.05305
      -4.08793     218.08097
      -4.07593     218.09986
      -4.06493     218.11173
      -4.05393     218.11861
      -4.04293     218.12228
      -4.03193     218.12408
      -4.02093     218.12490
      -4.00893     218.12530
      -3.99793     218.12561
      -3.98693     218.12610
      -3.97593     218.12710
      -3.96493     218.12906
      -3.95393     218.13259
      -3.94193     218.13840
      -3.93093     218.14717
      -3.91993     218.15938
      -3.90893     218.17533
      -3.89793     218.19523
      -3.88693     218.21955
      -3.87593     218.24932
      -3.86393     218.28606
      -3.85293     218.33123
      -3.84193     218.38523
      -3.83093     218.44669
      -3.81993     218.51244
      -3.80893     218.57849
      -3.79693     218.64171
      -3.78593     218.70136
      -3.77493     218.75973
      -3.76393     218.82162
      -3.75293     218.89281
      -3.74193     218.97821
      -3.73093     219.08021
      -3.71893     219.19778
      -3.70793     219.32629
      -3.69693     219.45849
      -3.68593     219.58583
      -3.67493     219.70030
      -3.66393     219.79624
      -3.65193     219.87154
      -3.64093     219.92792
      -3.62993     219.97068
      -3.61893     220.00784
      -3.60793     220.04920
      -3.59693     220.10497
      -3.58493     220.18414
      -3.57393     220.29229
      -3.56293     220.42979
      -3.55193     220.59094
      -3.54093     220.76491
      -3.52993     220.93867
      -3.51893     221.10054
      -3.50693     221.24289
      -3.49593     221.36319
      -3.48493     221.46338
      -3.47393     221.54822
      -3.46293     221.62360
      -3.45193     221.69559
      -3.43993     221.76983
      -3.42893     221.85123
      -3.41793     221.94343
      -3.40693     222.04818
      -3.39593     222.16497
      -3.38493     222.29120
      -3.37393     222.42289
      -3.36193     222.55587
      -3.35093     222.68695
      -3.33993     222.81474
      -3.32893     222.93991
      -3.31793     223.06436
      -3.30693     223.18969
      -3.29493     223.31609
      -3.28393     223.44148
      -3.27293     223.56169
      -3.26193     223.67155
      -3.25093     223.76641
      -3.23993     223.84332
      -3.22893     223.90177
      -3.21693     223.94381
      -3.20593     223.97365
      -3.19493     223.99715
      -3.18393     224.02154
      -3.17293     224.05514
      -3.16193     224.10693
      -3.14993     224.18537
      -3.13893     224.29642
      -3.12793     224.44123
      -3.11693     224.61448
      -3.10593     224.80491
      -3.09493     224.99768
      -3.08293     225.17802
      -3.07193     225.33470
      -3.06093     225.46205
      -3.04993     225.55978
      -3.03893     225.63165
      -3.02793     225.68387
      -3.01693     225.72401
      -3.00493     225.76055
      -2.99393     225.80265
      -2.98293     225.85963
      -2.97193     225.93991
      -2.96093     226.04928
      -2.94993     226.18940
      -2.93793     226.35674
      -2.92693     226.54310
      -2.91593     226.73766
      -2.90493     226.92982
      -2.89393     227.11200
      -2.88293     227.28123
      -2.87193     227.43920
      -2.85993     227.59109
      -2.84893     227.74403
      -2.83793     227.90540
      -2.82693     228.08161
      -2.81593     228.27701
      -2.80493     228.49271
      -2.79293     228.72575
      -2.78193     228.96856
      -2.77093     229.20981
      -2.75993     229.43661
      -2.74893     229.63741
      -2.73793     229.80492
      -2.72593     229.93762
      -2.71493     230.03969
      -2.70393     230.11921
      -2.69293     230.18545
      -2.68193     230.24658
      -2.67093     230.30835
      -2.65993     230.37416
      -2.64793     230.44592
      -2.63693     230.52533
      -2.62593     230.61475
      -2.61493     230.71739
      -2.60393     230.83661
      -2.59293     230.97466
      -2.58093     231.13129
      -2.56993     231.30292
      -2.55893     231.48304
      -2.54793     231.66348
      -2.53693     231.83657
      -2.52593     231.99704
      -2.51493     232.14302
      -2.50293     232.27555
      -2.49193     232.39732
      -2.48093     232.51143
      -2.46993     232.62084
      -2.45893     232.72832
      -2.44793     232.83689
      -2.43593     232.94981
      -2.42493     233.06968
      -2.41393     233.19753
      -2.40293     233.33213
      -2.39193     233.47029
      -2.38093     233.60818
      -2.36993     233.74261
      -2.35793     233.87190
      -2.34693     233.99579
      -2.33593     234.11482
      -2.32493     234.22990
      -2.31393     234.34224
      -2.30293     234.45381
      -2.29093     234.56737
      -2.27993     234.68602
      -2.26893     234.81225
      -2.25793     234.94707
      -2.24693     235.08986
      -2.23593     235.23879
      -2.22393     235.39152
      -2.21293     235.54580
      -2.20193     235.69987
      -2.19093     235.85242
      -2.17993     236.00253
      -2.16893     236.14956
      -2.15793     236.29325
      -2.14593     236.43426
      -2.13493     236.57477
      -2.12393     236.71896
      -2.11293     236.87297
      -2.10193     237.04387
      -2.09093     237.23815
      -2.07893     237.45988
      -2.06793     237.70899
      -2.05693     237.98019
      -2.04593     238.26294
      -2.03493     238.54312
      -2.02393     238.80634
      -2.01293     239.04206
      -2.00093     239.24689
      -1.98993     239.42527
      -1.97893     239.58748
      -1.96793     239.74539
      -1.95693     239.90815
      -1.94593     240.07934
      -1.93393     240.25661
      -1.92293     240.43343
      -1.91193     240.60171
      -1.90093     240.75449
      -1.88993     240.88781
      -1.87893     241.00126
      -1.86693     241.09758
      -1.85593     241.18153
      -1.84493     241.25867
      -1.83393     241.33421
      -1.82293     241.41227
      -1.81193     241.49557
      -1.80093     241.58532
      -1.78893     241.68156
      -1.77793     241.78359
      -1.76693     241.89024
      -1.75593     241.99980
      -1.74493     242.10970
      -1.73393     242.21640
      -1.72193     242.31584
      -1.71093     242.40466
      -1.69993     242.48151
      -1.68893     242.54803
      -1.67793     242.60897
      -1.66693     242.67123
      -1.65593     242.74225
      -1.64393     242.82808
      -1.63293     242.93169
      -1.62193     243.05201
      -1.61093     243.18393
      -1.59993     243.31964
      -1.58893     243.45027
      -1.57693     243.56786
      -1.56593     243.66719
      -1.55493     243.74686
      -1.54393     243.80951
      -1.53293     243.86123
      -1.52193     243.91024
      -1.50993     243.96520
      -1.49893     244.03347
      -1.48793     244.11958
      -1.47693     244.22453
      -1.46593     244.34568
      -1.45493     244.47765
      -1.44393     244.61381
      -1.43193     244.74774
      -1.42093     244.87453
      -1.40993     244.99177
      -1.39893     245.09993
      -1.38793     245.20182
      -1.37693     245.30168
      -1.36493     245.40404
      -1.35393     245.51279
      -1.34293     245.63076
      -1.33193     245.75989
      -1.32093     245.90174
      -1.30993     246.05753
      -1.29893     246.22749
      -1.28693     246.41000
      -1.27593     246.60066
      -1.26493     246.79209
      -1.25393     246.97538
      -1.24293     247.14228
      -1.23193     247.28730
      -1.21993     247.40920
      -1.20893     247.51057
      -1.19793     247.59621
      -1.18693     247.67133
      -1.17593     247.74002
      -1.16493     247.80466
      -1.15393     247.86586
      -1.14193     247.92293
      -1.13093     247.97437
      -1.11993     248.01857
      -1.10893     248.05442
      -1.09793     248.08184
      -1.08693     248.10187
      -1.07493     248.11660
      -1.06393     248.12876
      -1.05293     248.14130
      -1.04193     248.15711
      -1.03093     248.17873
      -1.01993     248.20837
      -1.00793     248.24793
      -0.99693     248.29904
      -0.98593     248.36297
      -0.97493     248.44009
      -0.96393     248.52923
      -0.95293     248.62706
      -0.94193     248.72808
      -0.92993     248.82554
      -0.91893     248.91320
      -0.90793     248.98709
      -0.89693     249.04684
      -0.88593     249.09586
      -0.87493     249.14061
      -0.86293     249.18904
      -0.85193     249.24866
      -0.84093     249.32469
      -0.82993     249.41869
      -0.81893     249.52818
      -0.80793     249.64755
      -0.79693     249.76987
      -0.78493     249.88890
      -0.77393     250.00028
      -0.76293     250.10176
      -0.75193     250.19264
      -0.74093     250.27282
      -0.72993     250.34247
      -0.71793     250.40224
      -0.70693     250.45364
      -0.69593     250.49948
      -0.68493     250.54388
      -0.67393     250.59202
      -0.66293     250.64962
      -0.65093     250.72227
      -0.63993     250.81442
      -0.62893     250.92835
      -0.61793     251.06323
      -0.60693     251.21462
      -0.59593     251.37487
      -0.58493     251.53429
      -0.57293     251.68294
      -0.56193     251.81252
      -0.55093     251.91785
      -0.53993     251.99779
      -0.52893     252.05486
      -0.51793     252.09412
      -0.50593     252.12163
      -0.49493     252.14304
      -0.48393     252.16268
      -0.47293     252.18339
      -0.46193     252.20685
      -0.45093     252.23434
      -0.43993     252.26746
      -0.42793     252.30864
      -0.41693     252.36114
      -0.40593     252.42842
      -0.39493     252.51311
      -0.38393     252.61582
      -0.37293     252.73463
      -0.36093     252.86543
      -0.34993     253.00354
      -0.33893     253.14595
      -0.32793     253.29287
      -0.31693     253.44766
      -0.30593     253.61477
      -0.29493     253.79689
      -0.28293     253.99218
      -0.27193     254.19354
      -0.26093     254.39039
      -0.24993     254.57190
      -0.23893     254.73042
      -0.22793     254.86323
      -0.21593     254.97226
      -0.20493     255.06210
      -0.19393     255.13751
      -0.18293     255.20187
      -0.17193     255.25703
      -0.16093     255.30407
      -0.14893     255.34440
      -0.13793     255.38016
      -0.12693     255.41389
      -0.11593     255.44780
      -0.10493     255.48311
      -0.09393     255.52018
      -0.08293     255.55903
      -0.07093     255.60016
      -0.05993     255.64493
      -0.04893     255.69508
      -0.03793     255.75169
      -0.02693     255.81417
      -0.01593     255.87991
      -0.00393     255.94509
       0.00707     256.00635
       0.01807     256.06241
       0.02907     256.11490
       0.04007     256.16799
       0.05107     256.22705
       0.06207     256.29697
       0.07407     256.38082
       0.08507     256.47932
       0.09607     256.59079
       0.10707     256.71150
       0.11807     256.83594
       0.12907     256.95737
       0.14107     257.06874
       0.15207     257.16412
       0.16307     257.24014
       0.17407     257.29664
       0.18507     257.33641
       0.19607     257.36403
       0.20807     257.38443
       0.21907     257.40158
       0.23007     257.41792
       0.24107     257.43424
       0.25207     257.45012
       0.26307     257.46457
       0.27407     257.47666
       0.28607     257.48588
       0.29707     257.49228
       0.30807     257.49631
       0.31907     257.49862
       0.33007     257.49982
       0.34107     257.50039
       0.35307     257.50065
       0.36407     257.50077
       0.37507     257.50089
       0.38607     257.50115
       0.39707     257.50177
       0.40807     257.50317
       0.41907     257.50605
       0.43107     257.51147
       0.44207     257.52068
       0.45307     257.53491
       0.46407     257.55488
       0.47507     257.58033
       0.48607     257.60978
       0.49807     257.64073
       0.50907     257.67028
       0.52007     257.69589
       0.53107     257.71606
       0.54207     257.73049
       0.55307     257.73986
       0.56507     257.74544
       0.57607     257.74858
       0.58707     257.75053
       0.59807     257.75242
       0.60907     257.75555
       0.62007     257.76154
       0.63107     257.77260
       0.64307     257.79132
       0.65407     257.82015
       0.66507     257.86047
       0.67607     257.91169
       0.68707     257.97078
       0.69807     258.03269
       0.71007     258.09160
       0.72107     258.14251
       0.73207     258.18250
       0.74307     258.21106
       0.75407     258.22973
       0.76507     258.24118
       0.77607     258.24836
       0.78807     258.25405
       0.79907     258.26069
       0.81007     258.27039
       0.82107     258.28480
       0.83207     258.30483
       0.84307     258.33029
       0.85507     258.35975
       0.86607     258.39071
       0.87707     258.42027
       0.88807     258.44592
       0.89907     258.46617
       0.91007     258.48082
       0.92107     258.49070
       0.93307     258.49734
       0.94407     258.50247
       0.95507     258.50774
       0.96607     258.51450
       0.97707     258.52367
       0.98807     258.53554
       1.00007     258.54968
       1.01107     258.56506
       1.02207     258.58026
       1.03307     258.59391
       1.04407     258.60505
       1.05507     258.61330
       1.06707     258.61888
       1.07807     258.62237
       1.08907     258.62450
       1.10007     258.62602
       1.11107     258.62768
       1.12207     258.63021
       1.13307     258.63438
       1.14507     258.64089
       1.15607     258.65026
       1.16707     258.66255
       1.17807     258.67732
       1.18907     258.69368
       1.20007     258.71063
       1.21207     258.72740
       1.22307     258.74378
       1.23407     258.76012
       1.24507     258.77702
       1.25607     258.79502
       1.26707     258.81428
       1.27807     258.83459
       1.29007     258.85556
       1.30107     258.87680
       1.31207     258.89792
       1.32307     258.91846
       1.33407     258.93785
       1.34507     258.95540
       1.35707     258.97061
       1.36807     258.98354
       1.37907     258.99503
       1.39007     259.00684
       1.40107     259.02140
       1.41207     259.04143
       1.42407     259.06929
       1.43507     259.10636
       1.44607     259.15252
       1.45707     259.20613
       1.46807     259.26442
       1.47907     259.32440
       1.49007     259.38370
       1.50207     259.44138
       1.51307     259.49819
       1.52407     259.55647
       1.53507     259.61964
       1.54607     259.69143
       1.55707     259.77491
       1.56907     259.87162
       1.58007     259.98109
       1.59107     260.10085
       1.60207     260.22713
       1.61307     260.35576
       1.62407     260.48277
       1.63507     260.60459
       1.64707     260.71799
       1.65807     260.82005
       1.66907     260.90840
       1.68007     260.98180
       1.69107     261.04100
       1.70207     261.08914
       1.71407     261.13167
       1.72507     261.17556
       1.73607     261.22827
       1.74707     261.29653
       1.75807     261.38514
       1.76907     261.49596
       1.78007     261.62704
       1.79207     261.77240
       1.80307     261.92267
       1.81407     262.06692
       1.82507     262.19516
       1.83607     262.30075
       1.84707     262.38167
       1.85907     262.44023
       1.87007     262.48160
       1.88107     262.51174
       1.89207     262.53586
       1.90307     262.55767
       1.91407     262.57964
       1.92607     262.60389
       1.93707     262.63316
       1.94807     262.67143
       1.95907     262.72385
       1.97007     262.79592
       1.98107     262.89221
       1.99207     263.01504
       2.00407     263.16352
       2.01507     263.33354
       2.02607     263.51850
       2.03707     263.71089
       2.04807     263.90422
       2.05907     264.09487
       2.07107     264.28291
       2.08207     264.47155
       2.09307     264.66561
       2.10407     264.86920
       2.11507     265.08407
       2.12607     265.30925
       2.13707     265.54235
       2.14907     265.78114
       2.16007     266.02451
       2.17107     266.27189
       2.18207     266.52150
       2.19307     266.76866
       2.20407     267.00556
       2.21607     267.22299
       2.22707     267.41342
       2.23807     267.57362
       2.24907     267.70554
       2.26007     267.81522
       2.27107     267.91021
       2.28307     267.99686
       2.29407     268.07867
       2.30507     268.15624
       2.31607     268.22847
       2.32707     268.29420
       2.33807     268.35334
       2.34907     268.40716
       2.36107     268.45790
       2.37207     268.50830
       2.38307     268.56161
       2.39407     268.62205
       2.40507     268.69543
       2.41607     268.78910
       2.42807     268.91094
       2.43907     269.06740
       2.45007     269.26118
       2.46107     269.48938
       2.47207     269.74301
       2.48307     270.00880
       2.49407     270.27241
       2.50607     270.52202
       2.51707     270.75050
       2.52807     270.95521
       2.53907     271.13638
       2.55007     271.29502
       2.56107     271.43201
       2.57307     271.54886
       2.58407     271.64912
       2.59507     271.73917
       2.60607     271.82716
       2.61707     271.92072
       2.62807     272.02430
       2.63907     272.13762
       2.65107     272.25593
       2.66207     272.37212
       2.67307     272.47960
       2.68407     272.57479
       2.69507     272.65809
       2.70607     272.73326
       2.71807     272.80570
       2.72907     272.88080
       2.74007     272.96295
       2.75107     273.05577
       2.76207     273.16325
       2.77307     273.29043
       2.78507     273.44282
       2.79607     273.62404
       2.80707     273.83283
       2.81807     274.06080
       2.82907     274.29318
       2.84007     274.51239
       2.85107     274.70304
       2.86307     274.85621
       2.87407     274.97121
       2.88507     275.05469
       2.89607     275.11783
       2.90707     275.17301
       2.91807     275.23106
       2.93007     275.29938
       2.94107     275.38097
       2.95207     275.47437
       2.96307     275.57451
       2.97407     275.67436
       2.98507     275.76713
       2.99607     275.84845
       3.00807     275.91792
       3.01907     275.97944
       3.03007     276.04058
       3.04107     276.11104
       3.05207     276.20080
       3.06307     276.31853
       3.07507     276.47036
       3.08607     276.65901
       3.09707     276.88319
       3.10807     277.13682
       3.11907     277.40874
       3.13007     277.68362
       3.14207     277.94422
       3.15307     278.17482
       3.16407     278.36463
       3.17507     278.51000
       3.18607     278.61402
       3.19707     278.68462
       3.20807     278.73165
       3.22007     278.76428
       3.23107     278.78955
       3.24207     278.81209
       3.25307     278.83489
       3.26407     278.86045
       3.27507     278.89164
       3.28707     278.93200
       3.29807     278.98492
       3.30907     279.05233
       3.32007     279.13342
       3.33107     279.22417
       3.34207     279.31838
       3.35307     279.40976
       3.36507     279.49440
       3.37607     279.57243
       3.38707     279.64824
       3.39807     279.72914
       3.40907     279.82326
       3.42007     279.93743
       3.43207     280.07587
       3.44307     280.23964
       3.45407     280.42689
       3.46507     280.63367
       3.47607     280.85439
       3.48707     281.08252
       3.49907     281.31122
       3.51007     281.53384
       3.52107     281.74468
       3.53207     281.93997
       3.54307     282.11824
       3.55407     282.28050
       3.56507     282.42993
       3.57707     282.57072
       3.58807     282.70688
       3.59907     282.84142
       3.61007     282.97607
       3.62107     283.11139
       3.63207     283.24710
       3.64407     283.38215
       3.65507     283.51440
       3.66607     283.64080
       3.67707     283.75793
       3.68807     283.86310
       3.69907     283.95528
       3.71007     284.03547
       3.72207     284.10622
       3.73307     284.17100
       3.74407     284.23387
       3.75507     284.29956
       3.76607     284.37374
       3.77707     284.46313
       3.78907     284.57482
       3.80007     284.71505
       3.81107     284.88730
       3.82207     285.09073
       3.83307     285.31998
       3.84407     285.56631
       3.85507     285.82005
       3.86707     286.07368
       3.87807     286.32368
       3.88907     286.57062
       3.90007     286.81727
       3.91107     287.06555
       3.92207     287.31360
       3.93407     287.55490
       3.94507     287.77964
       3.95607     287.97765
       3.96707     288.14165
       3.97807     288.26942
       3.98907     288.36422
       4.00107     288.43352
       4.01207     288.48726
       4.02307     288.53628
       4.03407     288.59123
       4.04507     288.66173
       4.05607     288.75551
       4.06707     288.87731
       4.07907     289.02775
       4.09007     289.20256
       4.10107     289.39305
       4.11207     289.58755
       4.12307     289.77369
       4.13407     289.94119
       4.14607     290.08410
       4.15707     290.20192
       4.16807     290.29964
       4.17907     290.38656
       4.19007     290.47440
       4.20107     290.57502
       4.21207     290.69839
       4.22407     290.85089
       4.23507     291.03435
       4.24607     291.24570
       4.25707     291.47735
       4.26807     291.71843
       4.27907     291.95638
       4.29107     292.17922
       4.30207     292.37774
       4.31307     292.54731
       4.32407     292.68894
       4.33507     292.80868
       4.34607     292.91576
       4.35807     293.01976
       4.36907     293.12772
       4.38007     293.24239
       4.39107     293.36254
       4.40207     293.48498
       4.41307     293.60747
       4.42407     293.73130
       4.43607     293.86216
       4.44707     294.00880
       4.45807     294.17988
       4.46907     294.37990
       4.48007     294.60637
       4.49107     294.84901
       4.50307     295.09199
       4.51407     295.31812
       4.52507     295.51351
       4.53607     295.67081
       4.54707     295.78992
       4.55807     295.87684
       4.56907     295.94156
       4.58107     295.99624
       4.59207     296.05380
       4.60307     296.12660
       4.61407     296.22479
       4.62507     296.35420
       4.63607     296.51451
       4.64807     296.69852
       4.65907     296.89375
       4.67007     297.08575
       4.68107     297.26179
       4.69207     297.41367
       4.70307     297.53879
       4.71407     297.63905
       4.72607     297.71894
       4.73707     297.78400
       4.74807     297.83980
       4.75907     297.89197
       4.77007     297.94649
       4.78107     298.00992
       4.79307     298.08908
       4.80407     298.19006
       4.81507     298.31679
       4.82607     298.46968
       4.83707     298.64500
       4.84807     298.83576
       4.86007     299.03378
       4.87107     299.23207
       4.88207     299.42669
       4.89307     299.61684
       4.90407     299.80348
       4.91507     299.98694
       4.92607     300.16560
       4.93807     300.33623
       4.94907     300.49582
       4.96007     300.64335
       4.97107     300.78024
       4.98207     300.90931
       4.99307     301.03320
       5.00507     301.15329
       5.01607     301.27059
       5.02707     301.38790
       5.03807     301.51123
       5.04907     301.64950
       5.06007     301.81182
       5.07107     302.00326
       5.08307     302.22163
       5.09407     302.45714
       5.10507     302.69515
       5.11607     302.92128
       5.12707     303.12621
       5.13807     303.30800
       5.15007     303.47126
       5.16107     303.62427
       5.17207     303.77560
       5.18307     303.93200
       5.19407     304.09806
       5.20507     304.27705
       5.21707     304.47211
       5.22807     304.68642
       5.23907     304.92231
       5.25007     305.17968
       5.26107     305.45473
       5.27207     305.74015
       5.28307     306.02686
       5.29507     306.30631
       5.30607     306.57216
       5.31707     306.82082
       5.32807     307.05080
       5.33907     307.26165
       5.35007     307.45325
       5.36207     307.62572
       5.37307     307.78006
       5.38407     307.91895
       5.39507     308.04747
       5.40607     308.17309
       5.41707     308.30478
       5.42807     308.45148
       5.44007     308.61971
       5.45107     308.81126
       5.46207     309.02199
       5.47307     309.24266
       5.48407     309.46126
       5.49507     309.66641
       5.50707     309.85021
       5.51807     310.00924
       5.52907     310.14400
       5.54007     310.25719
       5.55107     310.35225
       5.56207     310.43275
       5.57407     310.50204
       5.58507     310.56335
       5.59607     310.61980
       5.60707     310.67447
       5.61807     310.73060
       5.62907     310.79148
       5.64007     310.86007
       5.65207     310.93830
       5.66307     311.02640
       5.67407     311.12264
       5.68507     311.22353
       5.69607     311.32448
       5.70707     311.42051
       5.71907     311.50698
       5.73007     311.58033
       5.74107     311.63864
       5.75207     311.68197
       5.76307     311.71219
       5.77407     311.73255
       5.78507     311.74695
       5.79707     311.75931
       5.80807     311.77305
       5.81907     311.79063
       5.83007     311.81327
       5.84107     311.84066
       5.85207     311.87107
       5.86407     311.90185
       5.87507     311.93015
       5.88607     311.95381
       5.89707     311.97176
       5.90807     311.98413
       5.91907     311.99187
       5.93007     311.99628
       5.94207     311.99855
       5.95307     311.99961
       5.96407     312.00006
       5.97507     312.00024
       5.98607     312.00030
       5.99707     312.00032
       6.00907     312.00032
       6.02007     312.00032
       6.03107     312.00032
       6.04207     312.00032
       6.05307     312.00033
       6.06407     312.00033
       6.07607     312.00033
       6.08707     312.00033
       6.09807     312.00033
       6.10907     312.00033
       6.12007     312.00033
       6.13107     312.00033
       6.14207     312.00033
       6.15407     312.00033
       6.16507     312.00033
       6.17607     312.00033
       6.18707     312.00033
       6.19807     312.00033
       6.20907     312.00033
       6.22107     312.00033
       6.23207     312.00033
       6.24307     312.00033
       6.25407     312.00033
       6.26507     312.00033
       6.27607     312.00033
       6.28707     312.00033
       6.29907     312.00033
       6.31007     312.00033
       6.32107     312.00033
       6.33207     312.00033
       6.34307     312.00033
       6.35407     312.00033
       6.36607     312.00033
       6.37707     312.00033
       6.38807     312.00033
       6.39907     312.00033
       6.41007     312.00033
       6.42107     312.00033
       6.43307     312.00033
       6.44407     312.00033
       6.45507     312.00033
       6.46607     312.00033
       6.47707     312.00033
       6.48807     312.00033
       6.49907     312.00033
       6.51107     312.00033
       6.52207     312.00033
       6.53307     312.00033
       6.54407     312.00033
       6.55507     312.00033
       6.56607     312.00033
       6.57807     312.00033
       6.58907     312.00033
       6.60007     312.00033
       6.61107     312.00033
       6.62207     312.00033
       6.63307     312.00033
       6.64407     312.00033
       6.65607     312.00033
       6.66707     312.00033
       6.67807     312.00033
       6.68907     312.00033
       6.70007     312.00033
       6.71107     312.00033
       6.72307     312.00033
       6.73407     312.00033
       6.74507     312.00033
       6.75607     312.00033
       6.76707     312.00033
       6.77807     312.00033
       6.78907     312.00033
       6.80107     312.00033
       6.81207     312.00033
       6.82307     312.00033
       6.83407     312.00033
       6.84507     312.00033
       6.85607     312.00033
       6.86807     312.00033
       6.87907     312.00033
       6.89007     312.00033
       6.90107     312.00033
       6.91207     312.00033
       6.92307     312.00033
       6.93507     312.00033
       6.94607     312.00033
       6.95707     312.00033
       6.96807     312.00033
       6.97907     312.00033
       6.99007     312.00033
       7.00107     312.00033
       7.01307     312.00033
       7.02407     312.00033
       7.03507     312.00033
       7.04607     312.00033
       7.05707     312.00033
       7.06807     312.00033
       7.08007     312.00033
       7.09107     312.00033
       7.10207     312.00033
       7.11307     312.00033
       7.12407     312.00033
       7.13507     312.00033
       7.14607     312.00033
       7.15807     312.00033
       7.16907     312.00033
       7.18007     312.00033
       7.19107     312.00033
       7.20207     312.00033
       7.21307     312.00033
       7.22507     312.00033
       7.23607     312.00033
       7.24707     312.00033
       7.25807     312.00033
       7.26907     312.00033
       7.28007     312.00033
       7.29207     312.00033
       7.30307     312.00033
       7.31407     312.00033
       7.32507     312.00033
       7.33607     312.00033
       7.34707     312.00033
       7.35807     312.00033
       7.37007     312.00033
