     #Energy 2&4&7&6&9&1
   -26.09793     0.00000
   -26.08693     0.00000
   -26.07593     0.00000
   -26.06493     0.00000
   -26.05293     0.00000
   -26.04193     0.00000
   -26.03093     0.00000
   -26.01993     0.00000
   -26.00893     0.00000
   -25.99793     0.00000
   -25.98693     0.00000
   -25.97493     0.00000
   -25.96393     0.00000
   -25.95293     0.00000
   -25.94193     0.00000
   -25.93093     0.00000
   -25.91993     0.00000
   -25.90793     0.00000
   -25.89693     0.00000
   -25.88593     0.00000
   -25.87493     0.00000
   -25.86393     0.00000
   -25.85293     0.00000
   -25.84193     0.00000
   -25.82993     0.00000
   -25.81893     0.00000
   -25.80793     0.00000
   -25.79693     0.00000
   -25.78593     0.00000
   -25.77493     0.00000
   -25.76293     0.00000
   -25.75193     0.00000
   -25.74093     0.00000
   -25.72993     0.00000
   -25.71893     0.00000
   -25.70793     0.00000
   -25.69593     0.00000
   -25.68493     0.00000
   -25.67393     0.00000
   -25.66293     0.00000
   -25.65193     0.00000
   -25.64093     0.00000
   -25.62993     0.00000
   -25.61793     0.00000
   -25.60693     0.00000
   -25.59593     0.00000
   -25.58493     0.00000
   -25.57393     0.00000
   -25.56293     0.00000
   -25.55093     0.00000
   -25.53993     0.00000
   -25.52893     0.00000
   -25.51793     0.00000
   -25.50693     0.00000
   -25.49593     0.00000
   -25.48493     0.00000
   -25.47293     0.00000
   -25.46193     0.00000
   -25.45093     0.00000
   -25.43993     0.00000
   -25.42893     0.00000
   -25.41793     0.00000
   -25.40593     0.00000
   -25.39493     0.00000
   -25.38393     0.00000
   -25.37293     0.00000
   -25.36193     0.00000
   -25.35093     0.00000
   -25.33993     0.00000
   -25.32793     0.00000
   -25.31693     0.00000
   -25.30593     0.00000
   -25.29493     0.00000
   -25.28393     0.00000
   -25.27293     0.00000
   -25.26093     0.00000
   -25.24993     0.00000
   -25.23893     0.00000
   -25.22793     0.00000
   -25.21693     0.00000
   -25.20593     0.00000
   -25.19393     0.00000
   -25.18293     0.00000
   -25.17193     0.00000
   -25.16093     0.00000
   -25.14993     0.00000
   -25.13893     0.00000
   -25.12793     0.00000
   -25.11593     0.00000
   -25.10493     0.00000
   -25.09393     0.00000
   -25.08293     0.00000
   -25.07193     0.00000
   -25.06093     0.00000
   -25.04893     0.00000
   -25.03793     0.00000
   -25.02693     0.00000
   -25.01593     0.00000
   -25.00493     0.00000
   -24.99393     0.00000
   -24.98293     0.00000
   -24.97093     0.00000
   -24.95993     0.00000
   -24.94893     0.00000
   -24.93793     0.00000
   -24.92693     0.00000
   -24.91593     0.00000
   -24.90393     0.00000
   -24.89293     0.00000
   -24.88193     0.00000
   -24.87093     0.00000
   -24.85993     0.00000
   -24.84893     0.00000
   -24.83693     0.00000
   -24.82593     0.00000
   -24.81493     0.00000
   -24.80393     0.00000
   -24.79293     0.00000
   -24.78193     0.00000
   -24.77093     0.00000
   -24.75893     0.00002
   -24.74793     0.00010
   -24.73693     0.00046
   -24.72593     0.00202
   -24.71493     0.00808
   -24.70393     0.02932
   -24.69193     0.09677
   -24.68093     0.29062
   -24.66993     0.79485
   -24.65893     1.98062
   -24.64793     4.50106
   -24.63693     9.33960
   -24.62593    17.71781
   -24.61393    30.78750
   -24.60293    49.10292
   -24.59193    72.07386
   -24.58093    97.67005
   -24.56993   122.67351
   -24.55893   143.48604
   -24.54693   157.29684
   -24.53593   162.96232
   -24.52493   161.66439
   -24.51393   156.42316
   -24.50293   151.26521
   -24.49193   149.88253
   -24.48093   154.49238
   -24.46893   165.10548
   -24.45793   179.70761
   -24.44693   194.99680
   -24.43593   207.61007
   -24.42493   215.14620
   -24.41393   216.83908
   -24.40193   213.65121
   -24.39093   207.69920
   -24.37993   201.66937
   -24.36893   197.95090
   -24.35793   198.03948
   -24.34693   202.20196
   -24.33493   209.60547
   -24.32393   218.42171
   -24.31293   226.44810
   -24.30193   231.68319
   -24.29093   232.87453
   -24.27993   230.07827
   -24.26893   224.39679
   -24.25693   217.73177
   -24.24593   211.92779
   -24.23493   208.09976
   -24.22393   206.23584
   -24.21293   205.45676
   -24.20193   204.55214
   -24.18993   202.66201
   -24.17893   199.64195
   -24.16793   195.82278
   -24.15693   191.59368
   -24.14593   186.82917
   -24.13493   180.59194
   -24.12393   171.55996
   -24.11193   158.48037
   -24.10093   140.97555
   -24.08993   119.66992
   -24.07893    96.20701
   -24.06793    72.81022
   -24.05693    51.58025
   -24.04493    34.03329
   -24.03393    20.82783
   -24.02293    11.77071
   -24.01193     6.12487
   -24.00093     2.92540
   -23.98993     1.27952
   -23.97793     0.51161
   -23.96693     0.18674
   -23.95593     0.06223
   -23.94493     0.01907
   -23.93393     0.00566
   -23.92293     0.00212
   -23.91193     0.00163
   -23.89993     0.00209
   -23.88893     0.00285
   -23.87793     0.00366
   -23.86693     0.00434
   -23.85593     0.00475
   -23.84493     0.00480
   -23.83293     0.00447
   -23.82193     0.00383
   -23.81093     0.00304
   -23.79993     0.00223
   -23.78893     0.00151
   -23.77793     0.00095
   -23.76693     0.00056
   -23.75493     0.00031
   -23.74393     0.00016
   -23.73293     0.00008
   -23.72193     0.00004
   -23.71093     0.00002
   -23.69993     0.00001
   -23.68793     0.00000
   -23.67693     0.00000
   -23.66593     0.00000
   -23.65493     0.00000
   -23.64393     0.00000
   -23.63293     0.00000
   -23.62093     0.00000
   -23.60993     0.00000
   -23.59893     0.00000
   -23.58793     0.00000
   -23.57693     0.00000
   -23.56593     0.00000
   -23.55493     0.00000
   -23.54293     0.00000
   -23.53193     0.00000
   -23.52093     0.00000
   -23.50993     0.00000
   -23.49893     0.00000
   -23.48793     0.00000
   -23.47593     0.00000
   -23.46493     0.00000
   -23.45393     0.00000
   -23.44293     0.00000
   -23.43193     0.00000
   -23.42093     0.00000
   -23.40993     0.00000
   -23.39793     0.00000
   -23.38693     0.00000
   -23.37593     0.00000
   -23.36493     0.00000
   -23.35393     0.00000
   -23.34293     0.00000
   -23.33093     0.00000
   -23.31993     0.00000
   -23.30893     0.00000
   -23.29793     0.00000
   -23.28693     0.00000
   -23.27593     0.00000
   -23.26493     0.00000
   -23.25293     0.00000
   -23.24193     0.00000
   -23.23093     0.00000
   -23.21993     0.00000
   -23.20893     0.00000
   -23.19793     0.00000
   -23.18593     0.00000
   -23.17493     0.00000
   -23.16393     0.00000
   -23.15293     0.00000
   -23.14193     0.00000
   -23.13093     0.00000
   -23.11893     0.00000
   -23.10793     0.00000
   -23.09693     0.00000
   -23.08593     0.00000
   -23.07493     0.00000
   -23.06393     0.00000
   -23.05293     0.00000
   -23.04093     0.00000
   -23.02993     0.00000
   -23.01893     0.00000
   -23.00793     0.00000
   -22.99693     0.00000
   -22.98593     0.00000
   -22.97393     0.00000
   -22.96293     0.00000
   -22.95193     0.00000
   -22.94093     0.00000
   -22.92993     0.00000
   -22.91893     0.00000
   -22.90793     0.00000
   -22.89593     0.00000
   -22.88493     0.00000
   -22.87393     0.00000
   -22.86293     0.00000
   -22.85193     0.00000
   -22.84093     0.00000
   -22.82893     0.00000
   -22.81793     0.00000
   -22.80693     0.00000
   -22.79593     0.00000
   -22.78493     0.00000
   -22.77393     0.00000
   -22.76193     0.00000
   -22.75093     0.00000
   -22.73993     0.00000
   -22.72893     0.00000
   -22.71793     0.00000
   -22.70693     0.00000
   -22.69593     0.00000
   -22.68393     0.00000
   -22.67293     0.00000
   -22.66193     0.00000
   -22.65093     0.00000
   -22.63993     0.00000
   -22.62893     0.00000
   -22.61693     0.00000
   -22.60593     0.00000
   -22.59493     0.00000
   -22.58393     0.00000
   -22.57293     0.00000
   -22.56193     0.00000
   -22.55093     0.00000
   -22.53893     0.00000
   -22.52793     0.00000
   -22.51693     0.00000
   -22.50593     0.00000
   -22.49493     0.00000
   -22.48393     0.00000
   -22.47193     0.00000
   -22.46093     0.00000
   -22.44993     0.00000
   -22.43893     0.00000
   -22.42793     0.00000
   -22.41693     0.00000
   -22.40593     0.00000
   -22.39393     0.00000
   -22.38293     0.00000
   -22.37193     0.00000
   -22.36093     0.00000
   -22.34993     0.00000
   -22.33893     0.00000
   -22.32693     0.00000
   -22.31593     0.00000
   -22.30493     0.00000
   -22.29393     0.00000
   -22.28293     0.00000
   -22.27193     0.00000
   -22.25993     0.00000
   -22.24893     0.00000
   -22.23793     0.00000
   -22.22693     0.00000
   -22.21593     0.00000
   -22.20493     0.00000
   -22.19393     0.00000
   -22.18193     0.00000
   -22.17093     0.00000
   -22.15993     0.00000
   -22.14893     0.00000
   -22.13793     0.00000
   -22.12693     0.00000
   -22.11493     0.00000
   -22.10393     0.00000
   -22.09293     0.00000
   -22.08193     0.00000
   -22.07093     0.00000
   -22.05993     0.00000
   -22.04893     0.00000
   -22.03693     0.00000
   -22.02593     0.00000
   -22.01493     0.00000
   -22.00393     0.00000
   -21.99293     0.00000
   -21.98193     0.00000
   -21.96993     0.00000
   -21.95893     0.00000
   -21.94793     0.00000
   -21.93693     0.00000
   -21.92593     0.00000
   -21.91493     0.00000
   -21.90293     0.00000
   -21.89193     0.00000
   -21.88093     0.00000
   -21.86993     0.00000
   -21.85893     0.00000
   -21.84793     0.00000
   -21.83693     0.00000
   -21.82493     0.00000
   -21.81393     0.00000
   -21.80293     0.00000
   -21.79193     0.00000
   -21.78093     0.00000
   -21.76993     0.00000
   -21.75793     0.00000
   -21.74693     0.00000
   -21.73593     0.00000
   -21.72493     0.00000
   -21.71393     0.00000
   -21.70293     0.00000
   -21.69193     0.00000
   -21.67993     0.00000
   -21.66893     0.00000
   -21.65793     0.00000
   -21.64693     0.00000
   -21.63593     0.00000
   -21.62493     0.00000
   -21.61293     0.00000
   -21.60193     0.00000
   -21.59093     0.00000
   -21.57993     0.00000
   -21.56893     0.00000
   -21.55793     0.00000
   -21.54593     0.00000
   -21.53493     0.00000
   -21.52393     0.00000
   -21.51293     0.00000
   -21.50193     0.00000
   -21.49093     0.00000
   -21.47993     0.00000
   -21.46793     0.00000
   -21.45693     0.00000
   -21.44593     0.00000
   -21.43493     0.00000
   -21.42393     0.00000
   -21.41293     0.00000
   -21.40093     0.00000
   -21.38993     0.00000
   -21.37893     0.00000
   -21.36793     0.00000
   -21.35693     0.00000
   -21.34593     0.00000
   -21.33493     0.00000
   -21.32293     0.00000
   -21.31193     0.00000
   -21.30093     0.00000
   -21.28993     0.00000
   -21.27893     0.00000
   -21.26793     0.00000
   -21.25593     0.00000
   -21.24493     0.00000
   -21.23393     0.00000
   -21.22293     0.00000
   -21.21193     0.00000
   -21.20093     0.00000
   -21.18993     0.00000
   -21.17793     0.00000
   -21.16693     0.00000
   -21.15593     0.00000
   -21.14493     0.00000
   -21.13393     0.00000
   -21.12293     0.00000
   -21.11093     0.00000
   -21.09993     0.00000
   -21.08893     0.00000
   -21.07793     0.00000
   -21.06693     0.00000
   -21.05593     0.00000
   -21.04393     0.00000
   -21.03293     0.00000
   -21.02193     0.00000
   -21.01093     0.00000
   -20.99993     0.00000
   -20.98893     0.00000
   -20.97793     0.00000
   -20.96593     0.00000
   -20.95493     0.00000
   -20.94393     0.00000
   -20.93293     0.00000
   -20.92193     0.00000
   -20.91093     0.00000
   -20.89893     0.00000
   -20.88793     0.00000
   -20.87693     0.00000
   -20.86593     0.00000
   -20.85493     0.00000
   -20.84393     0.00000
   -20.83293     0.00000
   -20.82093     0.00000
   -20.80993     0.00000
   -20.79893     0.00000
   -20.78793     0.00000
   -20.77693     0.00000
   -20.76593     0.00000
   -20.75393     0.00000
   -20.74293     0.00000
   -20.73193     0.00000
   -20.72093     0.00000
   -20.70993     0.00000
   -20.69893     0.00000
   -20.68693     0.00000
   -20.67593     0.00000
   -20.66493     0.00000
   -20.65393     0.00000
   -20.64293     0.00000
   -20.63193     0.00000
   -20.62093     0.00000
   -20.60893     0.00000
   -20.59793     0.00000
   -20.58693     0.00000
   -20.57593     0.00000
   -20.56493     0.00000
   -20.55393     0.00000
   -20.54193     0.00000
   -20.53093     0.00000
   -20.51993     0.00000
   -20.50893     0.00000
   -20.49793     0.00000
   -20.48693     0.00000
   -20.47593     0.00000
   -20.46393     0.00000
   -20.45293     0.00000
   -20.44193     0.00000
   -20.43093     0.00000
   -20.41993     0.00000
   -20.40893     0.00000
   -20.39693     0.00000
   -20.38593     0.00000
   -20.37493     0.00000
   -20.36393     0.00000
   -20.35293     0.00000
   -20.34193     0.00000
   -20.33093     0.00000
   -20.31893     0.00000
   -20.30793     0.00000
   -20.29693     0.00000
   -20.28593     0.00000
   -20.27493     0.00000
   -20.26393     0.00000
   -20.25193     0.00000
   -20.24093     0.00000
   -20.22993     0.00000
   -20.21893     0.00000
   -20.20793     0.00000
   -20.19693     0.00000
   -20.18493     0.00000
   -20.17393     0.00000
   -20.16293     0.00000
   -20.15193     0.00000
   -20.14093     0.00000
   -20.12993     0.00000
   -20.11893     0.00000
   -20.10693     0.00000
   -20.09593     0.00000
   -20.08493     0.00000
   -20.07393     0.00000
   -20.06293     0.00000
   -20.05193     0.00000
   -20.03993     0.00000
   -20.02893     0.00000
   -20.01793     0.00000
   -20.00693     0.00000
   -19.99593     0.00000
   -19.98493     0.00000
   -19.97393     0.00000
   -19.96193     0.00000
   -19.95093     0.00000
   -19.93993     0.00000
   -19.92893     0.00000
   -19.91793     0.00000
   -19.90693     0.00000
   -19.89493     0.00000
   -19.88393     0.00000
   -19.87293     0.00000
   -19.86193     0.00000
   -19.85093     0.00000
   -19.83993     0.00000
   -19.82793     0.00000
   -19.81693     0.00000
   -19.80593     0.00000
   -19.79493     0.00000
   -19.78393     0.00000
   -19.77293     0.00000
   -19.76193     0.00000
   -19.74993     0.00000
   -19.73893     0.00000
   -19.72793     0.00000
   -19.71693     0.00000
   -19.70593     0.00000
   -19.69493     0.00000
   -19.68293     0.00000
   -19.67193     0.00000
   -19.66093     0.00000
   -19.64993     0.00000
   -19.63893     0.00000
   -19.62793     0.00000
   -19.61693     0.00000
   -19.60493     0.00000
   -19.59393     0.00000
   -19.58293     0.00000
   -19.57193     0.00000
   -19.56093     0.00000
   -19.54993     0.00000
   -19.53793     0.00000
   -19.52693     0.00000
   -19.51593     0.00000
   -19.50493     0.00000
   -19.49393     0.00000
   -19.48293     0.00000
   -19.47193     0.00000
   -19.45993     0.00000
   -19.44893     0.00000
   -19.43793     0.00000
   -19.42693     0.00000
   -19.41593     0.00000
   -19.40493     0.00000
   -19.39293     0.00000
   -19.38193     0.00000
   -19.37093     0.00000
   -19.35993     0.00000
   -19.34893     0.00000
   -19.33793     0.00000
   -19.32593     0.00000
   -19.31493     0.00000
   -19.30393     0.00000
   -19.29293     0.00000
   -19.28193     0.00000
   -19.27093     0.00000
   -19.25993     0.00000
   -19.24793     0.00000
   -19.23693     0.00000
   -19.22593     0.00000
   -19.21493     0.00000
   -19.20393     0.00000
   -19.19293     0.00000
   -19.18093     0.00000
   -19.16993     0.00000
   -19.15893     0.00000
   -19.14793     0.00000
   -19.13693     0.00000
   -19.12593     0.00000
   -19.11493     0.00000
   -19.10293     0.00000
   -19.09193     0.00000
   -19.08093     0.00000
   -19.06993     0.00000
   -19.05893     0.00000
   -19.04793     0.00000
   -19.03593     0.00000
   -19.02493     0.00000
   -19.01393     0.00000
   -19.00293     0.00000
   -18.99193     0.00000
   -18.98093     0.00000
   -18.96893     0.00000
   -18.95793     0.00000
   -18.94693     0.00000
   -18.93593     0.00000
   -18.92493     0.00000
   -18.91393     0.00000
   -18.90293     0.00000
   -18.89093     0.00000
   -18.87993     0.00000
   -18.86893     0.00000
   -18.85793     0.00000
   -18.84693     0.00000
   -18.83593     0.00000
   -18.82393     0.00000
   -18.81293     0.00000
   -18.80193     0.00000
   -18.79093     0.00000
   -18.77993     0.00000
   -18.76893     0.00000
   -18.75793     0.00000
   -18.74593     0.00000
   -18.73493     0.00000
   -18.72393     0.00000
   -18.71293     0.00000
   -18.70193     0.00000
   -18.69093     0.00000
   -18.67893     0.00000
   -18.66793     0.00000
   -18.65693     0.00000
   -18.64593     0.00000
   -18.63493     0.00000
   -18.62393     0.00000
   -18.61193     0.00000
   -18.60093     0.00000
   -18.58993     0.00000
   -18.57893     0.00000
   -18.56793     0.00000
   -18.55693     0.00000
   -18.54593     0.00000
   -18.53393     0.00000
   -18.52293     0.00000
   -18.51193     0.00000
   -18.50093     0.00000
   -18.48993     0.00000
   -18.47893     0.00000
   -18.46693     0.00000
   -18.45593     0.00000
   -18.44493     0.00000
   -18.43393     0.00000
   -18.42293     0.00000
   -18.41193     0.00000
   -18.40093     0.00000
   -18.38893     0.00000
   -18.37793     0.00000
   -18.36693     0.00000
   -18.35593     0.00000
   -18.34493     0.00000
   -18.33393     0.00000
   -18.32193     0.00000
   -18.31093     0.00000
   -18.29993     0.00000
   -18.28893     0.00000
   -18.27793     0.00000
   -18.26693     0.00000
   -18.25593     0.00000
   -18.24393     0.00000
   -18.23293     0.00000
   -18.22193     0.00000
   -18.21093     0.00000
   -18.19993     0.00000
   -18.18893     0.00000
   -18.17693     0.00000
   -18.16593     0.00000
   -18.15493     0.00000
   -18.14393     0.00000
   -18.13293     0.00000
   -18.12193     0.00000
   -18.10993     0.00000
   -18.09893     0.00000
   -18.08793     0.00000
   -18.07693     0.00000
   -18.06593     0.00000
   -18.05493     0.00000
   -18.04393     0.00000
   -18.03193     0.00000
   -18.02093     0.00000
   -18.00993     0.00000
   -17.99893     0.00000
   -17.98793     0.00000
   -17.97693     0.00000
   -17.96493     0.00000
   -17.95393     0.00000
   -17.94293     0.00000
   -17.93193     0.00000
   -17.92093     0.00000
   -17.90993     0.00000
   -17.89893     0.00000
   -17.88693     0.00000
   -17.87593     0.00000
   -17.86493     0.00000
   -17.85393     0.00000
   -17.84293     0.00000
   -17.83193     0.00000
   -17.81993     0.00000
   -17.80893     0.00000
   -17.79793     0.00000
   -17.78693     0.00000
   -17.77593     0.00000
   -17.76493     0.00000
   -17.75293     0.00000
   -17.74193     0.00000
   -17.73093     0.00000
   -17.71993     0.00000
   -17.70893     0.00000
   -17.69793     0.00000
   -17.68693     0.00000
   -17.67493     0.00000
   -17.66393     0.00000
   -17.65293     0.00000
   -17.64193     0.00000
   -17.63093     0.00000
   -17.61993     0.00000
   -17.60793     0.00000
   -17.59693     0.00000
   -17.58593     0.00000
   -17.57493     0.00000
   -17.56393     0.00000
   -17.55293     0.00000
   -17.54193     0.00000
   -17.52993     0.00000
   -17.51893     0.00000
   -17.50793     0.00000
   -17.49693     0.00000
   -17.48593     0.00000
   -17.47493     0.00000
   -17.46293     0.00000
   -17.45193     0.00000
   -17.44093     0.00000
   -17.42993     0.00000
   -17.41893     0.00000
   -17.40793     0.00000
   -17.39693     0.00000
   -17.38493     0.00000
   -17.37393     0.00000
   -17.36293     0.00000
   -17.35193     0.00000
   -17.34093     0.00000
   -17.32993     0.00000
   -17.31793     0.00000
   -17.30693     0.00000
   -17.29593     0.00000
   -17.28493     0.00000
   -17.27393     0.00000
   -17.26293     0.00000
   -17.25093     0.00000
   -17.23993     0.00000
   -17.22893     0.00000
   -17.21793     0.00000
   -17.20693     0.00000
   -17.19593     0.00000
   -17.18493     0.00000
   -17.17293     0.00000
   -17.16193     0.00000
   -17.15093     0.00000
   -17.13993     0.00000
   -17.12893     0.00000
   -17.11793     0.00000
   -17.10593     0.00000
   -17.09493     0.00000
   -17.08393     0.00000
   -17.07293     0.00000
   -17.06193     0.00000
   -17.05093     0.00000
   -17.03993     0.00000
   -17.02793     0.00000
   -17.01693     0.00000
   -17.00593     0.00000
   -16.99493     0.00000
   -16.98393     0.00000
   -16.97293     0.00000
   -16.96093     0.00000
   -16.94993     0.00000
   -16.93893     0.00000
   -16.92793     0.00000
   -16.91693     0.00000
   -16.90593     0.00000
   -16.89393     0.00000
   -16.88293     0.00000
   -16.87193     0.00000
   -16.86093     0.00000
   -16.84993     0.00000
   -16.83893     0.00000
   -16.82793     0.00000
   -16.81593     0.00000
   -16.80493     0.00000
   -16.79393     0.00000
   -16.78293     0.00000
   -16.77193     0.00000
   -16.76093     0.00000
   -16.74893     0.00000
   -16.73793     0.00000
   -16.72693     0.00000
   -16.71593     0.00000
   -16.70493     0.00000
   -16.69393     0.00000
   -16.68293     0.00000
   -16.67093     0.00000
   -16.65993     0.00000
   -16.64893     0.00000
   -16.63793     0.00000
   -16.62693     0.00000
   -16.61593     0.00000
   -16.60393     0.00000
   -16.59293     0.00000
   -16.58193     0.00000
   -16.57093     0.00000
   -16.55993     0.00000
   -16.54893     0.00000
   -16.53693     0.00000
   -16.52593     0.00000
   -16.51493     0.00000
   -16.50393     0.00000
   -16.49293     0.00000
   -16.48193     0.00000
   -16.47093     0.00000
   -16.45893     0.00000
   -16.44793     0.00000
   -16.43693     0.00000
   -16.42593     0.00000
   -16.41493     0.00000
   -16.40393     0.00000
   -16.39193     0.00000
   -16.38093     0.00000
   -16.36993     0.00000
   -16.35893     0.00000
   -16.34793     0.00000
   -16.33693     0.00000
   -16.32593     0.00000
   -16.31393     0.00000
   -16.30293     0.00000
   -16.29193     0.00000
   -16.28093     0.00000
   -16.26993     0.00000
   -16.25893     0.00000
   -16.24693     0.00000
   -16.23593     0.00000
   -16.22493     0.00000
   -16.21393     0.00000
   -16.20293     0.00000
   -16.19193     0.00000
   -16.18093     0.00000
   -16.16893     0.00000
   -16.15793     0.00000
   -16.14693     0.00000
   -16.13593     0.00000
   -16.12493     0.00000
   -16.11393     0.00000
   -16.10193     0.00000
   -16.09093     0.00000
   -16.07993     0.00000
   -16.06893     0.00000
   -16.05793     0.00000
   -16.04693     0.00000
   -16.03493     0.00000
   -16.02393     0.00000
   -16.01293     0.00000
   -16.00193     0.00000
   -15.99093     0.00000
   -15.97993     0.00000
   -15.96893     0.00000
   -15.95693     0.00000
   -15.94593     0.00000
   -15.93493     0.00000
   -15.92393     0.00000
   -15.91293     0.00000
   -15.90193     0.00000
   -15.88993     0.00000
   -15.87893     0.00000
   -15.86793     0.00000
   -15.85693     0.00000
   -15.84593     0.00000
   -15.83493     0.00000
   -15.82393     0.00000
   -15.81193     0.00000
   -15.80093     0.00000
   -15.78993     0.00000
   -15.77893     0.00000
   -15.76793     0.00000
   -15.75693     0.00000
   -15.74493     0.00000
   -15.73393     0.00000
   -15.72293     0.00000
   -15.71193     0.00000
   -15.70093     0.00000
   -15.68993     0.00000
   -15.67793     0.00000
   -15.66693     0.00000
   -15.65593     0.00000
   -15.64493     0.00000
   -15.63393     0.00000
   -15.62293     0.00000
   -15.61193     0.00000
   -15.59993     0.00000
   -15.58893     0.00000
   -15.57793     0.00000
   -15.56693     0.00000
   -15.55593     0.00000
   -15.54493     0.00000
   -15.53293     0.00000
   -15.52193     0.00000
   -15.51093     0.00000
   -15.49993     0.00000
   -15.48893     0.00000
   -15.47793     0.00000
   -15.46693     0.00000
   -15.45493     0.00000
   -15.44393     0.00000
   -15.43293     0.00000
   -15.42193     0.00000
   -15.41093     0.00000
   -15.39993     0.00000
   -15.38793     0.00000
   -15.37693     0.00000
   -15.36593     0.00000
   -15.35493     0.00000
   -15.34393     0.00000
   -15.33293     0.00000
   -15.32193     0.00000
   -15.30993     0.00000
   -15.29893     0.00000
   -15.28793     0.00000
   -15.27693     0.00000
   -15.26593     0.00000
   -15.25493     0.00000
   -15.24293     0.00000
   -15.23193     0.00000
   -15.22093     0.00000
   -15.20993     0.00000
   -15.19893     0.00000
   -15.18793     0.00000
   -15.17593     0.00000
   -15.16493     0.00000
   -15.15393     0.00000
   -15.14293     0.00000
   -15.13193     0.00000
   -15.12093     0.00000
   -15.10993     0.00000
   -15.09793     0.00000
   -15.08693     0.00000
   -15.07593     0.00000
   -15.06493     0.00000
   -15.05393     0.00000
   -15.04293     0.00000
   -15.03093     0.00000
   -15.01993     0.00000
   -15.00893     0.00000
   -14.99793     0.00000
   -14.98693     0.00000
   -14.97593     0.00000
   -14.96493     0.00000
   -14.95293     0.00000
   -14.94193     0.00000
   -14.93093     0.00000
   -14.91993     0.00000
   -14.90893     0.00000
   -14.89793     0.00000
   -14.88593     0.00000
   -14.87493     0.00000
   -14.86393     0.00000
   -14.85293     0.00000
   -14.84193     0.00000
   -14.83093     0.00000
   -14.81893     0.00000
   -14.80793     0.00000
   -14.79693     0.00000
   -14.78593     0.00000
   -14.77493     0.00000
   -14.76393     0.00000
   -14.75293     0.00000
   -14.74093     0.00000
   -14.72993     0.00000
   -14.71893     0.00000
   -14.70793     0.00000
   -14.69693     0.00000
   -14.68593     0.00000
   -14.67393     0.00000
   -14.66293     0.00000
   -14.65193     0.00000
   -14.64093     0.00000
   -14.62993     0.00000
   -14.61893     0.00000
   -14.60793     0.00000
   -14.59593     0.00000
   -14.58493     0.00000
   -14.57393     0.00000
   -14.56293     0.00000
   -14.55193     0.00000
   -14.54093     0.00000
   -14.52893     0.00000
   -14.51793     0.00000
   -14.50693     0.00000
   -14.49593     0.00000
   -14.48493     0.00000
   -14.47393     0.00000
   -14.46293     0.00000
   -14.45093     0.00000
   -14.43993     0.00000
   -14.42893     0.00000
   -14.41793     0.00000
   -14.40693     0.00000
   -14.39593     0.00000
   -14.38393     0.00000
   -14.37293     0.00000
   -14.36193     0.00000
   -14.35093     0.00000
   -14.33993     0.00000
   -14.32893     0.00000
   -14.31693     0.00000
   -14.30593     0.00000
   -14.29493     0.00000
   -14.28393     0.00000
   -14.27293     0.00000
   -14.26193     0.00000
   -14.25093     0.00000
   -14.23893     0.00000
   -14.22793     0.00000
   -14.21693     0.00000
   -14.20593     0.00000
   -14.19493     0.00000
   -14.18393     0.00000
   -14.17193     0.00000
   -14.16093     0.00000
   -14.14993     0.00000
   -14.13893     0.00000
   -14.12793     0.00000
   -14.11693     0.00000
   -14.10593     0.00000
   -14.09393     0.00000
   -14.08293     0.00000
   -14.07193     0.00000
   -14.06093     0.00000
   -14.04993     0.00000
   -14.03893     0.00000
   -14.02693     0.00000
   -14.01593     0.00000
   -14.00493     0.00000
   -13.99393     0.00000
   -13.98293     0.00000
   -13.97193     0.00000
   -13.95993     0.00000
   -13.94893     0.00000
   -13.93793     0.00000
   -13.92693     0.00000
   -13.91593     0.00000
   -13.90493     0.00000
   -13.89393     0.00000
   -13.88193     0.00000
   -13.87093     0.00000
   -13.85993     0.00000
   -13.84893     0.00000
   -13.83793     0.00000
   -13.82693     0.00000
   -13.81493     0.00000
   -13.80393     0.00000
   -13.79293     0.00000
   -13.78193     0.00000
   -13.77093     0.00000
   -13.75993     0.00000
   -13.74893     0.00000
   -13.73693     0.00000
   -13.72593     0.00000
   -13.71493     0.00000
   -13.70393     0.00000
   -13.69293     0.00000
   -13.68193     0.00000
   -13.66993     0.00000
   -13.65893     0.00000
   -13.64793     0.00000
   -13.63693     0.00000
   -13.62593     0.00000
   -13.61493     0.00000
   -13.60293     0.00000
   -13.59193     0.00000
   -13.58093     0.00000
   -13.56993     0.00000
   -13.55893     0.00000
   -13.54793     0.00000
   -13.53693     0.00000
   -13.52493     0.00000
   -13.51393     0.00000
   -13.50293     0.00000
   -13.49193     0.00000
   -13.48093     0.00000
   -13.46993     0.00000
   -13.45793     0.00000
   -13.44693     0.00000
   -13.43593     0.00000
   -13.42493     0.00000
   -13.41393     0.00000
   -13.40293     0.00000
   -13.39193     0.00000
   -13.37993     0.00000
   -13.36893     0.00000
   -13.35793     0.00000
   -13.34693     0.00000
   -13.33593     0.00000
   -13.32493     0.00000
   -13.31293     0.00000
   -13.30193     0.00000
   -13.29093     0.00000
   -13.27993     0.00000
   -13.26893     0.00000
   -13.25793     0.00000
   -13.24693     0.00000
   -13.23493     0.00000
   -13.22393     0.00000
   -13.21293     0.00000
   -13.20193     0.00000
   -13.19093     0.00000
   -13.17993     0.00000
   -13.16793     0.00000
   -13.15693     0.00000
   -13.14593     0.00000
   -13.13493     0.00000
   -13.12393     0.00000
   -13.11293     0.00000
   -13.10093     0.00000
   -13.08993     0.00000
   -13.07893     0.00000
   -13.06793     0.00000
   -13.05693     0.00000
   -13.04593     0.00000
   -13.03493     0.00000
   -13.02293     0.00000
   -13.01193     0.00000
   -13.00093     0.00000
   -12.98993     0.00000
   -12.97893     0.00000
   -12.96793     0.00000
   -12.95593     0.00000
   -12.94493     0.00000
   -12.93393     0.00000
   -12.92293     0.00000
   -12.91193     0.00000
   -12.90093     0.00000
   -12.88993     0.00000
   -12.87793     0.00000
   -12.86693     0.00000
   -12.85593     0.00000
   -12.84493     0.00000
   -12.83393     0.00000
   -12.82293     0.00000
   -12.81093     0.00000
   -12.79993     0.00000
   -12.78893     0.00000
   -12.77793     0.00000
   -12.76693     0.00000
   -12.75593     0.00000
   -12.74393     0.00000
   -12.73293     0.00000
   -12.72193     0.00000
   -12.71093     0.00000
   -12.69993     0.00000
   -12.68893     0.00000
   -12.67793     0.00000
   -12.66593     0.00000
   -12.65493     0.00000
   -12.64393     0.00000
   -12.63293     0.00000
   -12.62193     0.00000
   -12.61093     0.00000
   -12.59893     0.00000
   -12.58793     0.00000
   -12.57693     0.00000
   -12.56593     0.00000
   -12.55493     0.00000
   -12.54393     0.00000
   -12.53293     0.00000
   -12.52093     0.00000
   -12.50993     0.00000
   -12.49893     0.00000
   -12.48793     0.00000
   -12.47693     0.00000
   -12.46593     0.00000
   -12.45393     0.00001
   -12.44293     0.00003
   -12.43193     0.00010
   -12.42093     0.00036
   -12.40993     0.00118
   -12.39893     0.00349
   -12.38793     0.00933
   -12.37593     0.02263
   -12.36493     0.04973
   -12.35393     0.09900
   -12.34293     0.17856
   -12.33193     0.29174
   -12.32093     0.43183
   -12.30893     0.57909
   -12.29793     0.70359
   -12.28693     0.77450
   -12.27593     0.77233
   -12.26493     0.69782
   -12.25393     0.57117
   -12.24193     0.42355
   -12.23093     0.28454
   -12.21993     0.17322
   -12.20893     0.09553
   -12.19793     0.04776
   -12.18693     0.02180
   -12.17593     0.00962
   -12.16393     0.00593
   -12.15293     0.00931
   -12.14193     0.02343
   -12.13093     0.05900
   -12.11993     0.13613
   -12.10893     0.28493
   -12.09693     0.54046
   -12.08593     0.92866
   -12.07493     1.44558
   -12.06393     2.03885
   -12.05293     2.60510
   -12.04193     3.01581
   -12.03093     3.16275
   -12.01893     3.00522
   -12.00793     2.58698
   -11.99693     2.01764
   -11.98593     1.42552
   -11.97493     0.91246
   -11.96393     0.52920
   -11.95193     0.27812
   -11.94093     0.13266
   -11.92993     0.05829
   -11.91893     0.02632
   -11.90793     0.01992
   -11.89693     0.03511
   -11.88493     0.08075
   -11.87393     0.17836
   -11.86293     0.35977
   -11.85193     0.65857
   -11.84093     1.09317
   -11.82993     1.64540
   -11.81893     2.24533
   -11.80693     2.77846
   -11.79593     3.11777
   -11.78493     3.17194
   -11.77393     2.92669
   -11.76293     2.44814
   -11.75193     1.85749
   -11.73993     1.27880
   -11.72893     0.80129
   -11.71793     0.46209
   -11.70693     0.25683
   -11.69593     0.15924
   -11.68493     0.13932
   -11.67393     0.17178
   -11.66193     0.23580
   -11.65093     0.31159
   -11.63993     0.37865
   -11.62893     0.41840
   -11.61793     0.41922
   -11.60693     0.38057
   -11.59493     0.31305
   -11.58393     0.23329
   -11.57293     0.15751
   -11.56193     0.09637
   -11.55093     0.05343
   -11.53993     0.02699
   -11.52793     0.01289
   -11.51693     0.00732
   -11.50593     0.00873
   -11.49493     0.01920
   -11.48393     0.04574
   -11.47293     0.10129
   -11.46193     0.20388
   -11.44993     0.37199
   -11.43893     0.61507
   -11.42793     0.92181
   -11.41693     1.25359
   -11.40593     1.54989
   -11.39493     1.75019
   -11.38293     1.82427
   -11.37193     1.79532
   -11.36093     1.73913
   -11.34993     1.75662
   -11.33893     1.92678
   -11.32793     2.26207
   -11.31693     2.69278
   -11.30493     3.08626
   -11.29393     3.29933
   -11.28293     3.24211
   -11.27193     2.91598
   -11.26093     2.41395
   -11.24993     1.87838
   -11.23793     1.44558
   -11.22693     1.20405
   -11.21593     1.17577
   -11.20493     1.32457
   -11.19393     1.58128
   -11.18293     1.87778
   -11.17193     2.18044
   -11.15993     2.50801
   -11.14893     2.92474
   -11.13793     3.50040
   -11.12693     4.25509
   -11.11593     5.11267
   -11.10493     5.90179
   -11.09293     6.40898
   -11.08193     6.46288
   -11.07093     6.00729
   -11.05993     5.12714
   -11.04893     4.00982
   -11.03793     2.87198
   -11.02593     1.88847
   -11.01493     1.15237
   -11.00393     0.67728
   -10.99293     0.42379
   -10.98193     0.33068
   -10.97093     0.33569
   -10.95993     0.38516
   -10.94793     0.43674
   -10.93693     0.46125
   -10.92593     0.44503
   -10.91493     0.38990
   -10.90393     0.30973
   -10.89293     0.22295
   -10.88093     0.14551
   -10.86993     0.08633
   -10.85893     0.04749
   -10.84793     0.02711
   -10.83693     0.02381
   -10.82593     0.04102
   -10.81493     0.09084
   -10.80293     0.19648
   -10.79193     0.39113
   -10.78093     0.71026
   -10.76993     1.17536
   -10.75893     1.77264
   -10.74793     2.43913
   -10.73593     3.06388
   -10.72493     3.51993
   -10.71393     3.70991
   -10.70293     3.60972
   -10.69193     3.28283
   -10.68093     2.85846
   -10.66893     2.48317
   -10.65793     2.27407
   -10.64693     2.29461
   -10.63593     2.55437
   -10.62493     3.02532
   -10.61393     3.65919
   -10.60293     4.39793
   -10.59093     5.17717
   -10.57993     5.92481
   -10.56893     6.55683
   -10.55793     6.97686
   -10.54693     7.08791
   -10.53593     6.82022
   -10.52393     6.16622
   -10.51293     5.20002
   -10.50193     4.06524
   -10.49093     2.93236
   -10.47993     1.94441
   -10.46893     1.18200
   -10.45793     0.65754
   -10.44593     0.33423
   -10.43493     0.15509
   -10.42393     0.06569
   -10.41293     0.02553
   -10.40193     0.00960
   -10.39093     0.00494
   -10.37893     0.00647
   -10.36793     0.01398
   -10.35693     0.03048
   -10.34593     0.06096
   -10.33493     0.11066
   -10.32393     0.18198
   -10.31293     0.27125
   -10.30093     0.36621
   -10.28993     0.44846
   -10.27893     0.49881
   -10.26793     0.50674
   -10.25693     0.47829
   -10.24593     0.43960
   -10.23393     0.43623
   -10.22293     0.53011
   -10.21193     0.79404
   -10.20093     1.30114
   -10.18993     2.10581
   -10.17893     3.21694
   -10.16693     4.56919
   -10.15593     6.01236
   -10.14493     7.33007
   -10.13393     8.30087
   -10.12293     8.76898
   -10.11193     8.70405
   -10.10093     8.22184
   -10.08893     7.53574
   -10.07793     6.87064
   -10.06693     6.38466
   -10.05593     6.12684
   -10.04493     6.05136
   -10.03393     6.05988
   -10.02193     6.04749
   -10.01093     5.92750
    -9.99993     5.64657
    -9.98893     5.19050
    -9.97793     4.58673
    -9.96693     3.89610
    -9.95593     3.19232
    -9.94393     2.53552
    -9.93293     1.96098
    -9.92193     1.47647
    -9.91093     1.07731
    -9.89993     0.75496
    -9.88893     0.50394
    -9.87693     0.32063
    -9.86593     0.20295
    -9.85493     0.15076
    -9.84393     0.17027
    -9.83293     0.27698
    -9.82193     0.49341
    -9.80993     0.83804
    -9.79893     1.30691
    -9.78793     1.85891
    -9.77693     2.41561
    -9.76593     2.88512
    -9.75493     3.20619
    -9.74393     3.38352
    -9.73193     3.49418
    -9.72093     3.65136
    -9.70993     3.94375
    -9.69893     4.38412
    -9.68793     4.89355
    -9.67693     5.33134
    -9.66493     5.55465
    -9.65393     5.48060
    -9.64293     5.12335
    -9.63193     4.59746
    -9.62093     4.07910
    -9.60993     3.74389
    -9.59893     3.69715
    -9.58693     3.92909
    -9.57593     4.31145
    -9.56493     4.64219
    -9.55393     4.73501
    -9.54293     4.48247
    -9.53193     3.89802
    -9.51993     3.10336
    -9.50893     2.25673
    -9.49793     1.49896
    -9.48693     0.91082
    -9.47593     0.50796
    -9.46493     0.26224
    -9.45293     0.12757
    -9.44193     0.06171
    -9.43093     0.03568
    -9.41993     0.03596
    -9.40893     0.06295
    -9.39793     0.12898
    -9.38693     0.25528
    -9.37493     0.46629
    -9.36393     0.77934
    -9.35293     1.19240
    -9.34193     1.67639
    -9.33093     2.17634
    -9.31993     2.62492
    -9.30793     2.96251
    -9.29693     3.15036
    -9.28593     3.17261
    -9.27493     3.03357
    -9.26393     2.75346
    -9.25293     2.36506
    -9.24193     1.91424
    -9.22993     1.45353
    -9.21893     1.03147
    -9.20793     0.68209
    -9.19693     0.41925
    -9.18593     0.23908
    -9.17493     0.12626
    -9.16293     0.06164
    -9.15193     0.02779
    -9.14093     0.01163
    -9.12993     0.00482
    -9.11893     0.00296
    -9.10793     0.00470
    -9.09693     0.01137
    -9.08493     0.02722
    -9.07393     0.05984
    -9.06293     0.11982
    -9.05193     0.21854
    -9.04093     0.36386
    -9.02993     0.55448
    -9.01793     0.77660
    -9.00693     1.00499
    -8.99593     1.20932
    -8.98493     1.36206
    -8.97393     1.44487
    -8.96293     1.44928
    -8.95093     1.37498
    -8.93993     1.23068
    -8.92893     1.03449
    -8.91793     0.81487
    -8.90693     0.60653
    -8.89593     0.44621
    -8.88493     0.36764
    -8.87293     0.39849
    -8.86193     0.55856
    -8.85093     0.85227
    -8.83993     1.25732
    -8.82893     1.71605
    -8.81793     2.14074
    -8.80593     2.43627
    -8.79493     2.53528
    -8.78393     2.42467
    -8.77293     2.14751
    -8.76193     1.78224
    -8.75093     1.40902
    -8.73993     1.08885
    -8.72793     0.85801
    -8.71693     0.73778
    -8.70593     0.74172
    -8.69493     0.87460
    -8.68393     1.12301
    -8.67293     1.44810
    -8.66093     1.79078
    -8.64993     2.09035
    -8.63893     2.30860
    -8.62793     2.44138
    -8.61693     2.50963
    -8.60593     2.53614
    -8.59393     2.52564
    -8.58293     2.46478
    -8.57193     2.34103
    -8.56093     2.16200
    -8.54993     1.96113
    -8.53893     1.78210
    -8.52793     1.66266
    -8.51593     1.62441
    -8.50493     1.67716
    -8.49393     1.82720
    -8.48293     2.07174
    -8.47193     2.38248
    -8.46093     2.69416
    -8.44893     2.91200
    -8.43793     2.94731
    -8.42693     2.75951
    -8.41593     2.37968
    -8.40493     1.90291
    -8.39393     1.45159
    -8.38293     1.13284
    -8.37093     1.00818
    -8.35993     1.08148
    -8.34893     1.30255
    -8.33793     1.58275
    -8.32693     1.81892
    -8.31593     1.92645
    -8.30393     1.86616
    -8.29293     1.65792
    -8.28193     1.36741
    -8.27093     1.07784
    -8.25993     0.85767
    -8.24893     0.73974
    -8.23793     0.71673
    -8.22593     0.75204
    -8.21493     0.79674
    -8.20393     0.80792
    -8.19293     0.76212
    -8.18193     0.65999
    -8.17093     0.52162
    -8.15893     0.37529
    -8.14793     0.24554
    -8.13693     0.14602
    -8.12593     0.07897
    -8.11493     0.03885
    -8.10393     0.01741
    -8.09193     0.00712
    -8.08093     0.00266
    -8.06993     0.00091
    -8.05893     0.00029
    -8.04793     0.00008
    -8.03693     0.00002
    -8.02593     0.00001
    -8.01393     0.00000
    -8.00293     0.00000
    -7.99193     0.00002
    -7.98093     0.00009
    -7.96993     0.00035
    -7.95893     0.00122
    -7.94693     0.00388
    -7.93593     0.01123
    -7.92493     0.02949
    -7.91393     0.07024
    -7.90293     0.15171
    -7.89193     0.29703
    -7.88093     0.52703
    -7.86893     0.84752
    -7.85793     1.23454
    -7.84693     1.62984
    -7.83593     1.94953
    -7.82493     2.11324
    -7.81393     2.07693
    -7.80193     1.85158
    -7.79093     1.50144
    -7.77993     1.11311
    -7.76893     0.76559
    -7.75793     0.50377
    -7.74693     0.33658
    -7.73493     0.24596
    -7.72393     0.20295
    -7.71293     0.18110
    -7.70193     0.16320
    -7.69093     0.14221
    -7.67993     0.11825
    -7.66893     0.09445
    -7.65693     0.07408
    -7.64593     0.05988
    -7.63493     0.05521
    -7.62393     0.06677
    -7.61293     0.10734
    -7.60193     0.19806
    -7.58993     0.36881
    -7.57893     0.65576
    -7.56793     1.09464
    -7.55693     1.70887
    -7.54593     2.49440
    -7.53493     3.40452
    -7.52393     4.34100
    -7.51193     5.16246
    -7.50093     5.71411
    -7.48993     5.87484
    -7.47893     5.60385
    -7.46793     4.96097
    -7.45693     4.08887
    -7.44493     3.16855
    -7.43393     2.36957
    -7.42293     1.81676
    -7.41193     1.58012
    -7.40093     1.67615
    -7.38993     2.07138
    -7.37893     2.68460
    -7.36693     3.39346
    -7.35593     4.05412
    -7.34493     4.53283
    -7.33393     4.73754
    -7.32293     4.63562
    -7.31193     4.25958
    -7.29993     3.69205
    -7.28893     3.04841
    -7.27793     2.44685
    -7.26693     1.98636
    -7.25593     1.72620
    -7.24493     1.68439
    -7.23293     1.85263
    -7.22193     2.21394
    -7.21093     2.75265
    -7.19993     3.44291
    -7.18893     4.22343
    -7.17793     4.98427
    -7.16693     5.58252
    -7.15493     5.88658
    -7.14393     5.82748
    -7.13293     5.42924
    -7.12193     4.80154
    -7.11093     4.10423
    -7.09993     3.50493
    -7.08793     3.13759
    -7.07693     3.07462
    -7.06593     3.30344
    -7.05493     3.72497
    -7.04393     4.17645
    -7.03293     4.48241
    -7.02193     4.51601
    -7.00993     4.24132
    -6.99893     3.71491
    -6.98793     3.05351
    -6.97693     2.38121
    -6.96593     1.79377
    -6.95493     1.34487
    -6.94293     1.05281
    -6.93193     0.91622
    -6.92093     0.92284
    -6.90993     1.05396
    -6.89893     1.28815
    -6.88793     1.60595
    -6.87593     1.99211
    -6.86493     2.42941
    -6.85393     2.88600
    -6.84293     3.30406
    -6.83193     3.60768
    -6.82093     3.72279
    -6.80993     3.61209
    -6.79793     3.29287
    -6.78693     2.83663
    -6.77593     2.34931
    -6.76493     1.93821
    -6.75393     1.68245
    -6.74293     1.60992
    -6.73093     1.68874
    -6.71993     1.83742
    -6.70893     1.95388
    -6.69793     1.95377
    -6.68693     1.80093
    -6.67593     1.51865
    -6.66493     1.17263
    -6.65293     0.84308
    -6.64193     0.59879
    -6.63093     0.48550
    -6.61993     0.52600
    -6.60893     0.72347
    -6.59793     1.05909
    -6.58593     1.48533
    -6.57493     1.92377
    -6.56393     2.27802
    -6.55293     2.46066
    -6.54193     2.42584
    -6.53093     2.18751
    -6.51893     1.81389
    -6.50793     1.40361
    -6.49693     1.05209
    -6.48593     0.82775
    -6.47493     0.75961
    -6.46393     0.83644
    -6.45293     1.01389
    -6.44093     1.22752
    -6.42993     1.41400
    -6.41893     1.53394
    -6.40793     1.58770
    -6.39693     1.61432
    -6.38593     1.66566
    -6.37393     1.77358
    -6.36293     1.92559
    -6.35193     2.06597
    -6.34093     2.12482
    -6.32993     2.05430
    -6.31893     1.85453
    -6.30793     1.56932
    -6.29593     1.26097
    -6.28493     0.98336
    -6.27393     0.76544
    -6.26293     0.61461
    -6.25193     0.52933
    -6.24093     0.50859
    -6.22893     0.55197
    -6.21793     0.65167
    -6.20693     0.78428
    -6.19593     0.91104
    -6.18493     0.98883
    -6.17393     0.98570
    -6.16293     0.89628
    -6.15093     0.74041
    -6.13993     0.55485
    -6.12893     0.37716
    -6.11793     0.23315
    -6.10693     0.13298
    -6.09593     0.07512
    -6.08393     0.05389
    -6.07293     0.06618
    -6.06193     0.11531
    -6.05093     0.21172
    -6.03993     0.37132
    -6.02893     0.61306
    -6.01693     0.95666
    -6.00593     1.41752
    -5.99493     2.00033
    -5.98393     2.68233
    -5.97293     3.40143
    -5.96193     4.05279
    -5.95093     4.50731
    -5.93893     4.65737
    -5.92793     4.45742
    -5.91693     3.94843
    -5.90593     3.23902
    -5.89493     2.46586
    -5.88393     1.74672
    -5.87193     1.15470
    -5.86093     0.71418
    -5.84993     0.41375
    -5.83893     0.22482
    -5.82793     0.11547
    -5.81693     0.05892
    -5.80593     0.03667
    -5.79393     0.03888
    -5.78293     0.06250
    -5.77193     0.10826
    -5.76093     0.17638
    -5.74993     0.26227
    -5.73893     0.35387
    -5.72693     0.43271
    -5.71593     0.47979
    -5.70493     0.48324
    -5.69393     0.44489
    -5.68293     0.38188
    -5.67193     0.32416
    -5.65993     0.30926
    -5.64893     0.37764
    -5.63793     0.56686
    -5.62693     0.90195
    -5.61593     1.38101
    -5.60493     1.96145
    -5.59393     2.55949
    -5.58193     3.06906
    -5.57093     3.39988
    -5.55993     3.51192
    -5.54893     3.42840
    -5.53793     3.21479
    -5.52693     2.93803
    -5.51493     2.63727
    -5.50393     2.31602
    -5.49293     1.96363
    -5.48193     1.58068
    -5.47093     1.18983
    -5.45993     0.82860
    -5.44893     0.53135
    -5.43693     0.31650
    -5.42593     0.18545
    -5.41493     0.12935
    -5.40393     0.13889
    -5.39293     0.20838
    -5.38193     0.33348
    -5.36993     0.50378
    -5.35893     0.69580
    -5.34793     0.87235
    -5.33693     0.99144
    -5.32593     1.02108
    -5.31493     0.95361
    -5.30393     0.80914
    -5.29193     0.62795
    -5.28093     0.45544
    -5.26993     0.32845
    -5.25893     0.26838
    -5.24793     0.28068
    -5.23693     0.35668
    -5.22493     0.47595
    -5.21393     0.60994
    -5.20293     0.72953
    -5.19193     0.81799
    -5.18093     0.88292
    -5.16993     0.96090
    -5.15793     1.10659
    -5.14693     1.36725
    -5.13593     1.75246
    -5.12493     2.21329
    -5.11393     2.64785
    -5.10293     2.93356
    -5.09193     2.97698
    -5.07993     2.75286
    -5.06893     2.31473
    -5.05793     1.76763
    -5.04693     1.22520
    -5.03593     0.77088
    -5.02493     0.44003
    -5.01293     0.22793
    -5.00193     0.10710
    -4.99093     0.04565
    -4.97993     0.01765
    -4.96893     0.00619
    -4.95793     0.00197
    -4.94693     0.00057
    -4.93493     0.00015
    -4.92393     0.00004
    -4.91293     0.00001
    -4.90193     0.00000
    -4.89093     0.00000
    -4.87993     0.00001
    -4.86793     0.00005
    -4.85693     0.00022
    -4.84593     0.00078
    -4.83493     0.00254
    -4.82393     0.00752
    -4.81293     0.02021
    -4.80093     0.04933
    -4.78993     0.10940
    -4.77893     0.22038
    -4.76793     0.40326
    -4.75693     0.67055
    -4.74593     1.01314
    -4.73493     1.39099
    -4.72293     1.73547
    -4.71193     1.96792
    -4.70093     2.02835
    -4.68993     1.89927
    -4.67893     1.61643
    -4.66793     1.25021
    -4.65593     0.87859
    -4.64493     0.56113
    -4.63393     0.32599
    -4.62293     0.17347
    -4.61193     0.08818
    -4.60093     0.05269
    -4.58993     0.05697
    -4.57793     0.10297
    -4.56693     0.20420
    -4.55593     0.38002
    -4.54493     0.64442
    -4.53393     0.99091
    -4.52293     1.38070
    -4.51093     1.74298
    -4.49993     1.99355
    -4.48893     2.06578
    -4.47793     1.93960
    -4.46693     1.65124
    -4.45593     1.27647
    -4.44393     0.90177
    -4.43293     0.59536
    -4.42193     0.39515
    -4.41093     0.31215
    -4.39993     0.34283
    -4.38893     0.48037
    -4.37793     0.71941
    -4.36593     1.05439
    -4.35493     1.47349
    -4.34393     1.94877
    -4.33293     2.43036
    -4.32193     2.84381
    -4.31093     3.10553
    -4.29893     3.14946
    -4.28793     2.95416
    -4.27693     2.56271
    -4.26593     2.06932
    -4.25493     1.59331
    -4.24393     1.24525
    -4.23293     1.09967
    -4.22093     1.18246
    -4.20993     1.46506
    -4.19893     1.87120
    -4.18793     2.29095
    -4.17693     2.61157
    -4.16593     2.74930
    -4.15393     2.67521
    -4.14293     2.41663
    -4.13193     2.03853
    -4.12093     1.61563
    -4.10993     1.20702
    -4.09893     0.85142
    -4.08793     0.56580
    -4.07593     0.35251
    -4.06493     0.20464
    -4.05393     0.11005
    -4.04293     0.05457
    -4.03193     0.02509
    -4.02093     0.01143
    -4.00893     0.00725
    -3.99793     0.01004
    -3.98693     0.02073
    -3.97593     0.04307
    -3.96493     0.08244
    -3.95393     0.14383
    -3.94193     0.22897
    -3.93093     0.33474
    -3.91993     0.45425
    -3.90893     0.58289
    -3.89793     0.72523
    -3.88693     0.89858
    -3.87593     1.12526
    -3.86393     1.41556
    -3.85293     1.74874
    -3.84193     2.06767
    -3.83093     2.29832
    -3.81993     2.38424
    -3.80893     2.32304
    -3.79693     2.17649
    -3.78593     2.05059
    -3.77493     2.05362
    -3.76393     2.25343
    -3.75293     2.65430
    -3.74193     3.19620
    -3.73093     3.77379
    -3.71893     4.26279
    -3.70793     4.54942
    -3.69693     4.55711
    -3.68593     4.26574
    -3.67493     3.71985
    -3.66393     3.02167
    -3.65193     2.30337
    -3.64093     1.70135
    -3.62993     1.33024
    -3.61893     1.27047
    -3.60793     1.56123
    -3.59693     2.19011
    -3.58493     3.07857
    -3.57393     4.07688
    -3.56293     4.98402
    -3.55193     5.60257
    -3.54093     5.80404
    -3.52993     5.57149
    -3.51893     5.00261
    -3.50693     4.26074
    -3.49593     3.51143
    -3.48493     2.87697
    -3.47393     2.42420
    -3.46293     2.17496
    -3.45193     2.12655
    -3.43993     2.26208
    -3.42893     2.55104
    -3.41793     2.94244
    -3.40693     3.36989
    -3.39593     3.76047
    -3.38493     4.05403
    -3.37393     4.22122
    -3.36193     4.27239
    -3.35093     4.25493
    -3.33993     4.23508
    -3.32893     4.26682
    -3.31793     4.36296
    -3.30693     4.48675
    -3.29493     4.55854
    -3.28393     4.49311
    -3.27293     4.23066
    -3.26193     3.76473
    -3.25093     3.14117
    -3.23993     2.44712
    -3.22893     1.78100
    -3.21693     1.22788
    -3.20593     0.84987
    -3.19493     0.68636
    -3.18393     0.76570
    -3.17293     1.10928
    -3.16193     1.72137
    -3.14993     2.56526
    -3.13893     3.53936
    -3.12793     4.47889
    -3.11693     5.18989
    -3.10593     5.51532
    -3.09493     5.39207
    -3.08293     4.87235
    -3.07193     4.09482
    -3.06093     3.22818
    -3.04993     2.41776
    -3.03893     1.76073
    -3.02793     1.31454
    -3.01693     1.11413
    -3.00493     1.18441
    -2.99393     1.53590
    -2.98293     2.14820
    -2.97193     2.95183
    -2.96093     3.82698
    -2.94993     4.62298
    -2.93793     5.20027
    -2.92693     5.47484
    -2.91593     5.44247
    -2.90493     5.17219
    -2.89393     4.77511
    -2.88293     4.36536
    -2.87193     4.03589
    -2.85993     3.85216
    -2.84893     3.85584
    -2.83793     4.06673
    -2.82693     4.47693
    -2.81593     5.03246
    -2.80493     5.62508
    -2.79293     6.10760
    -2.78193     6.32711
    -2.77093     6.18033
    -2.75993     5.65286
    -2.74893     4.83126
    -2.73793     3.87355
    -2.72593     2.95765
    -2.71493     2.22346
    -2.70393     1.73846
    -2.69293     1.49791
    -2.68193     1.44902
    -2.67093     1.52858
    -2.65993     1.69085
    -2.64793     1.92145
    -2.63693     2.22927
    -2.62593     2.63123
    -2.61493     3.12652
    -2.60393     3.68886
    -2.59293     4.25984
    -2.58093     4.76461
    -2.56993     5.13362
    -2.55893     5.32304
    -2.54793     5.33491
    -2.53693     5.21587
    -2.52593     5.03765
    -2.51493     4.86993
    -2.50293     4.74738
    -2.49193     4.66827
    -2.48093     4.60923
    -2.46993     4.56266
    -2.45893     4.54878
    -2.44793     4.60399
    -2.43593     4.74254
    -2.42493     4.93022
    -2.41393     5.09053
    -2.40293     5.13365
    -2.39193     5.00781
    -2.38093     4.72159
    -2.36993     4.33653
    -2.35793     3.93265
    -2.34693     3.57478
    -2.33593     3.29531
    -2.32493     3.10901
    -2.31393     3.02472
    -2.30293     3.05690
    -2.29093     3.21000
    -2.27993     3.46916
    -2.26893     3.78746
    -2.25793     4.09596
    -2.24693     4.32238
    -2.23593     4.41087
    -2.22393     4.33861
    -2.21293     4.12634
    -2.20193     3.83222
    -2.19093     3.53712
    -2.17993     3.31033
    -2.16893     3.18756
    -2.15793     3.17161
    -2.14593     3.25004
    -2.13493     3.42474
    -2.12393     3.72444
    -2.11293     4.19683
    -2.10193     4.87586
    -2.09093     5.75238
    -2.07893     6.74709
    -2.06793     7.71048
    -2.05693     8.44900
    -2.04593     8.77442
    -2.03493     8.58084
    -2.02393     7.89815
    -2.01293     6.90410
    -2.00093     5.86587
    -1.98993     5.04682
    -1.97893     4.61240
    -1.96793     4.58303
    -1.95693     4.84740
    -1.94593     5.21810
    -1.93393     5.50151
    -1.92293     5.55362
    -1.91193     5.31130
    -1.90093     4.79971
    -1.88993     4.10868
    -1.87893     3.36637
    -1.86693     2.69646
    -1.85593     2.18971
    -1.84493     1.88907
    -1.83393     1.79251
    -1.82293     1.86696
    -1.81193     2.06711
    -1.80093     2.35101
    -1.78893     2.68633
    -1.77793     3.04472
    -1.76693     3.38683
    -1.75593     3.65273
    -1.74493     3.76890
    -1.73393     3.68137
    -1.72193     3.38911
    -1.71093     2.96061
    -1.69993     2.52368
    -1.68893     2.22206
    -1.67793     2.17125
    -1.66693     2.41847
    -1.65593     2.92715
    -1.64393     3.58278
    -1.63293     4.22744
    -1.62193     4.70045
    -1.61093     4.88604
    -1.59993     4.73966
    -1.58893     4.29059
    -1.57693     3.63153
    -1.56593     2.88428
    -1.55493     2.17848
    -1.54393     1.62350
    -1.53293     1.29518
    -1.52193     1.22833
    -1.50993     1.41827
    -1.49893     1.82509
    -1.48793     2.38023
    -1.47693     2.99362
    -1.46593     3.56270
    -1.45493     3.99028
    -1.44393     4.20417
    -1.43193     4.17835
    -1.42093     3.94624
    -1.40993     3.59343
    -1.39893     3.22675
    -1.38793     2.94222
    -1.37693     2.79390
    -1.36493     2.78820
    -1.35393     2.90243
    -1.34293     3.11078
    -1.33193     3.40359
    -1.32093     3.78334
    -1.30993     4.24288
    -1.29893     4.73766
    -1.28693     5.17571
    -1.27593     5.43888
    -1.26493     5.42524
    -1.25393     5.10429
    -1.24293     4.53413
    -1.23193     3.84622
    -1.21993     3.19790
    -1.20893     2.71530
    -1.19793     2.45759
    -1.18693     2.40961
    -1.17593     2.50410
    -1.16493     2.64324
    -1.15393     2.73008
    -1.14193     2.69087
    -1.13093     2.49205
    -1.11993     2.14814
    -1.10893     1.71681
    -1.09793     1.27551
    -1.08693     0.89837
    -1.07493     0.63751
    -1.06393     0.51659
    -1.05293     0.53335
    -1.04193     0.66795
    -1.03093     0.88850
    -1.01993     1.15646
    -1.00793     1.43282
    -0.99693     1.68443
    -0.98593     1.88939
    -0.97493     2.03540
    -0.96393     2.11530
    -0.95293     2.11881
    -0.94193     2.03570
    -0.92993     1.86512
    -0.91893     1.62758
    -0.90793     1.37149
    -0.89693     1.16722
    -0.88593     1.08868
    -0.87493     1.19134
    -0.86293     1.48978
    -0.85193     1.94406
    -0.84093     2.45923
    -0.82993     2.90931
    -0.81893     3.17171
    -0.80793     3.17535
    -0.79693     2.92186
    -0.78493     2.48319
    -0.77393     1.96649
    -0.76293     1.47336
    -0.75193     1.06637
    -0.74093     0.76430
    -0.72993     0.55489
    -0.71793     0.41538
    -0.70693     0.32929
    -0.69593     0.29183
    -0.68493     0.30776
    -0.67393     0.38494
    -0.66293     0.52798
    -0.65093     0.73473
    -0.63993     0.99366
    -0.62893     1.28298
    -0.61793     1.56885
    -0.60693     1.80728
    -0.59593     1.95048
    -0.58493     1.96014
    -0.57293     1.82510
    -0.56193     1.56798
    -0.55093     1.24086
    -0.53993     0.90766
    -0.52893     0.62300
    -0.51793     0.41777
    -0.50593     0.29702
    -0.49493     0.24675
    -0.48393     0.24572
    -0.47293     0.27616
    -0.46193     0.33128
    -0.45093     0.41786
    -0.43993     0.55320
    -0.42793     0.75575
    -0.41693     1.03129
    -0.40593     1.36025
    -0.39493     1.69259
    -0.38393     1.95884
    -0.37293     2.09373
    -0.36093     2.06523
    -0.34993     1.89004
    -0.33893     1.62840
    -0.32793     1.35902
    -0.31693     1.14557
    -0.30593     1.01672
    -0.29493     0.96386
    -0.28293     0.95729
    -0.27193     0.96909
    -0.26093     0.98984
    -0.24993     1.03142
    -0.23893     1.11435
    -0.22793     1.24702
    -0.21593     1.41035
    -0.20493     1.55734
    -0.19393     1.63138
    -0.18293     1.59399
    -0.17193     1.44537
    -0.16093     1.22563
    -0.14893     0.99594
    -0.13793     0.81076
    -0.12693     0.69650
    -0.11593     0.64588
    -0.10493     0.62851
    -0.09393     0.60912
    -0.08293     0.56448
    -0.07093     0.49031
    -0.05993     0.39832
    -0.04893     0.30637
    -0.03793     0.22919
    -0.02693     0.17375
    -0.01593     0.14086
    -0.00393     0.12972
     0.00707     0.14187
     0.01807     0.18178
     0.02907     0.25387
     0.04007     0.35740
     0.05107     0.48343
     0.06207     0.61477
     0.07407     0.73101
     0.08507     0.81472
     0.09607     0.85587
     0.10707     0.85223
     0.11807     0.80656
     0.12907     0.72515
     0.14107     0.61722
     0.15207     0.49622
     0.16307     0.37907
     0.17407     0.28255
     0.18507     0.21888
     0.19607     0.19179
     0.20807     0.19574
     0.21907     0.21773
     0.23007     0.24154
     0.24107     0.25286
     0.25207     0.24358
     0.26307     0.21385
     0.27407     0.17044
     0.28607     0.12319
     0.29707     0.08068
     0.30807     0.04788
     0.31907     0.02574
     0.33007     0.01255
     0.34107     0.00559
     0.35307     0.00240
     0.36407     0.00142
     0.37507     0.00210
     0.38607     0.00501
     0.39707     0.01203
     0.40807     0.02651
     0.41907     0.05300
     0.43107     0.09599
     0.44207     0.15756
     0.45307     0.23422
     0.46407     0.31552
     0.47507     0.38500
     0.48607     0.42570
     0.49807     0.42639
     0.50907     0.38698
     0.52007     0.31814
     0.53107     0.23696
     0.54207     0.15993
     0.55307     0.09784
     0.56507     0.05441
     0.57607     0.02794
     0.58707     0.01442
     0.59807     0.01012
     0.60907     0.01297
     0.62007     0.02271
     0.63107     0.04005
     0.64307     0.06525
     0.65407     0.09663
     0.66507     0.12974
     0.67607     0.15780
     0.68707     0.17393
     0.69807     0.17363
     0.71007     0.15707
     0.72107     0.12874
     0.73207     0.09565
     0.74307     0.06451
     0.75407     0.03975
     0.76507     0.02303
     0.77607     0.01391
     0.78807     0.01108
     0.79907     0.01321
     0.81007     0.01912
     0.82107     0.02758
     0.83207     0.03689
     0.84307     0.04495
     0.85507     0.04971
     0.86607     0.04989
     0.87707     0.04560
     0.88807     0.03849
     0.89907     0.03148
     0.91007     0.02831
     0.92107     0.03348
     0.93307     0.05209
     0.94407     0.08914
     0.95507     0.14774
     0.96607     0.22612
     0.97707     0.31523
     0.98807     0.39869
     1.00007     0.45702
     1.01107     0.47467
     1.02207     0.44665
     1.03307     0.38081
     1.04407     0.29425
     1.05507     0.20632
     1.06707     0.13210
     1.07807     0.07943
     1.08907     0.05020
     1.10007     0.04372
     1.11107     0.05974
     1.12207     0.09933
     1.13307     0.16302
     1.14507     0.24743
     1.15607     0.34229
     1.16707     0.43136
     1.17807     0.49699
     1.18907     0.52836
     1.20007     0.52691
     1.21207     0.50687
     1.22307     0.48801
     1.23407     0.48619
     1.24507     0.50609
     1.25607     0.54148
     1.26707     0.58160
     1.27807     0.61804
     1.29007     0.64749
     1.30107     0.66890
     1.31207     0.67827
     1.32307     0.66748
     1.33407     0.62877
     1.34507     0.56234
     1.35707     0.48158
     1.36807     0.41255
     1.37907     0.38754
     1.39007     0.43607
     1.40107     0.57565
     1.41207     0.80408
     1.42407     1.09559
     1.43507     1.40339
     1.44607     1.67131
     1.45707     1.85107
     1.46807     1.91853
     1.47907     1.87918
     1.49007     1.76311
     1.50207     1.61190
     1.51307     1.46606
     1.52407     1.35971
     1.53507     1.32061
     1.54607     1.36978
     1.55707     1.51853
     1.56907     1.76065
     1.58007     2.06723
     1.59107     2.38868
     1.60207     2.66535
     1.61307     2.84474
     1.62407     2.89348
     1.63507     2.80328
     1.64707     2.58780
     1.65807     2.27750
     1.66907     1.91754
     1.68007     1.56647
     1.69107     1.29130
     1.70207     1.15570
     1.71407     1.20563
     1.72507     1.45548
     1.73607     1.88030
     1.74707     2.41767
     1.75807     2.97538
     1.76907     3.44969
     1.78007     3.74310
     1.79207     3.78994
     1.80307     3.57314
     1.81407     3.13090
     1.82507     2.54778
     1.83607     1.92934
     1.84707     1.37174
     1.85907     0.93748
     1.87007     0.64638
     1.88107     0.48245
     1.89207     0.41129
     1.90307     0.40016
     1.91407     0.43250
     1.92607     0.51414
     1.93707     0.66889
     1.94807     0.92651
     1.95907     1.30700
     1.97007     1.80737
     1.98107     2.39584
     1.99207     3.01332
     2.00407     3.58628
     2.01507     4.04310
     2.02607     4.33425
     2.03707     4.45011
     2.04807     4.43113
     2.05907     4.36079
     2.07107     4.34187
     2.08207     4.45625
     2.09307     4.73106
     2.10407     5.12634
     2.11507     5.55187
     2.12607     5.91476
     2.13707     6.15765
     2.14907     6.27862
     2.16007     6.30711
     2.17107     6.26180
     2.18207     6.12112
     2.19307     5.83078
     2.20407     5.34671
     2.21607     4.68039
     2.22707     3.91602
     2.23807     3.18434
     2.24907     2.60741
     2.26007     2.24964
     2.27107     2.09594
     2.28307     2.06787
     2.29407     2.06583
     2.30507     2.01537
     2.31607     1.89214
     2.32707     1.71965
     2.33807     1.54332
     2.34907     1.40109
     2.36107     1.31062
     2.37207     1.27896
     2.38307     1.32407
     2.39407     1.48956
     2.40507     1.83911
     2.41607     2.42968
     2.42807     3.27333
     2.43907     4.30932
     2.45007     5.40170
     2.46107     6.37247
     2.47207     7.05928
     2.48307     7.37536
     2.49407     7.33743
     2.50607     7.04260
     2.51707     6.61018
     2.52807     6.11729
     2.53907     5.57761
     2.55007     4.97158
     2.56107     4.30211
     2.57307     3.62816
     2.58407     3.05767
     2.59507     2.69374
     2.60607     2.57844
     2.61707     2.66321
     2.62807     2.82530
     2.63907     2.92074
     2.65107     2.84957
     2.66207     2.59339
     2.67307     2.21930
     2.68407     1.84232
     2.69507     1.57310
     2.70607     1.47631
     2.71807     1.55659
     2.72907     1.77560
     2.74007     2.08862
     2.75107     2.47871
     2.76207     2.96735
     2.77307     3.58683
     2.78507     4.32911
     2.79607     5.10534
     2.80707     5.74506
     2.81807     6.05464
     2.82907     5.90432
     2.84007     5.29049
     2.85107     4.34451
     2.86307     3.27509
     2.87407     2.29219
     2.88507     1.54235
     2.89607     1.08740
     2.90707     0.91712
     2.91807     0.97517
     2.93007     1.18192
     2.94107     1.44825
     2.95207     1.68631
     2.96307     1.82469
     2.97407     1.82542
     2.98507     1.69689
     2.99607     1.49330
     3.00807     1.29858
     3.01907     1.19935
     3.03007     1.26027
     3.04107     1.50976
     3.05207     1.94023
     3.06307     2.51674
     3.07507     3.18787
     3.08607     3.88753
     3.09707     4.53217
     3.10807     5.02116
     3.11907     5.25137
     3.13007     5.15025
     3.14207     4.71162
     3.15307     4.00586
     3.16407     3.16481
     3.17507     2.33934
     3.18607     1.65067
     3.19707     1.16225
     3.20807     0.87558
     3.22007     0.74857
     3.23107     0.72417
     3.24207     0.75812
     3.25307     0.83661
     3.26407     0.97679
     3.27507     1.21044
     3.28707     1.55307
     3.29807     1.97882
     3.30907     2.41056
     3.32007     2.74198
     3.33107     2.88159
     3.34207     2.79638
     3.35307     2.53350
     3.36507     2.20398
     3.37607     1.93911
     3.38707     1.84236
     3.39807     1.95933
     3.40907     2.27506
     3.42007     2.73538
     3.43207     3.27430
     3.44307     3.83457
     3.45407     4.37193
     3.46507     4.84769
     3.47607     5.22289
     3.48707     5.45695
     3.49907     5.51983
     3.51007     5.40542
     3.52107     5.14157
     3.53207     4.78395
     3.54307     4.40531
     3.55407     4.07214
     3.56507     3.82711
     3.57707     3.67907
     3.58807     3.60603
     3.59907     3.57071
     3.61007     3.53876
     3.62107     3.48956
     3.63207     3.41269
     3.64407     3.29562
     3.65507     3.12215
     3.66607     2.87902
     3.67707     2.57246
     3.68807     2.23443
     3.69907     1.91312
     3.71007     1.65465
     3.72207     1.48794
     3.73307     1.42399
     3.74407     1.46537
     3.75507     1.61826
     3.76607     1.89626
     3.77707     2.31361
     3.78907     2.86837
     3.80007     3.52441
     3.81107     4.20379
     3.82207     4.80101
     3.83307     5.21388
     3.84407     5.39005
     3.85507     5.35317
     3.86707     5.19411
     3.87807     5.03553
     3.88907     4.97044
     3.90007     5.01783
     3.91107     5.11048
     3.92207     5.12173
     3.93407     4.93151
     3.94507     4.47842
     3.95607     3.79265
     3.96707     2.97972
     3.97807     2.17701
     3.98907     1.50533
     4.00107     1.04140
     4.01207     0.81642
     4.02307     0.83174
     4.03407     1.07453
     4.04507     1.52133
     4.05607     2.13044
     4.06707     2.83151
     4.07907     3.52304
     4.09007     4.08841
     4.10107     4.42342
     4.11207     4.46616
     4.12307     4.21601
     4.13407     3.73563
     4.14607     3.13906
     4.15707     2.56046
     4.16807     2.12537
     4.17907     1.92304
     4.19007     1.98911
     4.20107     2.30226
     4.21207     2.79298
     4.22407     3.36210
     4.23507     3.90184
     4.24607     4.31787
     4.25707     4.54337
     4.26807     4.54734
     4.27907     4.33290
     4.29107     3.93349
     4.30207     3.40786
     4.31307     2.83365
     4.32407     2.29631
     4.33507     1.87172
     4.34607     1.60457
     4.35807     1.49669
     4.36907     1.50973
     4.38007     1.58670
     4.39107     1.68049
     4.40207     1.77929
     4.41307     1.91236
     4.42407     2.13546
     4.43607     2.49883
     4.44707     3.01176
     4.45807     3.61995
     4.46907     4.20990
     4.48007     4.64155
     4.49107     4.79793
     4.50307     4.63021
     4.51407     4.17342
     4.52507     3.52606
     4.53607     2.81514
     4.54707     2.15268
     4.55807     1.62066
     4.56907     1.27085
     4.58107     1.13530
     4.59207     1.23149
     4.60307     1.55398
     4.61407     2.06034
     4.62507     2.66315
     4.63607     3.24025
     4.64807     3.66886
     4.65907     3.86477
     4.67007     3.81038
     4.68107     3.55270
     4.69207     3.17681
     4.70307     2.76469
     4.71407     2.37087
     4.72607     2.02007
     4.73707     1.72364
     4.74807     1.49947
     4.75907     1.37973
     4.77007     1.40388
     4.78107     1.60241
     4.79307     1.97789
     4.80407     2.49337
     4.81507     3.07239
     4.82607     3.61668
     4.83707     4.03406
     4.84807     4.27159
     4.86007     4.32940
     4.87107     4.25734
     4.88207     4.12405
     4.89307     3.98374
     4.90407     3.85031
     4.91507     3.70579
     4.92607     3.52425
     4.93807     3.30722
     4.94907     3.08961
     4.96007     2.92210
     4.97107     2.83310
     4.98207     2.80551
     4.99307     2.78935
     5.00507     2.74221
     5.01607     2.67240
     5.02707     2.65119
     5.03807     2.77979
     5.04907     3.12902
     5.06007     3.68330
     5.07107     4.32577
     5.08307     4.87826
     5.09407     5.18019
     5.10507     5.16368
     5.11607     4.88462
     5.12707     4.49259
     5.13807     4.15640
     5.15007     3.98973
     5.16107     4.01510
     5.17207     4.17470
     5.18307     4.37657
     5.19407     4.54160
     5.20507     4.63554
     5.21707     4.66774
     5.22807     4.67064
     5.23907     4.67209
     5.25007     4.67697
     5.26107     4.67295
     5.27207     4.64180
     5.28307     4.57859
     5.29507     4.48975
     5.30607     4.38048
     5.31707     4.24247
     5.32807     4.05252
     5.33907     3.78344
     5.35007     3.42592
     5.36207     3.00010
     5.37307     2.55955
     5.38407     2.17969
     5.39507     1.93924
     5.40607     1.89654
     5.41707     2.07028
     5.42807     2.42707
     5.44007     2.88275
     5.45107     3.31855
     5.46207     3.61467
     5.47307     3.68763
     5.48407     3.51930
     5.49507     3.15907
     5.50707     2.69860
     5.51807     2.23413
     5.52907     1.83524
     5.54007     1.53463
     5.55107     1.33453
     5.56207     1.21942
     5.57407     1.16648
     5.58507     1.15314
     5.59607     1.16487
     5.60707     1.20000
     5.61807     1.26871
     5.62907     1.38319
     5.64007     1.54484
     5.65207     1.73660
     5.66307     1.92640
     5.67407     2.07692
     5.68507     2.15577
     5.69607     2.14043
     5.70707     2.02095
     5.71907     1.80263
     5.73007     1.50789
     5.74107     1.17516
     5.75207     0.84999
     5.76307     0.57257
     5.77407     0.36821
     5.78507     0.24422
     5.79707     0.19336
     5.80807     0.19936
     5.81907     0.24128
     5.83007     0.29632
     5.84107     0.34256
     5.85207     0.36298
     5.86407     0.34966
     5.87507     0.30549
     5.88607     0.24187
     5.89707     0.17352
     5.90807     0.11277
     5.91907     0.06640
     5.93007     0.03542
     5.94207     0.01712
     5.95307     0.00750
     5.96407     0.00297
     5.97507     0.00107
     5.98607     0.00035
     5.99707     0.00010
     6.00907     0.00003
     6.02007     0.00001
     6.03107     0.00000
     6.04207     0.00000
     6.05307     0.00000
     6.06407     0.00000
     6.07607     0.00000
     6.08707     0.00000
     6.09807     0.00000
     6.10907     0.00000
     6.12007     0.00000
     6.13107     0.00000
     6.14207     0.00000
     6.15407     0.00000
     6.16507     0.00000
     6.17607     0.00000
     6.18707     0.00000
     6.19807     0.00000
     6.20907     0.00000
     6.22107     0.00000
     6.23207     0.00000
     6.24307     0.00000
     6.25407     0.00000
     6.26507     0.00000
     6.27607     0.00000
     6.28707     0.00000
     6.29907     0.00000
     6.31007     0.00000
     6.32107     0.00000
     6.33207     0.00000
     6.34307     0.00000
     6.35407     0.00000
     6.36607     0.00000
     6.37707     0.00000
     6.38807     0.00000
     6.39907     0.00000
     6.41007     0.00000
     6.42107     0.00000
     6.43307     0.00000
     6.44407     0.00000
     6.45507     0.00000
     6.46607     0.00000
     6.47707     0.00000
     6.48807     0.00000
     6.49907     0.00000
     6.51107     0.00000
     6.52207     0.00000
     6.53307     0.00000
     6.54407     0.00000
     6.55507     0.00000
     6.56607     0.00000
     6.57807     0.00000
     6.58907     0.00000
     6.60007     0.00000
     6.61107     0.00000
     6.62207     0.00000
     6.63307     0.00000
     6.64407     0.00000
     6.65607     0.00000
     6.66707     0.00000
     6.67807     0.00000
     6.68907     0.00000
     6.70007     0.00000
     6.71107     0.00000
     6.72307     0.00000
     6.73407     0.00000
     6.74507     0.00000
     6.75607     0.00000
     6.76707     0.00000
     6.77807     0.00000
     6.78907     0.00000
     6.80107     0.00000
     6.81207     0.00000
     6.82307     0.00000
     6.83407     0.00000
     6.84507     0.00000
     6.85607     0.00000
     6.86807     0.00000
     6.87907     0.00000
     6.89007     0.00000
     6.90107     0.00000
     6.91207     0.00000
     6.92307     0.00000
     6.93507     0.00000
     6.94607     0.00000
     6.95707     0.00000
     6.96807     0.00000
     6.97907     0.00000
     6.99007     0.00000
     7.00107     0.00000
     7.01307     0.00000
     7.02407     0.00000
     7.03507     0.00000
     7.04607     0.00000
     7.05707     0.00000
     7.06807     0.00000
     7.08007     0.00000
     7.09107     0.00000
     7.10207     0.00000
     7.11307     0.00000
     7.12407     0.00000
     7.13507     0.00000
     7.14607     0.00000
     7.15807     0.00000
     7.16907     0.00000
     7.18007     0.00000
     7.19107     0.00000
     7.20207     0.00000
     7.21307     0.00000
     7.22507     0.00000
     7.23607     0.00000
     7.24707     0.00000
     7.25807     0.00000
     7.26907     0.00000
     7.28007     0.00000
     7.29207     0.00000
     7.30307     0.00000
     7.31407     0.00000
     7.32507     0.00000
     7.33607     0.00000
     7.34707     0.00000
     7.35807     0.00000
     7.37007     0.00000
