     #Energy      Ge_all
   -26.09793     0.00000
   -26.08693     0.00000
   -26.07593     0.00000
   -26.06493     0.00000
   -26.05293     0.00000
   -26.04193     0.00000
   -26.03093     0.00000
   -26.01993     0.00000
   -26.00893     0.00000
   -25.99793     0.00000
   -25.98693     0.00000
   -25.97493     0.00000
   -25.96393     0.00000
   -25.95293     0.00000
   -25.94193     0.00000
   -25.93093     0.00000
   -25.91993     0.00000
   -25.90793     0.00000
   -25.89693     0.00000
   -25.88593     0.00000
   -25.87493     0.00000
   -25.86393     0.00000
   -25.85293     0.00000
   -25.84193     0.00000
   -25.82993     0.00000
   -25.81893     0.00000
   -25.80793     0.00000
   -25.79693     0.00000
   -25.78593     0.00000
   -25.77493     0.00000
   -25.76293     0.00000
   -25.75193     0.00000
   -25.74093     0.00000
   -25.72993     0.00000
   -25.71893     0.00000
   -25.70793     0.00000
   -25.69593     0.00000
   -25.68493     0.00000
   -25.67393     0.00000
   -25.66293     0.00000
   -25.65193     0.00000
   -25.64093     0.00000
   -25.62993     0.00000
   -25.61793     0.00000
   -25.60693     0.00000
   -25.59593     0.00000
   -25.58493     0.00000
   -25.57393     0.00000
   -25.56293     0.00000
   -25.55093     0.00000
   -25.53993     0.00000
   -25.52893     0.00000
   -25.51793     0.00000
   -25.50693     0.00000
   -25.49593     0.00000
   -25.48493     0.00000
   -25.47293     0.00000
   -25.46193     0.00000
   -25.45093     0.00000
   -25.43993     0.00000
   -25.42893     0.00000
   -25.41793     0.00000
   -25.40593     0.00000
   -25.39493     0.00000
   -25.38393     0.00000
   -25.37293     0.00000
   -25.36193     0.00000
   -25.35093     0.00000
   -25.33993     0.00000
   -25.32793     0.00000
   -25.31693     0.00000
   -25.30593     0.00000
   -25.29493     0.00000
   -25.28393     0.00000
   -25.27293     0.00000
   -25.26093     0.00000
   -25.24993     0.00000
   -25.23893     0.00000
   -25.22793     0.00000
   -25.21693     0.00000
   -25.20593     0.00000
   -25.19393     0.00000
   -25.18293     0.00000
   -25.17193     0.00000
   -25.16093     0.00000
   -25.14993     0.00000
   -25.13893     0.00000
   -25.12793     0.00000
   -25.11593     0.00000
   -25.10493     0.00000
   -25.09393     0.00000
   -25.08293     0.00000
   -25.07193     0.00000
   -25.06093     0.00000
   -25.04893     0.00000
   -25.03793     0.00000
   -25.02693     0.00000
   -25.01593     0.00000
   -25.00493     0.00000
   -24.99393     0.00000
   -24.98293     0.00000
   -24.97093     0.00000
   -24.95993     0.00000
   -24.94893     0.00000
   -24.93793     0.00000
   -24.92693     0.00000
   -24.91593     0.00000
   -24.90393     0.00000
   -24.89293     0.00000
   -24.88193     0.00000
   -24.87093     0.00000
   -24.85993     0.00000
   -24.84893     0.00000
   -24.83693     0.00000
   -24.82593     0.00000
   -24.81493     0.00000
   -24.80393     0.00000
   -24.79293     0.00000
   -24.78193     0.00000
   -24.77093     0.00000
   -24.75893     0.00002
   -24.74793     0.00010
   -24.73693     0.00046
   -24.72593     0.00203
   -24.71493     0.00810
   -24.70393     0.02941
   -24.69193     0.09710
   -24.68093     0.29167
   -24.66993     0.79785
   -24.65893     1.98852
   -24.64793     4.52021
   -24.63693     9.38230
   -24.62593    17.80570
   -24.61393    30.95481
   -24.60293    49.39849
   -24.59193    72.56065
   -24.58093    98.42281
   -24.56993   123.77993
   -24.55893   145.05843
   -24.54693   159.50648
   -24.53593   166.10023
   -24.52493   166.21937
   -24.51393   163.15183
   -24.50293   161.21372
   -24.49193   164.34253
   -24.48093   174.87492
   -24.46893   192.75042
   -24.45793   215.68415
   -24.44693   239.88806
   -24.43593   261.38451
   -24.42493   277.08792
   -24.41393   285.65885
   -24.40193   287.76867
   -24.39093   285.64748
   -24.37993   282.52029
   -24.36893   281.56927
   -24.35793   285.07771
   -24.34693   293.85962
   -24.33493   307.23307
   -24.32393   323.10967
   -24.31293   338.74347
   -24.30193   351.44267
   -24.29093   359.29744
   -24.27993   361.98219
   -24.26893   360.59997
   -24.25693   357.44372
   -24.24593   354.97645
   -24.23493   354.97729
   -24.22393   357.91243
   -24.21293   362.99586
   -24.20193   368.79711
   -24.18993   373.89180
   -24.17893   377.40475
   -24.16793   378.84820
   -24.15693   377.85442
   -24.14593   373.86990
   -24.13493   366.02189
   -24.12393   353.48057
   -24.11193   335.46234
   -24.10093   311.65764
   -24.08993   282.22691
   -24.07893   248.09130
   -24.06793   211.40632
   -24.05693   175.06643
   -24.04493   142.06262
   -24.03393   114.51006
   -24.02293    92.84786
   -24.01193    76.04062
   -24.00093    62.25503
   -23.98993    49.99199
   -23.97793    38.64783
   -23.96693    28.66342
   -23.95593    21.06773
   -23.94493    17.09637
   -23.93393    17.88565
   -23.92293    24.38993
   -23.91193    37.25756
   -23.89993    56.55161
   -23.88893    81.33768
   -23.87793   109.35265
   -23.86693   137.04183
   -23.85593   160.16038
   -23.84493   174.81236
   -23.83293   178.64554
   -23.82193   171.35397
   -23.81093   154.90821
   -23.79993   132.44424
   -23.78893   107.37627
   -23.77793    82.62529
   -23.76693    60.24150
   -23.75493    41.44225
   -23.74393    26.74083
   -23.73293    16.07967
   -23.72193     8.95583
   -23.71093     4.59545
   -23.69993     2.16302
   -23.68793     0.93082
   -23.67693     0.36541
   -23.66593     0.13061
   -23.65493     0.04245
   -23.64393     0.01254
   -23.63293     0.00336
   -23.62093     0.00082
   -23.60993     0.00018
   -23.59893     0.00004
   -23.58793     0.00001
   -23.57693     0.00000
   -23.56593     0.00000
   -23.55493     0.00000
   -23.54293     0.00000
   -23.53193     0.00000
   -23.52093     0.00000
   -23.50993     0.00000
   -23.49893     0.00000
   -23.48793     0.00000
   -23.47593     0.00000
   -23.46493     0.00000
   -23.45393     0.00000
   -23.44293     0.00000
   -23.43193     0.00000
   -23.42093     0.00000
   -23.40993     0.00000
   -23.39793     0.00000
   -23.38693     0.00000
   -23.37593     0.00000
   -23.36493     0.00000
   -23.35393     0.00000
   -23.34293     0.00000
   -23.33093     0.00000
   -23.31993     0.00000
   -23.30893     0.00000
   -23.29793     0.00000
   -23.28693     0.00000
   -23.27593     0.00000
   -23.26493     0.00000
   -23.25293     0.00000
   -23.24193     0.00000
   -23.23093     0.00000
   -23.21993     0.00000
   -23.20893     0.00000
   -23.19793     0.00000
   -23.18593     0.00000
   -23.17493     0.00000
   -23.16393     0.00000
   -23.15293     0.00000
   -23.14193     0.00000
   -23.13093     0.00000
   -23.11893     0.00000
   -23.10793     0.00000
   -23.09693     0.00000
   -23.08593     0.00000
   -23.07493     0.00000
   -23.06393     0.00000
   -23.05293     0.00000
   -23.04093     0.00000
   -23.02993     0.00000
   -23.01893     0.00000
   -23.00793     0.00000
   -22.99693     0.00000
   -22.98593     0.00000
   -22.97393     0.00000
   -22.96293     0.00000
   -22.95193     0.00000
   -22.94093     0.00000
   -22.92993     0.00000
   -22.91893     0.00000
   -22.90793     0.00000
   -22.89593     0.00000
   -22.88493     0.00000
   -22.87393     0.00000
   -22.86293     0.00000
   -22.85193     0.00000
   -22.84093     0.00000
   -22.82893     0.00000
   -22.81793     0.00000
   -22.80693     0.00000
   -22.79593     0.00000
   -22.78493     0.00000
   -22.77393     0.00000
   -22.76193     0.00000
   -22.75093     0.00000
   -22.73993     0.00000
   -22.72893     0.00000
   -22.71793     0.00000
   -22.70693     0.00000
   -22.69593     0.00000
   -22.68393     0.00000
   -22.67293     0.00000
   -22.66193     0.00000
   -22.65093     0.00000
   -22.63993     0.00000
   -22.62893     0.00000
   -22.61693     0.00000
   -22.60593     0.00000
   -22.59493     0.00000
   -22.58393     0.00000
   -22.57293     0.00000
   -22.56193     0.00000
   -22.55093     0.00000
   -22.53893     0.00000
   -22.52793     0.00000
   -22.51693     0.00000
   -22.50593     0.00000
   -22.49493     0.00000
   -22.48393     0.00000
   -22.47193     0.00000
   -22.46093     0.00000
   -22.44993     0.00000
   -22.43893     0.00000
   -22.42793     0.00000
   -22.41693     0.00000
   -22.40593     0.00000
   -22.39393     0.00000
   -22.38293     0.00000
   -22.37193     0.00000
   -22.36093     0.00000
   -22.34993     0.00000
   -22.33893     0.00000
   -22.32693     0.00000
   -22.31593     0.00000
   -22.30493     0.00000
   -22.29393     0.00000
   -22.28293     0.00000
   -22.27193     0.00000
   -22.25993     0.00000
   -22.24893     0.00000
   -22.23793     0.00000
   -22.22693     0.00000
   -22.21593     0.00000
   -22.20493     0.00000
   -22.19393     0.00000
   -22.18193     0.00000
   -22.17093     0.00000
   -22.15993     0.00000
   -22.14893     0.00000
   -22.13793     0.00000
   -22.12693     0.00000
   -22.11493     0.00000
   -22.10393     0.00000
   -22.09293     0.00000
   -22.08193     0.00000
   -22.07093     0.00000
   -22.05993     0.00000
   -22.04893     0.00000
   -22.03693     0.00000
   -22.02593     0.00000
   -22.01493     0.00000
   -22.00393     0.00000
   -21.99293     0.00000
   -21.98193     0.00000
   -21.96993     0.00000
   -21.95893     0.00000
   -21.94793     0.00000
   -21.93693     0.00000
   -21.92593     0.00000
   -21.91493     0.00000
   -21.90293     0.00000
   -21.89193     0.00000
   -21.88093     0.00000
   -21.86993     0.00000
   -21.85893     0.00000
   -21.84793     0.00000
   -21.83693     0.00000
   -21.82493     0.00000
   -21.81393     0.00000
   -21.80293     0.00000
   -21.79193     0.00000
   -21.78093     0.00000
   -21.76993     0.00000
   -21.75793     0.00000
   -21.74693     0.00000
   -21.73593     0.00000
   -21.72493     0.00000
   -21.71393     0.00000
   -21.70293     0.00000
   -21.69193     0.00000
   -21.67993     0.00000
   -21.66893     0.00000
   -21.65793     0.00000
   -21.64693     0.00000
   -21.63593     0.00000
   -21.62493     0.00000
   -21.61293     0.00000
   -21.60193     0.00000
   -21.59093     0.00000
   -21.57993     0.00000
   -21.56893     0.00000
   -21.55793     0.00000
   -21.54593     0.00000
   -21.53493     0.00000
   -21.52393     0.00000
   -21.51293     0.00000
   -21.50193     0.00000
   -21.49093     0.00000
   -21.47993     0.00000
   -21.46793     0.00000
   -21.45693     0.00000
   -21.44593     0.00000
   -21.43493     0.00000
   -21.42393     0.00000
   -21.41293     0.00000
   -21.40093     0.00000
   -21.38993     0.00000
   -21.37893     0.00000
   -21.36793     0.00000
   -21.35693     0.00000
   -21.34593     0.00000
   -21.33493     0.00000
   -21.32293     0.00000
   -21.31193     0.00000
   -21.30093     0.00000
   -21.28993     0.00000
   -21.27893     0.00000
   -21.26793     0.00000
   -21.25593     0.00000
   -21.24493     0.00000
   -21.23393     0.00000
   -21.22293     0.00000
   -21.21193     0.00000
   -21.20093     0.00000
   -21.18993     0.00000
   -21.17793     0.00000
   -21.16693     0.00000
   -21.15593     0.00000
   -21.14493     0.00000
   -21.13393     0.00000
   -21.12293     0.00000
   -21.11093     0.00000
   -21.09993     0.00000
   -21.08893     0.00000
   -21.07793     0.00000
   -21.06693     0.00000
   -21.05593     0.00000
   -21.04393     0.00000
   -21.03293     0.00000
   -21.02193     0.00000
   -21.01093     0.00000
   -20.99993     0.00000
   -20.98893     0.00000
   -20.97793     0.00000
   -20.96593     0.00000
   -20.95493     0.00000
   -20.94393     0.00000
   -20.93293     0.00000
   -20.92193     0.00000
   -20.91093     0.00000
   -20.89893     0.00000
   -20.88793     0.00000
   -20.87693     0.00000
   -20.86593     0.00000
   -20.85493     0.00000
   -20.84393     0.00000
   -20.83293     0.00000
   -20.82093     0.00000
   -20.80993     0.00000
   -20.79893     0.00000
   -20.78793     0.00000
   -20.77693     0.00000
   -20.76593     0.00000
   -20.75393     0.00000
   -20.74293     0.00000
   -20.73193     0.00000
   -20.72093     0.00000
   -20.70993     0.00000
   -20.69893     0.00000
   -20.68693     0.00000
   -20.67593     0.00000
   -20.66493     0.00000
   -20.65393     0.00000
   -20.64293     0.00000
   -20.63193     0.00000
   -20.62093     0.00000
   -20.60893     0.00000
   -20.59793     0.00000
   -20.58693     0.00000
   -20.57593     0.00000
   -20.56493     0.00000
   -20.55393     0.00000
   -20.54193     0.00000
   -20.53093     0.00000
   -20.51993     0.00000
   -20.50893     0.00000
   -20.49793     0.00000
   -20.48693     0.00000
   -20.47593     0.00000
   -20.46393     0.00000
   -20.45293     0.00000
   -20.44193     0.00000
   -20.43093     0.00000
   -20.41993     0.00000
   -20.40893     0.00000
   -20.39693     0.00000
   -20.38593     0.00000
   -20.37493     0.00000
   -20.36393     0.00000
   -20.35293     0.00000
   -20.34193     0.00000
   -20.33093     0.00000
   -20.31893     0.00000
   -20.30793     0.00000
   -20.29693     0.00000
   -20.28593     0.00000
   -20.27493     0.00000
   -20.26393     0.00000
   -20.25193     0.00000
   -20.24093     0.00000
   -20.22993     0.00000
   -20.21893     0.00000
   -20.20793     0.00000
   -20.19693     0.00000
   -20.18493     0.00000
   -20.17393     0.00000
   -20.16293     0.00000
   -20.15193     0.00000
   -20.14093     0.00000
   -20.12993     0.00000
   -20.11893     0.00000
   -20.10693     0.00000
   -20.09593     0.00000
   -20.08493     0.00000
   -20.07393     0.00000
   -20.06293     0.00000
   -20.05193     0.00000
   -20.03993     0.00000
   -20.02893     0.00000
   -20.01793     0.00000
   -20.00693     0.00000
   -19.99593     0.00000
   -19.98493     0.00000
   -19.97393     0.00000
   -19.96193     0.00000
   -19.95093     0.00000
   -19.93993     0.00000
   -19.92893     0.00000
   -19.91793     0.00000
   -19.90693     0.00000
   -19.89493     0.00000
   -19.88393     0.00000
   -19.87293     0.00000
   -19.86193     0.00000
   -19.85093     0.00000
   -19.83993     0.00000
   -19.82793     0.00000
   -19.81693     0.00000
   -19.80593     0.00000
   -19.79493     0.00000
   -19.78393     0.00000
   -19.77293     0.00000
   -19.76193     0.00000
   -19.74993     0.00000
   -19.73893     0.00000
   -19.72793     0.00000
   -19.71693     0.00000
   -19.70593     0.00000
   -19.69493     0.00000
   -19.68293     0.00000
   -19.67193     0.00000
   -19.66093     0.00000
   -19.64993     0.00000
   -19.63893     0.00000
   -19.62793     0.00000
   -19.61693     0.00000
   -19.60493     0.00000
   -19.59393     0.00000
   -19.58293     0.00000
   -19.57193     0.00000
   -19.56093     0.00000
   -19.54993     0.00000
   -19.53793     0.00000
   -19.52693     0.00000
   -19.51593     0.00000
   -19.50493     0.00000
   -19.49393     0.00000
   -19.48293     0.00000
   -19.47193     0.00000
   -19.45993     0.00000
   -19.44893     0.00000
   -19.43793     0.00000
   -19.42693     0.00000
   -19.41593     0.00000
   -19.40493     0.00000
   -19.39293     0.00000
   -19.38193     0.00000
   -19.37093     0.00000
   -19.35993     0.00000
   -19.34893     0.00000
   -19.33793     0.00000
   -19.32593     0.00000
   -19.31493     0.00000
   -19.30393     0.00000
   -19.29293     0.00000
   -19.28193     0.00000
   -19.27093     0.00000
   -19.25993     0.00000
   -19.24793     0.00000
   -19.23693     0.00000
   -19.22593     0.00000
   -19.21493     0.00000
   -19.20393     0.00000
   -19.19293     0.00000
   -19.18093     0.00000
   -19.16993     0.00000
   -19.15893     0.00000
   -19.14793     0.00000
   -19.13693     0.00000
   -19.12593     0.00000
   -19.11493     0.00000
   -19.10293     0.00000
   -19.09193     0.00000
   -19.08093     0.00000
   -19.06993     0.00000
   -19.05893     0.00000
   -19.04793     0.00000
   -19.03593     0.00000
   -19.02493     0.00000
   -19.01393     0.00000
   -19.00293     0.00000
   -18.99193     0.00000
   -18.98093     0.00000
   -18.96893     0.00000
   -18.95793     0.00000
   -18.94693     0.00000
   -18.93593     0.00000
   -18.92493     0.00000
   -18.91393     0.00000
   -18.90293     0.00000
   -18.89093     0.00000
   -18.87993     0.00000
   -18.86893     0.00000
   -18.85793     0.00000
   -18.84693     0.00000
   -18.83593     0.00000
   -18.82393     0.00000
   -18.81293     0.00000
   -18.80193     0.00000
   -18.79093     0.00000
   -18.77993     0.00000
   -18.76893     0.00000
   -18.75793     0.00000
   -18.74593     0.00000
   -18.73493     0.00000
   -18.72393     0.00000
   -18.71293     0.00000
   -18.70193     0.00000
   -18.69093     0.00000
   -18.67893     0.00000
   -18.66793     0.00000
   -18.65693     0.00000
   -18.64593     0.00000
   -18.63493     0.00000
   -18.62393     0.00000
   -18.61193     0.00000
   -18.60093     0.00000
   -18.58993     0.00000
   -18.57893     0.00000
   -18.56793     0.00000
   -18.55693     0.00000
   -18.54593     0.00000
   -18.53393     0.00000
   -18.52293     0.00000
   -18.51193     0.00000
   -18.50093     0.00000
   -18.48993     0.00000
   -18.47893     0.00000
   -18.46693     0.00000
   -18.45593     0.00000
   -18.44493     0.00000
   -18.43393     0.00000
   -18.42293     0.00000
   -18.41193     0.00000
   -18.40093     0.00000
   -18.38893     0.00000
   -18.37793     0.00000
   -18.36693     0.00000
   -18.35593     0.00000
   -18.34493     0.00000
   -18.33393     0.00000
   -18.32193     0.00000
   -18.31093     0.00000
   -18.29993     0.00000
   -18.28893     0.00000
   -18.27793     0.00000
   -18.26693     0.00000
   -18.25593     0.00000
   -18.24393     0.00000
   -18.23293     0.00000
   -18.22193     0.00000
   -18.21093     0.00000
   -18.19993     0.00000
   -18.18893     0.00000
   -18.17693     0.00000
   -18.16593     0.00000
   -18.15493     0.00000
   -18.14393     0.00000
   -18.13293     0.00000
   -18.12193     0.00000
   -18.10993     0.00000
   -18.09893     0.00000
   -18.08793     0.00000
   -18.07693     0.00000
   -18.06593     0.00000
   -18.05493     0.00000
   -18.04393     0.00000
   -18.03193     0.00000
   -18.02093     0.00000
   -18.00993     0.00000
   -17.99893     0.00000
   -17.98793     0.00000
   -17.97693     0.00000
   -17.96493     0.00000
   -17.95393     0.00000
   -17.94293     0.00000
   -17.93193     0.00000
   -17.92093     0.00000
   -17.90993     0.00000
   -17.89893     0.00000
   -17.88693     0.00000
   -17.87593     0.00000
   -17.86493     0.00000
   -17.85393     0.00000
   -17.84293     0.00000
   -17.83193     0.00000
   -17.81993     0.00000
   -17.80893     0.00000
   -17.79793     0.00000
   -17.78693     0.00000
   -17.77593     0.00000
   -17.76493     0.00000
   -17.75293     0.00000
   -17.74193     0.00000
   -17.73093     0.00000
   -17.71993     0.00000
   -17.70893     0.00000
   -17.69793     0.00000
   -17.68693     0.00000
   -17.67493     0.00000
   -17.66393     0.00000
   -17.65293     0.00000
   -17.64193     0.00000
   -17.63093     0.00000
   -17.61993     0.00000
   -17.60793     0.00000
   -17.59693     0.00000
   -17.58593     0.00000
   -17.57493     0.00000
   -17.56393     0.00000
   -17.55293     0.00000
   -17.54193     0.00000
   -17.52993     0.00000
   -17.51893     0.00000
   -17.50793     0.00000
   -17.49693     0.00000
   -17.48593     0.00000
   -17.47493     0.00000
   -17.46293     0.00000
   -17.45193     0.00000
   -17.44093     0.00000
   -17.42993     0.00000
   -17.41893     0.00000
   -17.40793     0.00000
   -17.39693     0.00000
   -17.38493     0.00000
   -17.37393     0.00000
   -17.36293     0.00000
   -17.35193     0.00000
   -17.34093     0.00000
   -17.32993     0.00000
   -17.31793     0.00000
   -17.30693     0.00000
   -17.29593     0.00000
   -17.28493     0.00000
   -17.27393     0.00000
   -17.26293     0.00000
   -17.25093     0.00000
   -17.23993     0.00000
   -17.22893     0.00000
   -17.21793     0.00000
   -17.20693     0.00000
   -17.19593     0.00000
   -17.18493     0.00000
   -17.17293     0.00000
   -17.16193     0.00000
   -17.15093     0.00000
   -17.13993     0.00000
   -17.12893     0.00000
   -17.11793     0.00000
   -17.10593     0.00000
   -17.09493     0.00000
   -17.08393     0.00000
   -17.07293     0.00000
   -17.06193     0.00000
   -17.05093     0.00000
   -17.03993     0.00000
   -17.02793     0.00000
   -17.01693     0.00000
   -17.00593     0.00000
   -16.99493     0.00000
   -16.98393     0.00000
   -16.97293     0.00000
   -16.96093     0.00000
   -16.94993     0.00000
   -16.93893     0.00000
   -16.92793     0.00000
   -16.91693     0.00000
   -16.90593     0.00000
   -16.89393     0.00000
   -16.88293     0.00000
   -16.87193     0.00000
   -16.86093     0.00000
   -16.84993     0.00000
   -16.83893     0.00000
   -16.82793     0.00000
   -16.81593     0.00000
   -16.80493     0.00000
   -16.79393     0.00000
   -16.78293     0.00000
   -16.77193     0.00000
   -16.76093     0.00000
   -16.74893     0.00000
   -16.73793     0.00000
   -16.72693     0.00000
   -16.71593     0.00000
   -16.70493     0.00000
   -16.69393     0.00000
   -16.68293     0.00000
   -16.67093     0.00000
   -16.65993     0.00000
   -16.64893     0.00000
   -16.63793     0.00000
   -16.62693     0.00000
   -16.61593     0.00000
   -16.60393     0.00000
   -16.59293     0.00000
   -16.58193     0.00000
   -16.57093     0.00000
   -16.55993     0.00000
   -16.54893     0.00000
   -16.53693     0.00000
   -16.52593     0.00000
   -16.51493     0.00000
   -16.50393     0.00000
   -16.49293     0.00000
   -16.48193     0.00000
   -16.47093     0.00000
   -16.45893     0.00000
   -16.44793     0.00000
   -16.43693     0.00000
   -16.42593     0.00000
   -16.41493     0.00000
   -16.40393     0.00000
   -16.39193     0.00000
   -16.38093     0.00000
   -16.36993     0.00000
   -16.35893     0.00000
   -16.34793     0.00000
   -16.33693     0.00000
   -16.32593     0.00000
   -16.31393     0.00000
   -16.30293     0.00000
   -16.29193     0.00000
   -16.28093     0.00000
   -16.26993     0.00000
   -16.25893     0.00000
   -16.24693     0.00000
   -16.23593     0.00000
   -16.22493     0.00000
   -16.21393     0.00000
   -16.20293     0.00000
   -16.19193     0.00000
   -16.18093     0.00000
   -16.16893     0.00000
   -16.15793     0.00000
   -16.14693     0.00000
   -16.13593     0.00000
   -16.12493     0.00000
   -16.11393     0.00000
   -16.10193     0.00000
   -16.09093     0.00000
   -16.07993     0.00000
   -16.06893     0.00000
   -16.05793     0.00000
   -16.04693     0.00000
   -16.03493     0.00000
   -16.02393     0.00000
   -16.01293     0.00000
   -16.00193     0.00000
   -15.99093     0.00000
   -15.97993     0.00000
   -15.96893     0.00000
   -15.95693     0.00000
   -15.94593     0.00000
   -15.93493     0.00000
   -15.92393     0.00000
   -15.91293     0.00000
   -15.90193     0.00000
   -15.88993     0.00000
   -15.87893     0.00000
   -15.86793     0.00000
   -15.85693     0.00000
   -15.84593     0.00000
   -15.83493     0.00000
   -15.82393     0.00000
   -15.81193     0.00000
   -15.80093     0.00000
   -15.78993     0.00000
   -15.77893     0.00000
   -15.76793     0.00000
   -15.75693     0.00000
   -15.74493     0.00000
   -15.73393     0.00000
   -15.72293     0.00000
   -15.71193     0.00000
   -15.70093     0.00000
   -15.68993     0.00000
   -15.67793     0.00000
   -15.66693     0.00000
   -15.65593     0.00000
   -15.64493     0.00000
   -15.63393     0.00000
   -15.62293     0.00000
   -15.61193     0.00000
   -15.59993     0.00000
   -15.58893     0.00000
   -15.57793     0.00000
   -15.56693     0.00000
   -15.55593     0.00000
   -15.54493     0.00000
   -15.53293     0.00000
   -15.52193     0.00000
   -15.51093     0.00000
   -15.49993     0.00000
   -15.48893     0.00000
   -15.47793     0.00000
   -15.46693     0.00000
   -15.45493     0.00000
   -15.44393     0.00000
   -15.43293     0.00000
   -15.42193     0.00000
   -15.41093     0.00000
   -15.39993     0.00000
   -15.38793     0.00000
   -15.37693     0.00000
   -15.36593     0.00000
   -15.35493     0.00000
   -15.34393     0.00000
   -15.33293     0.00000
   -15.32193     0.00000
   -15.30993     0.00000
   -15.29893     0.00000
   -15.28793     0.00000
   -15.27693     0.00000
   -15.26593     0.00000
   -15.25493     0.00000
   -15.24293     0.00000
   -15.23193     0.00000
   -15.22093     0.00000
   -15.20993     0.00000
   -15.19893     0.00000
   -15.18793     0.00000
   -15.17593     0.00000
   -15.16493     0.00000
   -15.15393     0.00000
   -15.14293     0.00000
   -15.13193     0.00000
   -15.12093     0.00000
   -15.10993     0.00000
   -15.09793     0.00000
   -15.08693     0.00000
   -15.07593     0.00000
   -15.06493     0.00000
   -15.05393     0.00000
   -15.04293     0.00000
   -15.03093     0.00000
   -15.01993     0.00000
   -15.00893     0.00000
   -14.99793     0.00000
   -14.98693     0.00000
   -14.97593     0.00000
   -14.96493     0.00000
   -14.95293     0.00000
   -14.94193     0.00000
   -14.93093     0.00000
   -14.91993     0.00000
   -14.90893     0.00000
   -14.89793     0.00000
   -14.88593     0.00000
   -14.87493     0.00000
   -14.86393     0.00000
   -14.85293     0.00000
   -14.84193     0.00000
   -14.83093     0.00000
   -14.81893     0.00000
   -14.80793     0.00000
   -14.79693     0.00000
   -14.78593     0.00000
   -14.77493     0.00000
   -14.76393     0.00000
   -14.75293     0.00000
   -14.74093     0.00000
   -14.72993     0.00000
   -14.71893     0.00000
   -14.70793     0.00000
   -14.69693     0.00000
   -14.68593     0.00000
   -14.67393     0.00000
   -14.66293     0.00000
   -14.65193     0.00000
   -14.64093     0.00000
   -14.62993     0.00000
   -14.61893     0.00000
   -14.60793     0.00000
   -14.59593     0.00000
   -14.58493     0.00000
   -14.57393     0.00000
   -14.56293     0.00000
   -14.55193     0.00000
   -14.54093     0.00000
   -14.52893     0.00000
   -14.51793     0.00000
   -14.50693     0.00000
   -14.49593     0.00000
   -14.48493     0.00000
   -14.47393     0.00000
   -14.46293     0.00000
   -14.45093     0.00000
   -14.43993     0.00000
   -14.42893     0.00000
   -14.41793     0.00000
   -14.40693     0.00000
   -14.39593     0.00000
   -14.38393     0.00000
   -14.37293     0.00000
   -14.36193     0.00000
   -14.35093     0.00000
   -14.33993     0.00000
   -14.32893     0.00000
   -14.31693     0.00000
   -14.30593     0.00000
   -14.29493     0.00000
   -14.28393     0.00000
   -14.27293     0.00000
   -14.26193     0.00000
   -14.25093     0.00000
   -14.23893     0.00000
   -14.22793     0.00000
   -14.21693     0.00000
   -14.20593     0.00000
   -14.19493     0.00000
   -14.18393     0.00000
   -14.17193     0.00000
   -14.16093     0.00000
   -14.14993     0.00000
   -14.13893     0.00000
   -14.12793     0.00000
   -14.11693     0.00000
   -14.10593     0.00000
   -14.09393     0.00000
   -14.08293     0.00000
   -14.07193     0.00000
   -14.06093     0.00000
   -14.04993     0.00000
   -14.03893     0.00000
   -14.02693     0.00000
   -14.01593     0.00000
   -14.00493     0.00000
   -13.99393     0.00000
   -13.98293     0.00000
   -13.97193     0.00000
   -13.95993     0.00000
   -13.94893     0.00000
   -13.93793     0.00000
   -13.92693     0.00000
   -13.91593     0.00000
   -13.90493     0.00000
   -13.89393     0.00000
   -13.88193     0.00000
   -13.87093     0.00000
   -13.85993     0.00000
   -13.84893     0.00000
   -13.83793     0.00000
   -13.82693     0.00000
   -13.81493     0.00000
   -13.80393     0.00000
   -13.79293     0.00000
   -13.78193     0.00000
   -13.77093     0.00000
   -13.75993     0.00000
   -13.74893     0.00000
   -13.73693     0.00000
   -13.72593     0.00000
   -13.71493     0.00000
   -13.70393     0.00000
   -13.69293     0.00000
   -13.68193     0.00000
   -13.66993     0.00000
   -13.65893     0.00000
   -13.64793     0.00000
   -13.63693     0.00000
   -13.62593     0.00000
   -13.61493     0.00000
   -13.60293     0.00000
   -13.59193     0.00000
   -13.58093     0.00000
   -13.56993     0.00000
   -13.55893     0.00000
   -13.54793     0.00000
   -13.53693     0.00000
   -13.52493     0.00000
   -13.51393     0.00000
   -13.50293     0.00000
   -13.49193     0.00000
   -13.48093     0.00000
   -13.46993     0.00000
   -13.45793     0.00000
   -13.44693     0.00000
   -13.43593     0.00000
   -13.42493     0.00000
   -13.41393     0.00000
   -13.40293     0.00000
   -13.39193     0.00000
   -13.37993     0.00000
   -13.36893     0.00000
   -13.35793     0.00000
   -13.34693     0.00000
   -13.33593     0.00000
   -13.32493     0.00000
   -13.31293     0.00000
   -13.30193     0.00000
   -13.29093     0.00000
   -13.27993     0.00000
   -13.26893     0.00000
   -13.25793     0.00000
   -13.24693     0.00000
   -13.23493     0.00000
   -13.22393     0.00000
   -13.21293     0.00000
   -13.20193     0.00000
   -13.19093     0.00000
   -13.17993     0.00000
   -13.16793     0.00000
   -13.15693     0.00000
   -13.14593     0.00000
   -13.13493     0.00000
   -13.12393     0.00000
   -13.11293     0.00000
   -13.10093     0.00000
   -13.08993     0.00000
   -13.07893     0.00000
   -13.06793     0.00000
   -13.05693     0.00000
   -13.04593     0.00000
   -13.03493     0.00000
   -13.02293     0.00000
   -13.01193     0.00000
   -13.00093     0.00000
   -12.98993     0.00000
   -12.97893     0.00000
   -12.96793     0.00000
   -12.95593     0.00000
   -12.94493     0.00000
   -12.93393     0.00000
   -12.92293     0.00000
   -12.91193     0.00000
   -12.90093     0.00000
   -12.88993     0.00000
   -12.87793     0.00000
   -12.86693     0.00000
   -12.85593     0.00000
   -12.84493     0.00000
   -12.83393     0.00000
   -12.82293     0.00000
   -12.81093     0.00000
   -12.79993     0.00000
   -12.78893     0.00000
   -12.77793     0.00000
   -12.76693     0.00000
   -12.75593     0.00000
   -12.74393     0.00000
   -12.73293     0.00000
   -12.72193     0.00000
   -12.71093     0.00000
   -12.69993     0.00000
   -12.68893     0.00000
   -12.67793     0.00000
   -12.66593     0.00000
   -12.65493     0.00000
   -12.64393     0.00000
   -12.63293     0.00000
   -12.62193     0.00000
   -12.61093     0.00000
   -12.59893     0.00000
   -12.58793     0.00000
   -12.57693     0.00000
   -12.56593     0.00000
   -12.55493     0.00000
   -12.54393     0.00000
   -12.53293     0.00000
   -12.52093     0.00000
   -12.50993     0.00000
   -12.49893     0.00000
   -12.48793     0.00000
   -12.47693     0.00000
   -12.46593     0.00000
   -12.45393     0.00001
   -12.44293     0.00003
   -12.43193     0.00011
   -12.42093     0.00040
   -12.40993     0.00131
   -12.39893     0.00388
   -12.38793     0.01039
   -12.37593     0.02521
   -12.36493     0.05539
   -12.35393     0.11025
   -12.34293     0.19885
   -12.33193     0.32488
   -12.32093     0.48090
   -12.30893     0.64489
   -12.29793     0.78355
   -12.28693     0.86253
   -12.27593     0.86012
   -12.26493     0.77712
   -12.25393     0.63607
   -12.24193     0.47169
   -12.23093     0.31687
   -12.21993     0.19290
   -12.20893     0.10638
   -12.19793     0.05319
   -12.18693     0.02428
   -12.17593     0.01072
   -12.16393     0.00659
   -12.15293     0.01034
   -12.14193     0.02602
   -12.13093     0.06551
   -12.11993     0.15115
   -12.10893     0.31638
   -12.09693     0.60011
   -12.08593     1.03117
   -12.07493     1.60515
   -12.06393     2.26389
   -12.05293     2.89264
   -12.04193     3.34874
   -12.03093     3.51178
   -12.01893     3.33694
   -12.00793     2.87252
   -11.99693     2.24032
   -11.98593     1.58285
   -11.97493     1.01318
   -11.96393     0.58762
   -11.95193     0.30881
   -11.94093     0.14731
   -11.92993     0.06472
   -11.91893     0.02920
   -11.90793     0.02205
   -11.89693     0.03881
   -11.88493     0.08924
   -11.87393     0.19711
   -11.86293     0.39760
   -11.85193     0.72781
   -11.84093     1.20814
   -11.82993     1.81849
   -11.81893     2.48160
   -11.80693     3.07093
   -11.79593     3.44605
   -11.78493     3.50602
   -11.77393     3.23492
   -11.76293     2.70627
   -11.75193     2.05383
   -11.73993     1.41529
   -11.72893     0.89027
   -11.71793     0.52175
   -11.70693     0.30802
   -11.69593     0.22426
   -11.68493     0.24139
   -11.67393     0.33337
   -11.66193     0.47406
   -11.65093     0.63204
   -11.63993     0.76971
   -11.62893     0.85094
   -11.61793     0.85268
   -11.60693     0.77412
   -11.59493     0.63678
   -11.58393     0.47453
   -11.57293     0.32038
   -11.56193     0.19602
   -11.55093     0.10868
   -11.53993     0.05490
   -11.52793     0.02619
   -11.51693     0.01481
   -11.50593     0.01753
   -11.49493     0.03844
   -11.48393     0.09153
   -11.47293     0.20268
   -11.46193     0.40793
   -11.44993     0.74420
   -11.43893     1.23022
   -11.42793     1.84318
   -11.41693     2.50356
   -11.40593     3.08684
   -11.39493     3.46410
   -11.38293     3.55868
   -11.37193     3.39311
   -11.36093     3.08666
   -11.34993     2.81160
   -11.33893     2.71550
   -11.32793     2.85305
   -11.31693     3.16270
   -11.30493     3.49374
   -11.29393     3.67413
   -11.28293     3.59084
   -11.27193     3.23799
   -11.26093     2.71864
   -11.24993     2.19804
   -11.23793     1.83900
   -11.22693     1.74902
   -11.21593     1.95046
   -11.20493     2.38202
   -11.19393     2.92512
   -11.18293     3.44921
   -11.17193     3.86785
   -11.15993     4.17735
   -11.14893     4.45880
   -11.13793     4.83057
   -11.12693     5.37037
   -11.11593     6.04596
   -11.10493     6.70188
   -11.09293     7.11425
   -11.08193     7.08965
   -11.07093     6.55128
   -11.05993     5.57668
   -11.04893     4.35768
   -11.03793     3.12399
   -11.02593     2.06377
   -11.01493     1.28003
   -11.00393     0.79110
   -10.99293     0.55762
   -10.98193     0.51352
   -10.97093     0.58638
   -10.95993     0.70703
   -10.94793     0.81483
   -10.93693     0.86478
   -10.92593     0.83555
   -10.91493     0.73238
   -10.90393     0.58186
   -10.89293     0.41884
   -10.88093     0.27336
   -10.86993     0.16218
   -10.85893     0.08922
   -10.84793     0.05097
   -10.83693     0.04483
   -10.82593     0.07730
   -10.81493     0.17116
   -10.80293     0.37009
   -10.79193     0.73648
   -10.78093     1.33667
   -10.76993     2.21090
   -10.75893     3.33221
   -10.74793     4.58048
   -10.73593     5.74415
   -10.72493     6.57995
   -10.71393     6.89754
   -10.70293     6.64312
   -10.69193     5.92679
   -10.68093     4.98636
   -10.66893     4.10043
   -10.65793     3.50165
   -10.64693     3.32678
   -10.63593     3.60874
   -10.62493     4.30150
   -10.61393     5.31000
   -10.60293     6.51502
   -10.59093     7.78835
   -10.57993     8.99641
   -10.56893     9.99623
   -10.55793    10.63495
   -10.54693    10.76597
   -10.53593    10.29402
   -10.52393     9.22734
   -10.51293     7.69999
   -10.50193     5.94739
   -10.49093     4.23307
   -10.47993     2.76705
   -10.46893     1.65679
   -10.45793     0.90728
   -10.44593     0.45380
   -10.43493     0.20715
   -10.42393     0.08634
   -10.41293     0.03312
   -10.40193     0.01262
   -10.39093     0.00745
   -10.37893     0.01150
   -10.36793     0.02584
   -10.35693     0.05663
   -10.34593     0.11334
   -10.33493     0.20574
   -10.32393     0.33835
   -10.31293     0.50419
   -10.30093     0.68078
   -10.28993     0.83368
   -10.27893     0.92708
   -10.26793     0.94138
   -10.25693     0.88654
   -10.24593     0.80965
   -10.23393     0.79062
   -10.22293     0.93654
   -10.21193     1.36776
   -10.20093     2.19834
   -10.18993     3.50209
   -10.17893     5.26912
   -10.16693     7.36534
   -10.15593     9.52699
   -10.14493    11.40691
   -10.13393    12.67988
   -10.12293    13.15493
   -10.11193    12.84997
   -10.10093    11.99075
   -10.08893    10.91011
   -10.07793     9.91322
   -10.06693     9.17548
   -10.05593     8.71572
   -10.04493     8.44682
   -10.03393     8.24971
   -10.02193     8.02571
   -10.01093     7.70598
    -9.99993     7.24680
    -9.98893     6.62936
    -9.97793     5.87068
    -9.96693     5.02569
    -9.95593     4.17210
    -9.94393     3.37737
    -9.93293     2.68008
    -9.92193     2.08389
    -9.91093     1.57750
    -9.89993     1.14910
    -9.88893     0.79693
    -9.87693     0.52641
    -9.86593     0.34677
    -9.85493     0.27002
    -9.84393     0.31732
    -9.83293     0.52425
    -9.82193     0.93699
    -9.80993     1.59221
    -9.79893     2.48261
    -9.78793     3.52900
    -9.77693     4.57947
    -9.76593     5.45437
    -9.75493     6.02898
    -9.74393     6.30245
    -9.73193     6.41360
    -9.72093     6.57988
    -9.70993     6.98984
    -9.69893     7.70840
    -9.68793     8.64068
    -9.67693     9.57139
    -9.66493    10.25189
    -9.65393    10.49690
    -9.64293    10.24805
    -9.63193     9.59409
    -9.62093     8.73208
    -9.60993     7.89748
    -9.59893     7.27597
    -9.58693     6.94103
    -9.57593     6.83195
    -9.56493     6.78530
    -9.55393     6.62213
    -9.54293     6.21876
    -9.53193     5.56726
    -9.51993     4.77558
    -9.50893     3.99485
    -9.49793     3.35087
    -9.48693     2.88864
    -9.47593     2.56585
    -9.46493     2.29576
    -9.45293     2.00083
    -9.44193     1.65200
    -9.43093     1.27411
    -9.41993     0.92472
    -9.40893     0.66802
    -9.39793     0.55940
    -9.38693     0.64108
    -9.37493     0.94458
    -9.36393     1.48539
    -9.35293     2.25021
    -9.34193     3.18818
    -9.33093     4.21337
    -9.31993     5.22864
    -9.30793     6.15199
    -9.29693     6.92847
    -9.28593     7.51692
    -9.27493     7.86933
    -9.26393     7.92332
    -9.25293     7.61860
    -9.24193     6.93649
    -9.22993     5.93089
    -9.21893     4.72840
    -9.20793     3.49436
    -9.19693     2.38251
    -9.18593     1.49294
    -9.17493     0.85741
    -9.16293     0.45029
    -9.15193     0.21649
    -9.14093     0.09713
    -9.12993     0.04661
    -9.11893     0.03873
    -9.10793     0.06703
    -9.09693     0.14262
    -9.08493     0.29081
    -9.07393     0.54432
    -9.06293     0.93089
    -9.05193     1.45476
    -9.04093     2.08050
    -9.02993     2.72776
    -9.01793     3.28734
    -9.00693     3.65368
    -8.99593     3.76249
    -8.98493     3.61260
    -8.97393     3.25965
    -8.96293     2.78831
    -8.95093     2.27931
    -8.93993     1.78990
    -8.92893     1.35200
    -8.91793     0.98316
    -8.90693     0.69738
    -8.89593     0.51345
    -8.88493     0.45692
    -8.87293     0.55803
    -8.86193     0.84550
    -8.85093     1.32986
    -8.83993     1.98151
    -8.82893     2.71498
    -8.81793     3.39594
    -8.80593     3.87769
    -8.79493     4.05610
    -8.78393     3.90970
    -8.77293     3.50417
    -8.76193     2.95769
    -8.75093     2.39234
    -8.73993     1.90163
    -8.72793     1.54705
    -8.71693     1.37194
    -8.70593     1.41037
    -8.69493     1.67851
    -8.68393     2.15239
    -8.67293     2.75144
    -8.66093     3.34800
    -8.64993     3.80605
    -8.63893     4.03433
    -8.62793     4.01862
    -8.61693     3.81796
    -8.60593     3.52057
    -8.59393     3.19771
    -8.58293     2.88188
    -8.57193     2.57819
    -8.56093     2.28968
    -8.54993     2.03588
    -8.53893     1.84893
    -8.52793     1.76455
    -8.51593     1.81334
    -8.50493     2.02073
    -8.49393     2.40522
    -8.48293     2.95912
    -8.47193     3.62041
    -8.46093     4.26120
    -8.44893     4.71149
    -8.43793     4.82224
    -8.42693     4.53507
    -8.41593     3.91756
    -8.40493     3.14243
    -8.39393     2.42513
    -8.38293     1.95200
    -8.37093     1.82949
    -8.35993     2.06298
    -8.34893     2.56051
    -8.33793     3.15820
    -8.32693     3.66573
    -8.31593     3.92902
    -8.30393     3.88392
    -8.29293     3.57909
    -8.28193     3.14781
    -8.27093     2.74657
    -8.25993     2.49089
    -8.24893     2.42110
    -8.23793     2.50378
    -8.22593     2.66059
    -8.21493     2.80327
    -8.20393     2.86167
    -8.19293     2.79700
    -8.18193     2.60419
    -8.17093     2.30410
    -8.15893     1.93278
    -8.14793     1.53242
    -8.13693     1.14331
    -8.12593     0.79809
    -8.11493     0.51830
    -8.10393     0.31118
    -8.09193     0.17207
    -8.08093     0.08719
    -8.06993     0.04037
    -8.05893     0.01704
    -8.04793     0.00654
    -8.03693     0.00229
    -8.02593     0.00076
    -8.01393     0.00034
    -8.00293     0.00053
    -7.99193     0.00158
    -7.98093     0.00466
    -7.96993     0.01262
    -7.95893     0.03114
    -7.94693     0.07031
    -7.93593     0.14572
    -7.92493     0.27842
    -7.91393     0.49299
    -7.90293     0.81304
    -7.89193     1.25534
    -7.88093     1.81998
    -7.86893     2.47967
    -7.85793     3.16906
    -7.84693     3.78608
    -7.83593     4.20916
    -7.82493     4.33865
    -7.81393     4.14492
    -7.80193     3.69388
    -7.79093     3.14025
    -7.77993     2.67332
    -7.76893     2.45028
    -7.75793     2.53579
    -7.74693     2.87978
    -7.73493     3.33751
    -7.72393     3.72343
    -7.71293     3.88984
    -7.70193     3.77490
    -7.69093     3.41469
    -7.67993     2.90881
    -7.66893     2.37001
    -7.65693     1.87428
    -7.64593     1.45364
    -7.63493     1.11214
    -7.62393     0.85193
    -7.61293     0.68933
    -7.60193     0.66017
    -7.58993     0.81194
    -7.57893     1.19578
    -7.56793     1.85105
    -7.55693     2.78934
    -7.54593     3.97368
    -7.53493     5.30529
    -7.52393     6.62195
    -7.51193     7.72462
    -7.50093     8.42425
    -7.48993     8.59783
    -7.47893     8.23120
    -7.46793     7.42047
    -7.45693     6.33734
    -7.44493     5.18344
    -7.43393     4.14891
    -7.42293     3.39517
    -7.41193     3.04810
    -7.40093     3.18439
    -7.38993     3.81028
    -7.37893     4.83886
    -7.36693     6.08824
    -7.35593     7.31250
    -7.34493     8.26087
    -7.33393     8.74061
    -7.32293     8.66008
    -7.31193     8.04917
    -7.29993     7.04275
    -7.28893     5.84917
    -7.27793     4.69418
    -7.26693     3.76902
    -7.25593     3.18452
    -7.24493     2.96393
    -7.23293     3.06889
    -7.22193     3.44451
    -7.21093     4.05187
    -7.19993     4.86269
    -7.18893     5.82297
    -7.17793     6.81774
    -7.16693     7.67075
    -7.15493     8.19097
    -7.14393     8.24472
    -7.13293     7.81413
    -7.12193     7.01150
    -7.11093     6.04564
    -7.09993     5.16378
    -7.08793     4.58070
    -7.07693     4.42178
    -7.06593     4.67940
    -7.05493     5.21222
    -7.04393     5.78601
    -7.03293     6.15335
    -7.02193     6.14524
    -7.00993     5.72507
    -6.99893     4.98372
    -6.98793     4.08721
    -6.97693     3.20298
    -6.96593     2.45397
    -6.95493     1.90753
    -6.94293     1.58856
    -6.93193     1.49833
    -6.92093     1.62107
    -6.90993     1.92547
    -6.89893     2.36827
    -6.88793     2.90704
    -6.87593     3.51191
    -6.86493     4.16320
    -6.85393     4.83319
    -6.84293     5.46305
    -6.83193     5.96128
    -6.82093     6.22409
    -6.80993     6.17961
    -6.79793     5.82124
    -6.78693     5.22052
    -6.77593     4.51443
    -6.76493     3.86798
    -6.75393     3.42561
    -6.74293     3.26194
    -6.73093     3.34984
    -6.71993     3.56485
    -6.70893     3.73191
    -6.69793     3.69718
    -6.68693     3.39146
    -6.67593     2.85284
    -6.66493     2.20103
    -6.65293     1.58444
    -6.64193     1.13296
    -6.63093     0.93631
    -6.61993     1.04569
    -6.60893     1.48049
    -6.59793     2.22254
    -6.58593     3.19894
    -6.57493     4.26864
    -6.56393     5.23622
    -6.55293     5.89665
    -6.54193     6.10045
    -6.53093     5.80874
    -6.51893     5.10778
    -6.50793     4.18186
    -6.49693     3.25254
    -6.48593     2.51544
    -6.47493     2.09009
    -6.46393     1.99858
    -6.45293     2.17071
    -6.44093     2.47461
    -6.42993     2.76715
    -6.41893     2.94799
    -6.40793     2.99677
    -6.39693     2.97523
    -6.38593     2.98282
    -6.37393     3.09938
    -6.36293     3.34031
    -6.35193     3.65842
    -6.34093     3.98622
    -6.32993     4.28553
    -6.31893     4.56509
    -6.30793     4.85029
    -6.29593     5.12971
    -6.28493     5.32850
    -6.27393     5.33304
    -6.26293     5.06135
    -6.25193     4.52405
    -6.24093     3.83420
    -6.22893     3.15704
    -6.21793     2.63180
    -6.20693     2.31104
    -6.19593     2.15254
    -6.18493     2.05574
    -6.17393     1.91973
    -6.16293     1.69187
    -6.15093     1.37762
    -6.13993     1.02561
    -6.12893     0.69487
    -6.11793     0.42818
    -6.10693     0.24169
    -6.09593     0.13032
    -6.08393     0.08019
    -6.07293     0.08039
    -6.06193     0.13039
    -6.05093     0.24315
    -6.03993     0.44595
    -6.02893     0.78020
    -6.01693     1.29930
    -6.00593     2.05778
    -5.99493     3.09103
    -5.98393     4.37765
    -5.97293     5.81088
    -5.96193     7.19388
    -5.95093     8.28113
    -5.93893     8.86052
    -5.92793     8.82839
    -5.91693     8.22383
    -5.90593     7.19679
    -5.89493     5.94342
    -5.88393     4.64570
    -5.87193     3.43685
    -5.86093     2.39928
    -5.84993     1.57215
    -5.83893     0.96122
    -5.82793     0.54695
    -5.81693     0.29342
    -5.80593     0.16060
    -5.79393     0.11505
    -5.78293     0.13562
    -5.77193     0.21193
    -5.76093     0.33722
    -5.74993     0.49893
    -5.73893     0.67246
    -5.72693     0.82212
    -5.71593     0.91149
    -5.70493     0.91797
    -5.69393     0.84496
    -5.68293     0.72534
    -5.67193     0.61677
    -5.65993     0.59325
    -5.64893     0.73758
    -5.63793     1.13194
    -5.62693     1.83918
    -5.61593     2.87091
    -5.60493     4.15143
    -5.59393     5.50289
    -5.58193     6.67508
    -5.57093     7.42248
    -5.55993     7.59707
    -5.54893     7.20406
    -5.53793     6.39021
    -5.52693     5.36777
    -5.51493     4.32840
    -5.50393     3.38641
    -5.49293     2.57968
    -5.48193     1.90307
    -5.47093     1.34334
    -5.45993     0.89550
    -5.44893     0.55927
    -5.43693     0.33094
    -5.42593     0.20130
    -5.41493     0.15933
    -5.40393     0.19890
    -5.39293     0.31973
    -5.38193     0.52124
    -5.36993     0.79072
    -5.35893     1.09311
    -5.34793     1.37085
    -5.33693     1.55834
    -5.32593     1.60620
    -5.31493     1.50382
    -5.30393     1.28677
    -5.29193     1.02646
    -5.28093     0.80891
    -5.26993     0.71440
    -5.25893     0.80373
    -5.24793     1.10785
    -5.23693     1.61496
    -5.22493     2.25875
    -5.21393     2.92034
    -5.20293     3.45577
    -5.19193     3.75078
    -5.18093     3.77852
    -5.16993     3.62253
    -5.15793     3.44995
    -5.14693     3.43483
    -5.13593     3.67228
    -5.12493     4.12394
    -5.11393     4.62639
    -5.10293     4.96136
    -5.09193     4.95138
    -5.07993     4.53650
    -5.06893     3.79188
    -5.05793     2.88321
    -5.04693     1.99142
    -5.03593     1.24898
    -5.02493     0.71091
    -5.01293     0.36725
    -5.00193     0.17212
    -4.99093     0.07319
    -4.97993     0.02824
    -4.96893     0.00988
    -4.95793     0.00314
    -4.94693     0.00090
    -4.93493     0.00024
    -4.92393     0.00006
    -4.91293     0.00001
    -4.90193     0.00000
    -4.89093     0.00000
    -4.87993     0.00002
    -4.86793     0.00008
    -4.85693     0.00031
    -4.84593     0.00114
    -4.83493     0.00384
    -4.82393     0.01171
    -4.81293     0.03244
    -4.80093     0.08168
    -4.78993     0.18692
    -4.77893     0.38868
    -4.76793     0.73431
    -4.75693     1.26043
    -4.74593     1.96538
    -4.73493     2.78362
    -4.72293     3.58086
    -4.71193     4.18311
    -4.70093     4.43776
    -4.68993     4.27345
    -4.67893     3.73597
    -4.66793     2.96431
    -4.65593     2.13468
    -4.64493     1.39506
    -4.63393     0.82791
    -4.62293     0.44819
    -4.61193     0.22763
    -4.60093     0.12573
    -4.58993     0.11347
    -4.57793     0.18515
    -4.56693     0.35859
    -4.55593     0.66461
    -4.54493     1.12626
    -4.53393     1.73163
    -4.52293     2.41264
    -4.51093     3.04592
    -4.49993     3.48371
    -4.48893     3.60983
    -4.47793     3.38960
    -4.46693     2.88617
    -4.45593     2.23260
    -4.44393     1.58088
    -4.43293     1.05192
    -4.42193     0.71323
    -4.41093     0.58450
    -4.39993     0.65628
    -4.38893     0.90644
    -4.37793     1.30633
    -4.36593     1.82045
    -4.35493     2.40386
    -4.34393     2.99928
    -4.33293     3.53768
    -4.32193     3.93937
    -4.31093     4.12673
    -4.29893     4.04761
    -4.28793     3.69866
    -4.27693     3.14276
    -4.26593     2.49346
    -4.25493     1.88629
    -4.24393     1.44282
    -4.23293     1.24265
    -4.22093     1.31241
    -4.20993     1.62246
    -4.19893     2.09546
    -4.18793     2.62029
    -4.17693     3.08060
    -4.16593     3.38181
    -4.15393     3.47410
    -4.14293     3.35403
    -4.13193     3.05388
    -4.12093     2.62586
    -4.10993     2.12645
    -4.09893     1.61459
    -4.08793     1.14232
    -4.07593     0.74837
    -4.06493     0.45138
    -4.05393     0.24961
    -4.04293     0.12622
    -4.03193     0.05869
    -4.02093     0.02648
    -4.00893     0.01554
    -3.99793     0.01944
    -3.98693     0.03889
    -3.97593     0.08032
    -3.96493     0.15344
    -3.95393     0.26691
    -3.94193     0.42259
    -3.93093     0.61150
    -3.91993     0.81453
    -3.90893     1.01204
    -3.89793     1.19708
    -3.88693     1.38445
    -3.87593     1.60459
    -3.86393     1.88129
    -3.85293     2.20508
    -3.84193     2.52184
    -3.83093     2.75297
    -3.81993     2.83611
    -3.80893     2.76965
    -3.79693     2.62650
    -3.78593     2.53044
    -3.77493     2.60576
    -3.76393     2.92509
    -3.75293     3.48125
    -3.74193     4.18819
    -3.73093     4.90696
    -3.71893     5.48184
    -3.70793     5.77849
    -3.69693     5.71605
    -3.68593     5.28663
    -3.67493     4.55912
    -3.66393     3.66693
    -3.65193     2.77251
    -3.64093     2.03786
    -3.62993     1.59766
    -3.61893     1.54795
    -3.60793     1.93897
    -3.59693     2.76120
    -3.58493     3.92341
    -3.57393     5.24191
    -3.56293     6.46200
    -3.55193     7.32729
    -3.54093     7.66423
    -3.52993     7.44263
    -3.51893     6.78170
    -3.50693     5.88896
    -3.49593     4.97641
    -3.48493     4.19986
    -3.47393     3.64303
    -3.46293     3.33266
    -3.45193     3.26780
    -3.43993     3.43320
    -3.42893     3.79606
    -3.41793     4.29406
    -3.40693     4.83855
    -3.39593     5.32859
    -3.38493     5.67850
    -3.37393     5.84594
    -3.36193     5.84432
    -3.35093     5.74020
    -3.33993     5.62648
    -3.32893     5.58077
    -3.31793     5.62637
    -3.30693     5.72067
    -3.29493     5.76584
    -3.28393     5.65458
    -3.27293     5.31114
    -3.26193     4.72439
    -3.25093     3.94805
    -3.23993     3.08689
    -3.22893     2.26261
    -3.21693     1.58552
    -3.20593     1.14345
    -3.19493     1.00279
    -3.18393     1.22063
    -3.17293     1.84448
    -3.16193     2.88969
    -3.14993     4.29805
    -3.13893     5.90110
    -3.12793     7.42574
    -3.11693     8.55609
    -3.10593     9.04200
    -3.09493     8.79236
    -3.08293     7.90354
    -3.07193     6.60879
    -3.06093     5.18416
    -3.04993     3.85974
    -3.03893     2.78373
    -3.02793     2.03712
    -3.01693     1.66546
    -3.00493     1.70359
    -2.99393     2.17390
    -2.98293     3.06319
    -2.97193     4.29097
    -2.96093     5.69469
    -2.94993     7.04528
    -2.93793     8.10290
    -2.92693     8.69186
    -2.91593     8.76197
    -2.90493     8.40520
    -2.89393     7.81709
    -2.88293     7.22287
    -2.87193     6.81064
    -2.85993     6.69265
    -2.84893     6.90412
    -2.83793     7.42139
    -2.82693     8.18044
    -2.81593     9.07133
    -2.80493     9.93655
    -2.79293    10.58312
    -2.78193    10.81285
    -2.77093    10.48857
    -2.75993     9.59045
    -2.74893     8.24049
    -2.73793     6.67701
    -2.72593     5.17800
    -2.71493     3.97377
    -2.70393     3.18200
    -2.69293     2.79683
    -2.68193     2.72423
    -2.67093     2.84276
    -2.65993     3.05857
    -2.64793     3.33670
    -2.63693     3.69871
    -2.62593     4.19847
    -2.61493     4.87604
    -2.60393     5.72334
    -2.59293     6.65669
    -2.58093     7.52889
    -2.56993     8.17278
    -2.55893     8.45706
    -2.54793     8.34440
    -2.53693     7.90425
    -2.52593     7.28306
    -2.51493     6.64560
    -2.50293     6.10624
    -2.49193     5.70921
    -2.48093     5.44294
    -2.46993     5.29104
    -2.45893     5.25982
    -2.44793     5.37447
    -2.43593     5.63893
    -2.42493     6.00424
    -2.41393     6.37230
    -2.40293     6.62858
    -2.39193     6.70167
    -2.38093     6.59073
    -2.36993     6.35625
    -2.35793     6.07613
    -2.34693     5.80799
    -2.33593     5.57314
    -2.32493     5.38628
    -2.31393     5.27299
    -2.30293     5.27903
    -2.29093     5.43953
    -2.27993     5.75232
    -2.26893     6.16414
    -2.25793     6.59366
    -2.24693     6.96354
    -2.23593     7.22751
    -2.22393     7.37216
    -2.21293     7.41033
    -2.20193     7.36388
    -2.19093     7.25606
    -2.17993     7.10327
    -2.16893     6.92276
    -2.15793     6.74831
    -2.14593     6.64459
    -2.13493     6.70818
    -2.12393     7.04389
    -2.11293     7.72922
    -2.10193     8.77559
    -2.09093    10.10873
    -2.07893    11.56079
    -2.06793    12.88895
    -2.05693    13.81553
    -2.04593    14.09416
    -2.03493    13.60914
    -2.02393    12.44510
    -2.01293    10.89584
    -2.00093     9.37120
    -1.98993     8.25015
    -1.97893     7.73623
    -1.96793     7.79766
    -1.95693     8.20631
    -1.94593     8.64846
    -1.93393     8.84942
    -1.92293     8.65429
    -1.91193     8.05493
    -1.90093     7.16214
    -1.88993     6.14859
    -1.87893     5.19417
    -1.86693     4.43617
    -1.85593     3.94859
    -1.84493     3.74200
    -1.83393     3.77906
    -1.82293     3.99358
    -1.81193     4.30854
    -1.80093     4.65520
    -1.78893     4.98537
    -1.77793     5.27122
    -1.76693     5.48952
    -1.75593     5.60382
    -1.74493     5.55618
    -1.73393     5.29848
    -1.72193     4.82851
    -1.71093     4.21655
    -1.69993     3.60279
    -1.68893     3.15516
    -1.67793     3.01972
    -1.66693     3.27125
    -1.65593     3.88684
    -1.64393     4.74402
    -1.63293     5.65201
    -1.62193     6.39650
    -1.61093     6.79963
    -1.59993     6.76103
    -1.58893     6.28017
    -1.57693     5.45672
    -1.56593     4.46145
    -1.55493     3.50137
    -1.54393     2.77344
    -1.53293     2.42544
    -1.52193     2.52602
    -1.50993     3.05374
    -1.49893     3.90045
    -1.48793     4.89655
    -1.47693     5.85019
    -1.46593     6.58996
    -1.45493     7.00666
    -1.44393     7.06789
    -1.43193     6.81964
    -1.42093     6.37031
    -1.40993     5.86331
    -1.39893     5.43944
    -1.38793     5.20637
    -1.37693     5.21322
    -1.36493     5.44573
    -1.35393     5.85250
    -1.34293     6.37921
    -1.33193     6.99202
    -1.32093     7.67788
    -1.30993     8.41288
    -1.29893     9.13029
    -1.28693     9.70221
    -1.27593     9.96665
    -1.26493     9.78886
    -1.25393     9.13661
    -1.24293     8.10712
    -1.23193     6.90178
    -1.21993     5.74789
    -1.20893     4.81632
    -1.19793     4.17558
    -1.18693     3.79438
    -1.17593     3.58730
    -1.16493     3.45031
    -1.15393     3.29394
    -1.14193     3.05648
    -1.13093     2.71140
    -1.11993     2.27136
    -1.10893     1.78557
    -1.09793     1.32188
    -1.08693     0.94769
    -1.07493     0.71286
    -1.06393     0.64248
    -1.05293     0.73818
    -1.04193     0.98626
    -1.03093     1.36532
    -1.01993     1.85385
    -1.00793     2.43463
    -0.99693     3.09062
    -0.98593     3.79122
    -0.97493     4.47432
    -0.96393     5.03879
    -0.95293     5.36136
    -0.94193     5.34400
    -0.92993     4.96227
    -0.91893     4.29368
    -0.90793     3.50487
    -0.89693     2.80549
    -0.88593     2.38720
    -0.87493     2.37507
    -0.86293     2.79618
    -0.85193     3.56989
    -0.84093     4.52181
    -0.82993     5.42735
    -0.81893     6.07691
    -0.80793     6.34531
    -0.79693     6.22450
    -0.78493     5.80938
    -0.77393     5.23660
    -0.76293     4.62412
    -0.75193     4.03682
    -0.74093     3.49383
    -0.72993     3.00222
    -0.71793     2.58226
    -0.70693     2.27652
    -0.69593     2.13817
    -0.68493     2.21642
    -0.67393     2.54683
    -0.66293     3.14222
    -0.65093     3.98162
    -0.63993     4.99662
    -0.62893     6.06579
    -0.61793     7.02466
    -0.60693     7.69666
    -0.59593     7.93670
    -0.58493     7.67039
    -0.57293     6.92407
    -0.56193     5.82117
    -0.55093     4.55215
    -0.53993     3.32266
    -0.52893     2.29875
    -0.51793     1.57030
    -0.50593     1.14623
    -0.49493     0.97346
    -0.48393     0.97260
    -0.47293     1.07116
    -0.46193     1.22935
    -0.45093     1.45059
    -0.43993     1.77570
    -0.42793     2.26073
    -0.41693     2.94306
    -0.40593     3.80721
    -0.39493     4.76761
    -0.38393     5.68029
    -0.37293     6.39286
    -0.36093     6.81457
    -0.34993     6.96718
    -0.33893     6.98965
    -0.32793     7.07377
    -0.31693     7.36165
    -0.30593     7.86083
    -0.29493     8.42559
    -0.28293     8.81840
    -0.27193     8.82632
    -0.26093     8.36420
    -0.24993     7.51496
    -0.23893     6.48229
    -0.22793     5.49053
    -0.21593     4.68646
    -0.20493     4.09528
    -0.19393     3.64618
    -0.18293     3.24407
    -0.17193     2.83665
    -0.16093     2.44078
    -0.14893     2.11782
    -0.13793     1.92345
    -0.12693     1.86703
    -0.11593     1.90383
    -0.10493     1.96372
    -0.09393     1.99189
    -0.08293     1.97840
    -0.07093     1.95847
    -0.05993     1.98057
    -0.04893     2.06744
    -0.03793     2.19395
    -0.02693     2.29752
    -0.01593     2.31747
    -0.00393     2.23827
     0.00707     2.11063
     0.01807     2.03656
     0.02907     2.12525
     0.04007     2.44546
     0.05107     2.99661
     0.06207     3.71055
     0.07407     4.48107
     0.08507     5.19596
     0.09607     5.75477
     0.10707     6.07271
     0.11807     6.08098
     0.12907     5.74227
     0.14107     5.07693
     0.15207     4.17928
     0.16307     3.19935
     0.17407     2.29949
     0.18507     1.60247
     0.19607     1.15881
     0.20807     0.94659
     0.21907     0.89375
     0.23007     0.91071
     0.24107     0.91960
     0.25207     0.87364
     0.26307     0.76304
     0.27407     0.60707
     0.28607     0.43844
     0.29707     0.28708
     0.30807     0.17034
     0.31907     0.09159
     0.33007     0.04465
     0.34107     0.01986
     0.35307     0.00849
     0.36407     0.00488
     0.37507     0.00697
     0.38607     0.01652
     0.39707     0.03964
     0.40807     0.08733
     0.41907     0.17458
     0.43107     0.31624
     0.44207     0.51904
     0.45307     0.77163
     0.46407     1.03939
     0.47507     1.26847
     0.48607     1.40233
     0.49807     1.40459
     0.50907     1.27482
     0.52007     1.04808
     0.53107     0.78069
     0.54207     0.52709
     0.55307     0.32317
     0.56507     0.18196
     0.57607     0.10009
     0.58707     0.06904
     0.59807     0.08561
     0.60907     0.15770
     0.62007     0.30397
     0.63107     0.54569
     0.64307     0.89189
     0.65407     1.32157
     0.66507     1.77413
     0.67607     2.15820
     0.68707     2.37856
     0.69807     2.37483
     0.71007     2.14841
     0.72107     1.76097
     0.73207     1.30881
     0.74307     0.88403
     0.75407     0.54884
     0.76507     0.32758
     0.77607     0.21805
     0.78807     0.20719
     0.79907     0.28140
     0.81007     0.42690
     0.82107     0.62289
     0.83207     0.83567
     0.84307     1.01890
     0.85507     1.12632
     0.86607     1.12839
     0.87707     1.02449
     0.88807     0.84397
     0.89907     0.63305
     0.91007     0.43874
     0.92107     0.29434
     0.93307     0.21717
     0.94407     0.21066
     0.95507     0.26882
     0.96607     0.37748
     0.97707     0.51346
     0.98807     0.64510
     1.00007     0.73814
     1.01107     0.76628
     1.02207     0.72095
     1.03307     0.61464
     1.04407     0.47488
     1.05507     0.33278
     1.06707     0.21249
     1.07807     0.12618
     1.08907     0.07599
     1.10007     0.05919
     1.11107     0.07312
     1.12207     0.11710
     1.13307     0.19044
     1.14507     0.28851
     1.15607     0.39912
     1.16707     0.50333
     1.17807     0.58083
     1.18907     0.61945
     1.20007     0.62144
     1.21207     0.60389
     1.22307     0.59021
     1.23407     0.59875
     1.24507     0.63450
     1.25607     0.68972
     1.26707     0.75163
     1.27807     0.81058
     1.29007     0.86263
     1.30107     0.90530
     1.31207     0.93100
     1.32307     0.92643
     1.33407     0.87956
     1.34507     0.79049
     1.35707     0.67870
     1.36807     0.58196
     1.37907     0.54737
     1.39007     0.61869
     1.40107     0.82362
     1.41207     1.16252
     1.42407     1.60208
     1.43507     2.07781
     1.44607     2.50922
     1.45707     2.82481
     1.46807     2.98726
     1.47907     3.00525
     1.49007     2.92986
     1.50207     2.83758
     1.51307     2.80763
     1.52407     2.90347
     1.53507     3.15737
     1.54607     3.55935
     1.55707     4.05560
     1.56907     4.55901
     1.58007     4.97546
     1.59107     5.23314
     1.60207     5.30072
     1.61307     5.18819
     1.62407     4.92763
     1.63507     4.55261
     1.64707     4.08686
     1.65807     3.54934
     1.66907     2.97175
     1.68007     2.41211
     1.69107     1.95445
     1.70207     1.69061
     1.71407     1.69674
     1.72507     2.01260
     1.73607     2.63012
     1.74707     3.49066
     1.75807     4.48394
     1.76907     5.45769
     1.78007     6.23156
     1.79207     6.63640
     1.80307     6.56433
     1.81407     6.01024
     1.82507     5.08405
     1.83607     3.97871
     1.84707     2.90316
     1.85907     2.01691
     1.87007     1.39349
     1.88107     1.02356
     1.89207     0.84618
     1.90307     0.79320
     1.91407     0.82299
     1.92607     0.93611
     1.93707     1.16973
     1.94807     1.57622
     1.95907     2.19550
     1.97007     3.03091
     1.98107     4.03751
     1.99207     5.12339
     2.00407     6.16652
     2.01507     7.04166
     2.02607     7.65170
     2.03707     7.96173
     2.04807     8.01778
     2.05907     7.94008
     2.07107     7.88534
     2.08207     7.98434
     2.09307     8.29092
     2.10407     8.76525
     2.11507     9.30646
     2.12607     9.81766
     2.13707    10.25583
     2.14907    10.63619
     2.16007    10.98467
     2.17107    11.27417
     2.18207    11.39021
     2.19307    11.17637
     2.20407    10.51472
     2.21607     9.41192
     2.22707     8.02102
     2.23807     6.58481
     2.24907     5.33772
     2.26007     4.42040
     2.27107     3.84457
     2.28307     3.51675
     2.29407     3.30355
     2.30507     3.10014
     2.31607     2.86573
     2.32707     2.62143
     2.33807     2.41622
     2.34907     2.28843
     2.36107     2.25237
     2.37207     2.31325
     2.38307     2.49589
     2.39407     2.86016
     2.40507     3.48795
     2.41607     4.44219
     2.42807     5.72080
     2.43907     7.21939
     2.45007     8.73681
     2.46107    10.02054
     2.47207    10.84776
     2.48307    11.10824
     2.49407    10.84508
     2.50607    10.21961
     2.51707     9.42259
     2.52807     8.58062
     2.53907     7.72254
     2.55007     6.82477
     2.56107     5.89107
     2.57307     5.00472
     2.58407     4.31727
     2.59507     3.97212
     2.60607     4.02244
     2.61707     4.38539
     2.62807     4.86505
     2.63907     5.22893
     2.65107     5.30766
     2.66207     5.05513
     2.67307     4.55959
     2.68407     3.99232
     2.69507     3.53031
     2.70607     3.29123
     2.71807     3.30572
     2.72907     3.53653
     2.74007     3.93004
     2.75107     4.46989
     2.76207     5.19467
     2.77307     6.15787
     2.78507     7.34516
     2.79607     8.60850
     2.80707     9.66274
     2.81807    10.18306
     2.82907     9.94774
     2.84007     8.94649
     2.85107     7.39481
     2.86307     5.64748
     2.87407     4.06587
     2.88507     2.91101
     2.89607     2.30038
     2.90707     2.21827
     2.91807     2.55347
     2.93007     3.13735
     2.94107     3.77458
     2.95207     4.27670
     2.96307     4.50093
     2.97407     4.38774
     2.98507     3.98345
     2.99607     3.42946
     3.00807     2.92435
     3.01907     2.66511
     3.03007     2.79711
     3.04107     3.38396
     3.05207     4.40477
     3.06307     5.77075
     3.07507     7.34818
     3.08607     8.96891
     3.09707    10.43451
     3.10807    11.52065
     3.11907    12.01083
     3.13007    11.75637
     3.14207    10.74942
     3.15307     9.14130
     3.16407     7.21343
     3.17507     5.28860
     3.18607     3.63178
     3.19707     2.38799
     3.20807     1.57544
     3.22007     1.12138
     3.23107     0.91812
     3.24207     0.87390
     3.25307     0.94291
     3.26407     1.12790
     3.27507     1.45837
     3.28707     1.94991
     3.29807     2.56873
     3.30907     3.21506
     3.32007     3.74663
     3.33107     4.03421
     3.34207     4.02264
     3.35307     3.76747
     3.36507     3.42109
     3.37607     3.17535
     3.38707     3.19026
     3.39807     3.54092
     3.40907     4.20319
     3.42007     5.07986
     3.43207     6.04342
     3.44307     6.97650
     3.45407     7.79112
     3.46507     8.42817
     3.47607     8.85064
     3.48707     9.03359
     3.49907     8.96632
     3.51007     8.66053
     3.52107     8.15580
     3.53207     7.52307
     3.54307     6.85598
     3.55407     6.24972
     3.56507     5.77536
     3.57707     5.46010
     3.58807     5.28369
     3.59907     5.19781
     3.61007     5.15080
     3.62107     5.10641
     3.63207     5.03894
     3.64407     4.91947
     3.65507     4.71393
     3.66607     4.39705
     3.67707     3.97673
     3.68807     3.50121
     3.69907     3.04261
     3.71007     2.66735
     3.72207     2.41585
     3.73307     2.30492
     3.74407     2.34597
     3.75507     2.56423
     3.76607     3.00206
     3.77707     3.70299
     3.78907     4.67948
     3.80007     5.88002
     3.81107     7.17434
     3.82207     8.37648
     3.83307     9.29751
     3.84407     9.82511
     3.85507     9.96872
     3.86707     9.86030
     3.87807     9.69395
     3.88907     9.62593
     3.90007     9.69373
     3.91107     9.78965
     3.92207     9.70708
     3.93407     9.24547
     3.94507     8.31415
     3.95607     6.98060
     3.96707     5.44621
     3.97807     3.96355
     3.98907     2.75076
     4.00107     1.94030
     4.01207     1.57610
     4.02307     1.64268
     4.03407     2.09532
     4.04507     2.87202
     4.05607     3.88651
     4.06707     5.01511
     4.07907     6.09412
     4.09007     6.94218
     4.10107     7.40277
     4.11207     7.38782
     4.12307     6.90826
     4.13407     6.07529
     4.14607     5.08028
     4.15707     4.14281
     4.16807     3.46334
     4.17907     3.17969
     4.19007     3.34361
     4.20107     3.92122
     4.21207     4.81024
     4.22407     5.86726
     4.23507     6.92908
     4.24607     7.83721
     4.25707     8.45117
     4.26807     8.66764
     4.27907     8.44205
     4.29107     7.80507
     4.30207     6.87166
     4.31307     5.82450
     4.32407     4.87581
     4.33507     4.20517
     4.34607     3.90059
     4.35807     3.93082
     4.36907     4.16391
     4.38007     4.42854
     4.39107     4.59404
     4.40207     4.63157
     4.41307     4.62473
     4.42407     4.72836
     4.43607     5.08904
     4.44707     5.76397
     4.45807     6.67338
     4.46907     7.60935
     4.48007     8.30081
     4.49107     8.51468
     4.50307     8.14498
     4.51407     7.24875
     4.52507     6.01282
     4.53607     4.68247
     4.54707     3.47889
     4.55807     2.56214
     4.56907     2.02823
     4.58107     1.92832
     4.59207     2.27893
     4.60307     3.04811
     4.61407     4.12939
     4.62507     5.32965
     4.63607     6.39711
     4.64807     7.09131
     4.65907     7.26513
     4.67007     6.91594
     4.68107     6.17349
     4.69207     5.23977
     4.70307     4.30325
     4.71407     3.48746
     4.72607     2.84191
     4.73707     2.37108
     4.74807     2.07347
     4.75907     1.96512
     4.77007     2.08057
     4.78107     2.45619
     4.79307     3.10221
     4.80407     3.97822
     4.81507     4.98057
     4.82607     5.95790
     4.83707     6.75027
     4.84807     7.24931
     4.86007     7.43271
     4.87107     7.36983
     4.88207     7.17918
     4.89307     6.96060
     4.90407     6.74824
     4.91507     6.51174
     4.92607     6.20123
     4.93807     5.81194
     4.94907     5.39966
     4.96007     5.05581
     4.97107     4.83929
     4.98207     4.73472
     4.99307     4.66834
     5.00507     4.57482
     5.01607     4.46762
     5.02707     4.46037
     5.03807     4.71164
     5.04907     5.32571
     5.06007     6.26309
     5.07107     7.31851
     5.08307     8.18982
     5.09407     8.60823
     5.10507     8.45884
     5.11607     7.82843
     5.12707     6.95886
     5.13807     6.13087
     5.15007     5.54922
     5.16107     5.28463
     5.17207     5.28790
     5.18307     5.45479
     5.19407     5.69320
     5.20507     5.96524
     5.21707     6.28132
     5.22807     6.66486
     5.23907     7.11199
     5.25007     7.57055
     5.26107     7.96028
     5.27207     8.20574
     5.28307     8.27384
     5.29507     8.17979
     5.30607     7.96113
     5.31707     7.65186
     5.32807     7.26378
     5.33907     6.79400
     5.35007     6.24605
     5.36207     5.64761
     5.37307     5.06056
     5.38407     4.57404
     5.39507     4.28689
     5.40607     4.27892
     5.41707     4.58140
     5.42807     5.14983
     5.44007     5.85826
     5.45107     6.51688
     5.46207     6.92697
     5.47307     6.94868
     5.48407     6.55457
     5.49507     5.83606
     5.50707     4.95710
     5.51807     4.08820
     5.52907     3.34863
     5.54007     2.79171
     5.55107     2.41769
     5.56207     2.19830
     5.57407     2.09590
     5.58507     2.07585
     5.59607     2.11839
     5.60707     2.22522
     5.61807     2.41461
     5.62907     2.70175
     5.64007     3.07514
     5.65207     3.48576
     5.66307     3.85850
     5.67407     4.11611
     5.68507     4.20189
     5.69607     4.08845
     5.70707     3.77790
     5.71907     3.29939
     5.73007     2.70725
     5.74107     2.07526
     5.75207     1.48212
     5.76307     0.99341
     5.77407     0.64812
     5.78507     0.45575
     5.79707     0.40234
     5.80807     0.45814
     5.81907     0.58269
     5.83007     0.72841
     5.84107     0.84672
     5.85207     0.89873
     5.86407     0.86618
     5.87507     0.75687
     5.88607     0.59928
     5.89707     0.42993
     5.90807     0.27941
     5.91907     0.16452
     5.93007     0.08777
     5.94207     0.04241
     5.95307     0.01857
     5.96407     0.00737
     5.97507     0.00265
     5.98607     0.00086
     5.99707     0.00025
     6.00907     0.00007
     6.02007     0.00002
     6.03107     0.00000
     6.04207     0.00000
     6.05307     0.00000
     6.06407     0.00000
     6.07607     0.00000
     6.08707     0.00000
     6.09807     0.00000
     6.10907     0.00000
     6.12007     0.00000
     6.13107     0.00000
     6.14207     0.00000
     6.15407     0.00000
     6.16507     0.00000
     6.17607     0.00000
     6.18707     0.00000
     6.19807     0.00000
     6.20907     0.00000
     6.22107     0.00000
     6.23207     0.00000
     6.24307     0.00000
     6.25407     0.00000
     6.26507     0.00000
     6.27607     0.00000
     6.28707     0.00000
     6.29907     0.00000
     6.31007     0.00000
     6.32107     0.00000
     6.33207     0.00000
     6.34307     0.00000
     6.35407     0.00000
     6.36607     0.00000
     6.37707     0.00000
     6.38807     0.00000
     6.39907     0.00000
     6.41007     0.00000
     6.42107     0.00000
     6.43307     0.00000
     6.44407     0.00000
     6.45507     0.00000
     6.46607     0.00000
     6.47707     0.00000
     6.48807     0.00000
     6.49907     0.00000
     6.51107     0.00000
     6.52207     0.00000
     6.53307     0.00000
     6.54407     0.00000
     6.55507     0.00000
     6.56607     0.00000
     6.57807     0.00000
     6.58907     0.00000
     6.60007     0.00000
     6.61107     0.00000
     6.62207     0.00000
     6.63307     0.00000
     6.64407     0.00000
     6.65607     0.00000
     6.66707     0.00000
     6.67807     0.00000
     6.68907     0.00000
     6.70007     0.00000
     6.71107     0.00000
     6.72307     0.00000
     6.73407     0.00000
     6.74507     0.00000
     6.75607     0.00000
     6.76707     0.00000
     6.77807     0.00000
     6.78907     0.00000
     6.80107     0.00000
     6.81207     0.00000
     6.82307     0.00000
     6.83407     0.00000
     6.84507     0.00000
     6.85607     0.00000
     6.86807     0.00000
     6.87907     0.00000
     6.89007     0.00000
     6.90107     0.00000
     6.91207     0.00000
     6.92307     0.00000
     6.93507     0.00000
     6.94607     0.00000
     6.95707     0.00000
     6.96807     0.00000
     6.97907     0.00000
     6.99007     0.00000
     7.00107     0.00000
     7.01307     0.00000
     7.02407     0.00000
     7.03507     0.00000
     7.04607     0.00000
     7.05707     0.00000
     7.06807     0.00000
     7.08007     0.00000
     7.09107     0.00000
     7.10207     0.00000
     7.11307     0.00000
     7.12407     0.00000
     7.13507     0.00000
     7.14607     0.00000
     7.15807     0.00000
     7.16907     0.00000
     7.18007     0.00000
     7.19107     0.00000
     7.20207     0.00000
     7.21307     0.00000
     7.22507     0.00000
     7.23607     0.00000
     7.24707     0.00000
     7.25807     0.00000
     7.26907     0.00000
     7.28007     0.00000
     7.29207     0.00000
     7.30307     0.00000
     7.31407     0.00000
     7.32507     0.00000
     7.33607     0.00000
     7.34707     0.00000
     7.35807     0.00000
     7.37007     0.00000
