     #Energy      5&8_pz
   -26.09793     0.00000
   -26.08693     0.00000
   -26.07593     0.00000
   -26.06493     0.00000
   -26.05293     0.00000
   -26.04193     0.00000
   -26.03093     0.00000
   -26.01993     0.00000
   -26.00893     0.00000
   -25.99793     0.00000
   -25.98693     0.00000
   -25.97493     0.00000
   -25.96393     0.00000
   -25.95293     0.00000
   -25.94193     0.00000
   -25.93093     0.00000
   -25.91993     0.00000
   -25.90793     0.00000
   -25.89693     0.00000
   -25.88593     0.00000
   -25.87493     0.00000
   -25.86393     0.00000
   -25.85293     0.00000
   -25.84193     0.00000
   -25.82993     0.00000
   -25.81893     0.00000
   -25.80793     0.00000
   -25.79693     0.00000
   -25.78593     0.00000
   -25.77493     0.00000
   -25.76293     0.00000
   -25.75193     0.00000
   -25.74093     0.00000
   -25.72993     0.00000
   -25.71893     0.00000
   -25.70793     0.00000
   -25.69593     0.00000
   -25.68493     0.00000
   -25.67393     0.00000
   -25.66293     0.00000
   -25.65193     0.00000
   -25.64093     0.00000
   -25.62993     0.00000
   -25.61793     0.00000
   -25.60693     0.00000
   -25.59593     0.00000
   -25.58493     0.00000
   -25.57393     0.00000
   -25.56293     0.00000
   -25.55093     0.00000
   -25.53993     0.00000
   -25.52893     0.00000
   -25.51793     0.00000
   -25.50693     0.00000
   -25.49593     0.00000
   -25.48493     0.00000
   -25.47293     0.00000
   -25.46193     0.00000
   -25.45093     0.00000
   -25.43993     0.00000
   -25.42893     0.00000
   -25.41793     0.00000
   -25.40593     0.00000
   -25.39493     0.00000
   -25.38393     0.00000
   -25.37293     0.00000
   -25.36193     0.00000
   -25.35093     0.00000
   -25.33993     0.00000
   -25.32793     0.00000
   -25.31693     0.00000
   -25.30593     0.00000
   -25.29493     0.00000
   -25.28393     0.00000
   -25.27293     0.00000
   -25.26093     0.00000
   -25.24993     0.00000
   -25.23893     0.00000
   -25.22793     0.00000
   -25.21693     0.00000
   -25.20593     0.00000
   -25.19393     0.00000
   -25.18293     0.00000
   -25.17193     0.00000
   -25.16093     0.00000
   -25.14993     0.00000
   -25.13893     0.00000
   -25.12793     0.00000
   -25.11593     0.00000
   -25.10493     0.00000
   -25.09393     0.00000
   -25.08293     0.00000
   -25.07193     0.00000
   -25.06093     0.00000
   -25.04893     0.00000
   -25.03793     0.00000
   -25.02693     0.00000
   -25.01593     0.00000
   -25.00493     0.00000
   -24.99393     0.00000
   -24.98293     0.00000
   -24.97093     0.00000
   -24.95993     0.00000
   -24.94893     0.00000
   -24.93793     0.00000
   -24.92693     0.00000
   -24.91593     0.00000
   -24.90393     0.00000
   -24.89293     0.00000
   -24.88193     0.00000
   -24.87093     0.00000
   -24.85993     0.00000
   -24.84893     0.00000
   -24.83693     0.00000
   -24.82593     0.00000
   -24.81493     0.00000
   -24.80393     0.00000
   -24.79293     0.00000
   -24.78193     0.00000
   -24.77093     0.00000
   -24.75893     0.00000
   -24.74793     0.00000
   -24.73693     0.00000
   -24.72593     0.00000
   -24.71493     0.00000
   -24.70393     0.00000
   -24.69193     0.00000
   -24.68093     0.00000
   -24.66993     0.00000
   -24.65893     0.00000
   -24.64793     0.00000
   -24.63693     0.00000
   -24.62593     0.00000
   -24.61393     0.00000
   -24.60293     0.00000
   -24.59193     0.00000
   -24.58093     0.00000
   -24.56993     0.00000
   -24.55893     0.00000
   -24.54693     0.00000
   -24.53593     0.00000
   -24.52493     0.00000
   -24.51393     0.00000
   -24.50293     0.00000
   -24.49193     0.00000
   -24.48093     0.00000
   -24.46893     0.00000
   -24.45793     0.00000
   -24.44693     0.00000
   -24.43593     0.00000
   -24.42493     0.00000
   -24.41393     0.00000
   -24.40193     0.00000
   -24.39093     0.00000
   -24.37993     0.00001
   -24.36893     0.00001
   -24.35793     0.00001
   -24.34693     0.00002
   -24.33493     0.00003
   -24.32393     0.00004
   -24.31293     0.00005
   -24.30193     0.00006
   -24.29093     0.00007
   -24.27993     0.00008
   -24.26893     0.00009
   -24.25693     0.00010
   -24.24593     0.00011
   -24.23493     0.00013
   -24.22393     0.00016
   -24.21293     0.00022
   -24.20193     0.00031
   -24.18993     0.00044
   -24.17893     0.00060
   -24.16793     0.00077
   -24.15693     0.00092
   -24.14593     0.00100
   -24.13493     0.00100
   -24.12393     0.00091
   -24.11193     0.00076
   -24.10093     0.00058
   -24.08993     0.00041
   -24.07893     0.00028
   -24.06793     0.00021
   -24.05693     0.00018
   -24.04493     0.00018
   -24.03393     0.00021
   -24.02293     0.00024
   -24.01193     0.00025
   -24.00093     0.00024
   -23.98993     0.00022
   -23.97793     0.00018
   -23.96693     0.00014
   -23.95593     0.00012
   -23.94493     0.00013
   -23.93393     0.00019
   -23.92293     0.00035
   -23.91193     0.00065
   -23.89993     0.00115
   -23.88893     0.00188
   -23.87793     0.00285
   -23.86693     0.00397
   -23.85593     0.00509
   -23.84493     0.00597
   -23.83293     0.00641
   -23.82193     0.00628
   -23.81093     0.00562
   -23.79993     0.00458
   -23.78893     0.00341
   -23.77793     0.00231
   -23.76693     0.00142
   -23.75493     0.00080
   -23.74393     0.00041
   -23.73293     0.00019
   -23.72193     0.00008
   -23.71093     0.00003
   -23.69993     0.00001
   -23.68793     0.00000
   -23.67693     0.00000
   -23.66593     0.00000
   -23.65493     0.00000
   -23.64393     0.00000
   -23.63293     0.00000
   -23.62093     0.00000
   -23.60993     0.00000
   -23.59893     0.00000
   -23.58793     0.00000
   -23.57693     0.00000
   -23.56593     0.00000
   -23.55493     0.00000
   -23.54293     0.00000
   -23.53193     0.00000
   -23.52093     0.00000
   -23.50993     0.00000
   -23.49893     0.00000
   -23.48793     0.00000
   -23.47593     0.00000
   -23.46493     0.00000
   -23.45393     0.00000
   -23.44293     0.00000
   -23.43193     0.00000
   -23.42093     0.00000
   -23.40993     0.00000
   -23.39793     0.00000
   -23.38693     0.00000
   -23.37593     0.00000
   -23.36493     0.00000
   -23.35393     0.00000
   -23.34293     0.00000
   -23.33093     0.00000
   -23.31993     0.00000
   -23.30893     0.00000
   -23.29793     0.00000
   -23.28693     0.00000
   -23.27593     0.00000
   -23.26493     0.00000
   -23.25293     0.00000
   -23.24193     0.00000
   -23.23093     0.00000
   -23.21993     0.00000
   -23.20893     0.00000
   -23.19793     0.00000
   -23.18593     0.00000
   -23.17493     0.00000
   -23.16393     0.00000
   -23.15293     0.00000
   -23.14193     0.00000
   -23.13093     0.00000
   -23.11893     0.00000
   -23.10793     0.00000
   -23.09693     0.00000
   -23.08593     0.00000
   -23.07493     0.00000
   -23.06393     0.00000
   -23.05293     0.00000
   -23.04093     0.00000
   -23.02993     0.00000
   -23.01893     0.00000
   -23.00793     0.00000
   -22.99693     0.00000
   -22.98593     0.00000
   -22.97393     0.00000
   -22.96293     0.00000
   -22.95193     0.00000
   -22.94093     0.00000
   -22.92993     0.00000
   -22.91893     0.00000
   -22.90793     0.00000
   -22.89593     0.00000
   -22.88493     0.00000
   -22.87393     0.00000
   -22.86293     0.00000
   -22.85193     0.00000
   -22.84093     0.00000
   -22.82893     0.00000
   -22.81793     0.00000
   -22.80693     0.00000
   -22.79593     0.00000
   -22.78493     0.00000
   -22.77393     0.00000
   -22.76193     0.00000
   -22.75093     0.00000
   -22.73993     0.00000
   -22.72893     0.00000
   -22.71793     0.00000
   -22.70693     0.00000
   -22.69593     0.00000
   -22.68393     0.00000
   -22.67293     0.00000
   -22.66193     0.00000
   -22.65093     0.00000
   -22.63993     0.00000
   -22.62893     0.00000
   -22.61693     0.00000
   -22.60593     0.00000
   -22.59493     0.00000
   -22.58393     0.00000
   -22.57293     0.00000
   -22.56193     0.00000
   -22.55093     0.00000
   -22.53893     0.00000
   -22.52793     0.00000
   -22.51693     0.00000
   -22.50593     0.00000
   -22.49493     0.00000
   -22.48393     0.00000
   -22.47193     0.00000
   -22.46093     0.00000
   -22.44993     0.00000
   -22.43893     0.00000
   -22.42793     0.00000
   -22.41693     0.00000
   -22.40593     0.00000
   -22.39393     0.00000
   -22.38293     0.00000
   -22.37193     0.00000
   -22.36093     0.00000
   -22.34993     0.00000
   -22.33893     0.00000
   -22.32693     0.00000
   -22.31593     0.00000
   -22.30493     0.00000
   -22.29393     0.00000
   -22.28293     0.00000
   -22.27193     0.00000
   -22.25993     0.00000
   -22.24893     0.00000
   -22.23793     0.00000
   -22.22693     0.00000
   -22.21593     0.00000
   -22.20493     0.00000
   -22.19393     0.00000
   -22.18193     0.00000
   -22.17093     0.00000
   -22.15993     0.00000
   -22.14893     0.00000
   -22.13793     0.00000
   -22.12693     0.00000
   -22.11493     0.00000
   -22.10393     0.00000
   -22.09293     0.00000
   -22.08193     0.00000
   -22.07093     0.00000
   -22.05993     0.00000
   -22.04893     0.00000
   -22.03693     0.00000
   -22.02593     0.00000
   -22.01493     0.00000
   -22.00393     0.00000
   -21.99293     0.00000
   -21.98193     0.00000
   -21.96993     0.00000
   -21.95893     0.00000
   -21.94793     0.00000
   -21.93693     0.00000
   -21.92593     0.00000
   -21.91493     0.00000
   -21.90293     0.00000
   -21.89193     0.00000
   -21.88093     0.00000
   -21.86993     0.00000
   -21.85893     0.00000
   -21.84793     0.00000
   -21.83693     0.00000
   -21.82493     0.00000
   -21.81393     0.00000
   -21.80293     0.00000
   -21.79193     0.00000
   -21.78093     0.00000
   -21.76993     0.00000
   -21.75793     0.00000
   -21.74693     0.00000
   -21.73593     0.00000
   -21.72493     0.00000
   -21.71393     0.00000
   -21.70293     0.00000
   -21.69193     0.00000
   -21.67993     0.00000
   -21.66893     0.00000
   -21.65793     0.00000
   -21.64693     0.00000
   -21.63593     0.00000
   -21.62493     0.00000
   -21.61293     0.00000
   -21.60193     0.00000
   -21.59093     0.00000
   -21.57993     0.00000
   -21.56893     0.00000
   -21.55793     0.00000
   -21.54593     0.00000
   -21.53493     0.00000
   -21.52393     0.00000
   -21.51293     0.00000
   -21.50193     0.00000
   -21.49093     0.00000
   -21.47993     0.00000
   -21.46793     0.00000
   -21.45693     0.00000
   -21.44593     0.00000
   -21.43493     0.00000
   -21.42393     0.00000
   -21.41293     0.00000
   -21.40093     0.00000
   -21.38993     0.00000
   -21.37893     0.00000
   -21.36793     0.00000
   -21.35693     0.00000
   -21.34593     0.00000
   -21.33493     0.00000
   -21.32293     0.00000
   -21.31193     0.00000
   -21.30093     0.00000
   -21.28993     0.00000
   -21.27893     0.00000
   -21.26793     0.00000
   -21.25593     0.00000
   -21.24493     0.00000
   -21.23393     0.00000
   -21.22293     0.00000
   -21.21193     0.00000
   -21.20093     0.00000
   -21.18993     0.00000
   -21.17793     0.00000
   -21.16693     0.00000
   -21.15593     0.00000
   -21.14493     0.00000
   -21.13393     0.00000
   -21.12293     0.00000
   -21.11093     0.00000
   -21.09993     0.00000
   -21.08893     0.00000
   -21.07793     0.00000
   -21.06693     0.00000
   -21.05593     0.00000
   -21.04393     0.00000
   -21.03293     0.00000
   -21.02193     0.00000
   -21.01093     0.00000
   -20.99993     0.00000
   -20.98893     0.00000
   -20.97793     0.00000
   -20.96593     0.00000
   -20.95493     0.00000
   -20.94393     0.00000
   -20.93293     0.00000
   -20.92193     0.00000
   -20.91093     0.00000
   -20.89893     0.00000
   -20.88793     0.00000
   -20.87693     0.00000
   -20.86593     0.00000
   -20.85493     0.00000
   -20.84393     0.00000
   -20.83293     0.00000
   -20.82093     0.00000
   -20.80993     0.00000
   -20.79893     0.00000
   -20.78793     0.00000
   -20.77693     0.00000
   -20.76593     0.00000
   -20.75393     0.00000
   -20.74293     0.00000
   -20.73193     0.00000
   -20.72093     0.00000
   -20.70993     0.00000
   -20.69893     0.00000
   -20.68693     0.00000
   -20.67593     0.00000
   -20.66493     0.00000
   -20.65393     0.00000
   -20.64293     0.00000
   -20.63193     0.00000
   -20.62093     0.00000
   -20.60893     0.00000
   -20.59793     0.00000
   -20.58693     0.00000
   -20.57593     0.00000
   -20.56493     0.00000
   -20.55393     0.00000
   -20.54193     0.00000
   -20.53093     0.00000
   -20.51993     0.00000
   -20.50893     0.00000
   -20.49793     0.00000
   -20.48693     0.00000
   -20.47593     0.00000
   -20.46393     0.00000
   -20.45293     0.00000
   -20.44193     0.00000
   -20.43093     0.00000
   -20.41993     0.00000
   -20.40893     0.00000
   -20.39693     0.00000
   -20.38593     0.00000
   -20.37493     0.00000
   -20.36393     0.00000
   -20.35293     0.00000
   -20.34193     0.00000
   -20.33093     0.00000
   -20.31893     0.00000
   -20.30793     0.00000
   -20.29693     0.00000
   -20.28593     0.00000
   -20.27493     0.00000
   -20.26393     0.00000
   -20.25193     0.00000
   -20.24093     0.00000
   -20.22993     0.00000
   -20.21893     0.00000
   -20.20793     0.00000
   -20.19693     0.00000
   -20.18493     0.00000
   -20.17393     0.00000
   -20.16293     0.00000
   -20.15193     0.00000
   -20.14093     0.00000
   -20.12993     0.00000
   -20.11893     0.00000
   -20.10693     0.00000
   -20.09593     0.00000
   -20.08493     0.00000
   -20.07393     0.00000
   -20.06293     0.00000
   -20.05193     0.00000
   -20.03993     0.00000
   -20.02893     0.00000
   -20.01793     0.00000
   -20.00693     0.00000
   -19.99593     0.00000
   -19.98493     0.00000
   -19.97393     0.00000
   -19.96193     0.00000
   -19.95093     0.00000
   -19.93993     0.00000
   -19.92893     0.00000
   -19.91793     0.00000
   -19.90693     0.00000
   -19.89493     0.00000
   -19.88393     0.00000
   -19.87293     0.00000
   -19.86193     0.00000
   -19.85093     0.00000
   -19.83993     0.00000
   -19.82793     0.00000
   -19.81693     0.00000
   -19.80593     0.00000
   -19.79493     0.00000
   -19.78393     0.00000
   -19.77293     0.00000
   -19.76193     0.00000
   -19.74993     0.00000
   -19.73893     0.00000
   -19.72793     0.00000
   -19.71693     0.00000
   -19.70593     0.00000
   -19.69493     0.00000
   -19.68293     0.00000
   -19.67193     0.00000
   -19.66093     0.00000
   -19.64993     0.00000
   -19.63893     0.00000
   -19.62793     0.00000
   -19.61693     0.00000
   -19.60493     0.00000
   -19.59393     0.00000
   -19.58293     0.00000
   -19.57193     0.00000
   -19.56093     0.00000
   -19.54993     0.00000
   -19.53793     0.00000
   -19.52693     0.00000
   -19.51593     0.00000
   -19.50493     0.00000
   -19.49393     0.00000
   -19.48293     0.00000
   -19.47193     0.00000
   -19.45993     0.00000
   -19.44893     0.00000
   -19.43793     0.00000
   -19.42693     0.00000
   -19.41593     0.00000
   -19.40493     0.00000
   -19.39293     0.00000
   -19.38193     0.00000
   -19.37093     0.00000
   -19.35993     0.00000
   -19.34893     0.00000
   -19.33793     0.00000
   -19.32593     0.00000
   -19.31493     0.00000
   -19.30393     0.00000
   -19.29293     0.00000
   -19.28193     0.00000
   -19.27093     0.00000
   -19.25993     0.00000
   -19.24793     0.00000
   -19.23693     0.00000
   -19.22593     0.00000
   -19.21493     0.00000
   -19.20393     0.00000
   -19.19293     0.00000
   -19.18093     0.00000
   -19.16993     0.00000
   -19.15893     0.00000
   -19.14793     0.00000
   -19.13693     0.00000
   -19.12593     0.00000
   -19.11493     0.00000
   -19.10293     0.00000
   -19.09193     0.00000
   -19.08093     0.00000
   -19.06993     0.00000
   -19.05893     0.00000
   -19.04793     0.00000
   -19.03593     0.00000
   -19.02493     0.00000
   -19.01393     0.00000
   -19.00293     0.00000
   -18.99193     0.00000
   -18.98093     0.00000
   -18.96893     0.00000
   -18.95793     0.00000
   -18.94693     0.00000
   -18.93593     0.00000
   -18.92493     0.00000
   -18.91393     0.00000
   -18.90293     0.00000
   -18.89093     0.00000
   -18.87993     0.00000
   -18.86893     0.00000
   -18.85793     0.00000
   -18.84693     0.00000
   -18.83593     0.00000
   -18.82393     0.00000
   -18.81293     0.00000
   -18.80193     0.00000
   -18.79093     0.00000
   -18.77993     0.00000
   -18.76893     0.00000
   -18.75793     0.00000
   -18.74593     0.00000
   -18.73493     0.00000
   -18.72393     0.00000
   -18.71293     0.00000
   -18.70193     0.00000
   -18.69093     0.00000
   -18.67893     0.00000
   -18.66793     0.00000
   -18.65693     0.00000
   -18.64593     0.00000
   -18.63493     0.00000
   -18.62393     0.00000
   -18.61193     0.00000
   -18.60093     0.00000
   -18.58993     0.00000
   -18.57893     0.00000
   -18.56793     0.00000
   -18.55693     0.00000
   -18.54593     0.00000
   -18.53393     0.00000
   -18.52293     0.00000
   -18.51193     0.00000
   -18.50093     0.00000
   -18.48993     0.00000
   -18.47893     0.00000
   -18.46693     0.00000
   -18.45593     0.00000
   -18.44493     0.00000
   -18.43393     0.00000
   -18.42293     0.00000
   -18.41193     0.00000
   -18.40093     0.00000
   -18.38893     0.00000
   -18.37793     0.00000
   -18.36693     0.00000
   -18.35593     0.00000
   -18.34493     0.00000
   -18.33393     0.00000
   -18.32193     0.00000
   -18.31093     0.00000
   -18.29993     0.00000
   -18.28893     0.00000
   -18.27793     0.00000
   -18.26693     0.00000
   -18.25593     0.00000
   -18.24393     0.00000
   -18.23293     0.00000
   -18.22193     0.00000
   -18.21093     0.00000
   -18.19993     0.00000
   -18.18893     0.00000
   -18.17693     0.00000
   -18.16593     0.00000
   -18.15493     0.00000
   -18.14393     0.00000
   -18.13293     0.00000
   -18.12193     0.00000
   -18.10993     0.00000
   -18.09893     0.00000
   -18.08793     0.00000
   -18.07693     0.00000
   -18.06593     0.00000
   -18.05493     0.00000
   -18.04393     0.00000
   -18.03193     0.00000
   -18.02093     0.00000
   -18.00993     0.00000
   -17.99893     0.00000
   -17.98793     0.00000
   -17.97693     0.00000
   -17.96493     0.00000
   -17.95393     0.00000
   -17.94293     0.00000
   -17.93193     0.00000
   -17.92093     0.00000
   -17.90993     0.00000
   -17.89893     0.00000
   -17.88693     0.00000
   -17.87593     0.00000
   -17.86493     0.00000
   -17.85393     0.00000
   -17.84293     0.00000
   -17.83193     0.00000
   -17.81993     0.00000
   -17.80893     0.00000
   -17.79793     0.00000
   -17.78693     0.00000
   -17.77593     0.00000
   -17.76493     0.00000
   -17.75293     0.00000
   -17.74193     0.00000
   -17.73093     0.00000
   -17.71993     0.00000
   -17.70893     0.00000
   -17.69793     0.00000
   -17.68693     0.00000
   -17.67493     0.00000
   -17.66393     0.00000
   -17.65293     0.00000
   -17.64193     0.00000
   -17.63093     0.00000
   -17.61993     0.00000
   -17.60793     0.00000
   -17.59693     0.00000
   -17.58593     0.00000
   -17.57493     0.00000
   -17.56393     0.00000
   -17.55293     0.00000
   -17.54193     0.00000
   -17.52993     0.00000
   -17.51893     0.00000
   -17.50793     0.00000
   -17.49693     0.00000
   -17.48593     0.00000
   -17.47493     0.00000
   -17.46293     0.00000
   -17.45193     0.00000
   -17.44093     0.00000
   -17.42993     0.00000
   -17.41893     0.00000
   -17.40793     0.00000
   -17.39693     0.00000
   -17.38493     0.00000
   -17.37393     0.00000
   -17.36293     0.00000
   -17.35193     0.00000
   -17.34093     0.00000
   -17.32993     0.00000
   -17.31793     0.00000
   -17.30693     0.00000
   -17.29593     0.00000
   -17.28493     0.00000
   -17.27393     0.00000
   -17.26293     0.00000
   -17.25093     0.00000
   -17.23993     0.00000
   -17.22893     0.00000
   -17.21793     0.00000
   -17.20693     0.00000
   -17.19593     0.00000
   -17.18493     0.00000
   -17.17293     0.00000
   -17.16193     0.00000
   -17.15093     0.00000
   -17.13993     0.00000
   -17.12893     0.00000
   -17.11793     0.00000
   -17.10593     0.00000
   -17.09493     0.00000
   -17.08393     0.00000
   -17.07293     0.00000
   -17.06193     0.00000
   -17.05093     0.00000
   -17.03993     0.00000
   -17.02793     0.00000
   -17.01693     0.00000
   -17.00593     0.00000
   -16.99493     0.00000
   -16.98393     0.00000
   -16.97293     0.00000
   -16.96093     0.00000
   -16.94993     0.00000
   -16.93893     0.00000
   -16.92793     0.00000
   -16.91693     0.00000
   -16.90593     0.00000
   -16.89393     0.00000
   -16.88293     0.00000
   -16.87193     0.00000
   -16.86093     0.00000
   -16.84993     0.00000
   -16.83893     0.00000
   -16.82793     0.00000
   -16.81593     0.00000
   -16.80493     0.00000
   -16.79393     0.00000
   -16.78293     0.00000
   -16.77193     0.00000
   -16.76093     0.00000
   -16.74893     0.00000
   -16.73793     0.00000
   -16.72693     0.00000
   -16.71593     0.00000
   -16.70493     0.00000
   -16.69393     0.00000
   -16.68293     0.00000
   -16.67093     0.00000
   -16.65993     0.00000
   -16.64893     0.00000
   -16.63793     0.00000
   -16.62693     0.00000
   -16.61593     0.00000
   -16.60393     0.00000
   -16.59293     0.00000
   -16.58193     0.00000
   -16.57093     0.00000
   -16.55993     0.00000
   -16.54893     0.00000
   -16.53693     0.00000
   -16.52593     0.00000
   -16.51493     0.00000
   -16.50393     0.00000
   -16.49293     0.00000
   -16.48193     0.00000
   -16.47093     0.00000
   -16.45893     0.00000
   -16.44793     0.00000
   -16.43693     0.00000
   -16.42593     0.00000
   -16.41493     0.00000
   -16.40393     0.00000
   -16.39193     0.00000
   -16.38093     0.00000
   -16.36993     0.00000
   -16.35893     0.00000
   -16.34793     0.00000
   -16.33693     0.00000
   -16.32593     0.00000
   -16.31393     0.00000
   -16.30293     0.00000
   -16.29193     0.00000
   -16.28093     0.00000
   -16.26993     0.00000
   -16.25893     0.00000
   -16.24693     0.00000
   -16.23593     0.00000
   -16.22493     0.00000
   -16.21393     0.00000
   -16.20293     0.00000
   -16.19193     0.00000
   -16.18093     0.00000
   -16.16893     0.00000
   -16.15793     0.00000
   -16.14693     0.00000
   -16.13593     0.00000
   -16.12493     0.00000
   -16.11393     0.00000
   -16.10193     0.00000
   -16.09093     0.00000
   -16.07993     0.00000
   -16.06893     0.00000
   -16.05793     0.00000
   -16.04693     0.00000
   -16.03493     0.00000
   -16.02393     0.00000
   -16.01293     0.00000
   -16.00193     0.00000
   -15.99093     0.00000
   -15.97993     0.00000
   -15.96893     0.00000
   -15.95693     0.00000
   -15.94593     0.00000
   -15.93493     0.00000
   -15.92393     0.00000
   -15.91293     0.00000
   -15.90193     0.00000
   -15.88993     0.00000
   -15.87893     0.00000
   -15.86793     0.00000
   -15.85693     0.00000
   -15.84593     0.00000
   -15.83493     0.00000
   -15.82393     0.00000
   -15.81193     0.00000
   -15.80093     0.00000
   -15.78993     0.00000
   -15.77893     0.00000
   -15.76793     0.00000
   -15.75693     0.00000
   -15.74493     0.00000
   -15.73393     0.00000
   -15.72293     0.00000
   -15.71193     0.00000
   -15.70093     0.00000
   -15.68993     0.00000
   -15.67793     0.00000
   -15.66693     0.00000
   -15.65593     0.00000
   -15.64493     0.00000
   -15.63393     0.00000
   -15.62293     0.00000
   -15.61193     0.00000
   -15.59993     0.00000
   -15.58893     0.00000
   -15.57793     0.00000
   -15.56693     0.00000
   -15.55593     0.00000
   -15.54493     0.00000
   -15.53293     0.00000
   -15.52193     0.00000
   -15.51093     0.00000
   -15.49993     0.00000
   -15.48893     0.00000
   -15.47793     0.00000
   -15.46693     0.00000
   -15.45493     0.00000
   -15.44393     0.00000
   -15.43293     0.00000
   -15.42193     0.00000
   -15.41093     0.00000
   -15.39993     0.00000
   -15.38793     0.00000
   -15.37693     0.00000
   -15.36593     0.00000
   -15.35493     0.00000
   -15.34393     0.00000
   -15.33293     0.00000
   -15.32193     0.00000
   -15.30993     0.00000
   -15.29893     0.00000
   -15.28793     0.00000
   -15.27693     0.00000
   -15.26593     0.00000
   -15.25493     0.00000
   -15.24293     0.00000
   -15.23193     0.00000
   -15.22093     0.00000
   -15.20993     0.00000
   -15.19893     0.00000
   -15.18793     0.00000
   -15.17593     0.00000
   -15.16493     0.00000
   -15.15393     0.00000
   -15.14293     0.00000
   -15.13193     0.00000
   -15.12093     0.00000
   -15.10993     0.00000
   -15.09793     0.00000
   -15.08693     0.00000
   -15.07593     0.00000
   -15.06493     0.00000
   -15.05393     0.00000
   -15.04293     0.00000
   -15.03093     0.00000
   -15.01993     0.00000
   -15.00893     0.00000
   -14.99793     0.00000
   -14.98693     0.00000
   -14.97593     0.00000
   -14.96493     0.00000
   -14.95293     0.00000
   -14.94193     0.00000
   -14.93093     0.00000
   -14.91993     0.00000
   -14.90893     0.00000
   -14.89793     0.00000
   -14.88593     0.00000
   -14.87493     0.00000
   -14.86393     0.00000
   -14.85293     0.00000
   -14.84193     0.00000
   -14.83093     0.00000
   -14.81893     0.00000
   -14.80793     0.00000
   -14.79693     0.00000
   -14.78593     0.00000
   -14.77493     0.00000
   -14.76393     0.00000
   -14.75293     0.00000
   -14.74093     0.00000
   -14.72993     0.00000
   -14.71893     0.00000
   -14.70793     0.00000
   -14.69693     0.00000
   -14.68593     0.00000
   -14.67393     0.00000
   -14.66293     0.00000
   -14.65193     0.00000
   -14.64093     0.00000
   -14.62993     0.00000
   -14.61893     0.00000
   -14.60793     0.00000
   -14.59593     0.00000
   -14.58493     0.00000
   -14.57393     0.00000
   -14.56293     0.00000
   -14.55193     0.00000
   -14.54093     0.00000
   -14.52893     0.00000
   -14.51793     0.00000
   -14.50693     0.00000
   -14.49593     0.00000
   -14.48493     0.00000
   -14.47393     0.00000
   -14.46293     0.00000
   -14.45093     0.00000
   -14.43993     0.00000
   -14.42893     0.00000
   -14.41793     0.00000
   -14.40693     0.00000
   -14.39593     0.00000
   -14.38393     0.00000
   -14.37293     0.00000
   -14.36193     0.00000
   -14.35093     0.00000
   -14.33993     0.00000
   -14.32893     0.00000
   -14.31693     0.00000
   -14.30593     0.00000
   -14.29493     0.00000
   -14.28393     0.00000
   -14.27293     0.00000
   -14.26193     0.00000
   -14.25093     0.00000
   -14.23893     0.00000
   -14.22793     0.00000
   -14.21693     0.00000
   -14.20593     0.00000
   -14.19493     0.00000
   -14.18393     0.00000
   -14.17193     0.00000
   -14.16093     0.00000
   -14.14993     0.00000
   -14.13893     0.00000
   -14.12793     0.00000
   -14.11693     0.00000
   -14.10593     0.00000
   -14.09393     0.00000
   -14.08293     0.00000
   -14.07193     0.00000
   -14.06093     0.00000
   -14.04993     0.00000
   -14.03893     0.00000
   -14.02693     0.00000
   -14.01593     0.00000
   -14.00493     0.00000
   -13.99393     0.00000
   -13.98293     0.00000
   -13.97193     0.00000
   -13.95993     0.00000
   -13.94893     0.00000
   -13.93793     0.00000
   -13.92693     0.00000
   -13.91593     0.00000
   -13.90493     0.00000
   -13.89393     0.00000
   -13.88193     0.00000
   -13.87093     0.00000
   -13.85993     0.00000
   -13.84893     0.00000
   -13.83793     0.00000
   -13.82693     0.00000
   -13.81493     0.00000
   -13.80393     0.00000
   -13.79293     0.00000
   -13.78193     0.00000
   -13.77093     0.00000
   -13.75993     0.00000
   -13.74893     0.00000
   -13.73693     0.00000
   -13.72593     0.00000
   -13.71493     0.00000
   -13.70393     0.00000
   -13.69293     0.00000
   -13.68193     0.00000
   -13.66993     0.00000
   -13.65893     0.00000
   -13.64793     0.00000
   -13.63693     0.00000
   -13.62593     0.00000
   -13.61493     0.00000
   -13.60293     0.00000
   -13.59193     0.00000
   -13.58093     0.00000
   -13.56993     0.00000
   -13.55893     0.00000
   -13.54793     0.00000
   -13.53693     0.00000
   -13.52493     0.00000
   -13.51393     0.00000
   -13.50293     0.00000
   -13.49193     0.00000
   -13.48093     0.00000
   -13.46993     0.00000
   -13.45793     0.00000
   -13.44693     0.00000
   -13.43593     0.00000
   -13.42493     0.00000
   -13.41393     0.00000
   -13.40293     0.00000
   -13.39193     0.00000
   -13.37993     0.00000
   -13.36893     0.00000
   -13.35793     0.00000
   -13.34693     0.00000
   -13.33593     0.00000
   -13.32493     0.00000
   -13.31293     0.00000
   -13.30193     0.00000
   -13.29093     0.00000
   -13.27993     0.00000
   -13.26893     0.00000
   -13.25793     0.00000
   -13.24693     0.00000
   -13.23493     0.00000
   -13.22393     0.00000
   -13.21293     0.00000
   -13.20193     0.00000
   -13.19093     0.00000
   -13.17993     0.00000
   -13.16793     0.00000
   -13.15693     0.00000
   -13.14593     0.00000
   -13.13493     0.00000
   -13.12393     0.00000
   -13.11293     0.00000
   -13.10093     0.00000
   -13.08993     0.00000
   -13.07893     0.00000
   -13.06793     0.00000
   -13.05693     0.00000
   -13.04593     0.00000
   -13.03493     0.00000
   -13.02293     0.00000
   -13.01193     0.00000
   -13.00093     0.00000
   -12.98993     0.00000
   -12.97893     0.00000
   -12.96793     0.00000
   -12.95593     0.00000
   -12.94493     0.00000
   -12.93393     0.00000
   -12.92293     0.00000
   -12.91193     0.00000
   -12.90093     0.00000
   -12.88993     0.00000
   -12.87793     0.00000
   -12.86693     0.00000
   -12.85593     0.00000
   -12.84493     0.00000
   -12.83393     0.00000
   -12.82293     0.00000
   -12.81093     0.00000
   -12.79993     0.00000
   -12.78893     0.00000
   -12.77793     0.00000
   -12.76693     0.00000
   -12.75593     0.00000
   -12.74393     0.00000
   -12.73293     0.00000
   -12.72193     0.00000
   -12.71093     0.00000
   -12.69993     0.00000
   -12.68893     0.00000
   -12.67793     0.00000
   -12.66593     0.00000
   -12.65493     0.00000
   -12.64393     0.00000
   -12.63293     0.00000
   -12.62193     0.00000
   -12.61093     0.00000
   -12.59893     0.00000
   -12.58793     0.00000
   -12.57693     0.00000
   -12.56593     0.00000
   -12.55493     0.00000
   -12.54393     0.00000
   -12.53293     0.00000
   -12.52093     0.00000
   -12.50993     0.00000
   -12.49893     0.00000
   -12.48793     0.00000
   -12.47693     0.00000
   -12.46593     0.00000
   -12.45393     0.00000
   -12.44293     0.00000
   -12.43193     0.00000
   -12.42093     0.00000
   -12.40993     0.00000
   -12.39893     0.00000
   -12.38793     0.00000
   -12.37593     0.00000
   -12.36493     0.00001
   -12.35393     0.00001
   -12.34293     0.00002
   -12.33193     0.00004
   -12.32093     0.00005
   -12.30893     0.00007
   -12.29793     0.00009
   -12.28693     0.00010
   -12.27593     0.00009
   -12.26493     0.00009
   -12.25393     0.00007
   -12.24193     0.00005
   -12.23093     0.00003
   -12.21993     0.00002
   -12.20893     0.00001
   -12.19793     0.00001
   -12.18693     0.00000
   -12.17593     0.00000
   -12.16393     0.00000
   -12.15293     0.00000
   -12.14193     0.00000
   -12.13093     0.00001
   -12.11993     0.00001
   -12.10893     0.00003
   -12.09693     0.00006
   -12.08593     0.00010
   -12.07493     0.00016
   -12.06393     0.00022
   -12.05293     0.00029
   -12.04193     0.00033
   -12.03093     0.00035
   -12.01893     0.00033
   -12.00793     0.00028
   -11.99693     0.00022
   -11.98593     0.00016
   -11.97493     0.00010
   -11.96393     0.00006
   -11.95193     0.00003
   -11.94093     0.00001
   -11.92993     0.00001
   -11.91893     0.00000
   -11.90793     0.00000
   -11.89693     0.00000
   -11.88493     0.00001
   -11.87393     0.00002
   -11.86293     0.00003
   -11.85193     0.00006
   -11.84093     0.00010
   -11.82993     0.00015
   -11.81893     0.00021
   -11.80693     0.00026
   -11.79593     0.00029
   -11.78493     0.00030
   -11.77393     0.00028
   -11.76293     0.00023
   -11.75193     0.00018
   -11.73993     0.00013
   -11.72893     0.00010
   -11.71793     0.00009
   -11.70693     0.00012
   -11.69593     0.00021
   -11.68493     0.00036
   -11.67393     0.00058
   -11.66193     0.00086
   -11.65093     0.00116
   -11.63993     0.00142
   -11.62893     0.00157
   -11.61793     0.00157
   -11.60693     0.00143
   -11.59493     0.00118
   -11.58393     0.00088
   -11.57293     0.00059
   -11.56193     0.00036
   -11.55093     0.00020
   -11.53993     0.00010
   -11.52793     0.00005
   -11.51693     0.00003
   -11.50593     0.00003
   -11.49493     0.00006
   -11.48393     0.00015
   -11.47293     0.00034
   -11.46193     0.00068
   -11.44993     0.00123
   -11.43893     0.00204
   -11.42793     0.00305
   -11.41693     0.00414
   -11.40593     0.00509
   -11.39493     0.00567
   -11.38293     0.00572
   -11.37193     0.00524
   -11.36093     0.00436
   -11.34993     0.00330
   -11.33893     0.00230
   -11.32793     0.00149
   -11.31693     0.00093
   -11.30493     0.00060
   -11.29393     0.00042
   -11.28293     0.00034
   -11.27193     0.00032
   -11.26093     0.00037
   -11.24993     0.00053
   -11.23793     0.00085
   -11.22693     0.00137
   -11.21593     0.00209
   -11.20493     0.00295
   -11.19393     0.00381
   -11.18293     0.00451
   -11.17193     0.00487
   -11.15993     0.00479
   -11.14893     0.00432
   -11.13793     0.00357
   -11.12693     0.00272
   -11.11593     0.00194
   -11.10493     0.00133
   -11.09293     0.00090
   -11.08193     0.00062
   -11.07093     0.00045
   -11.05993     0.00034
   -11.04893     0.00027
   -11.03793     0.00024
   -11.02593     0.00028
   -11.01493     0.00042
   -11.00393     0.00071
   -10.99293     0.00119
   -10.98193     0.00187
   -10.97093     0.00268
   -10.95993     0.00349
   -10.94793     0.00411
   -10.93693     0.00439
   -10.92593     0.00425
   -10.91493     0.00373
   -10.90393     0.00296
   -10.89293     0.00213
   -10.88093     0.00139
   -10.86993     0.00083
   -10.85893     0.00045
   -10.84793     0.00025
   -10.83693     0.00020
   -10.82593     0.00032
   -10.81493     0.00069
   -10.80293     0.00145
   -10.79193     0.00280
   -10.78093     0.00493
   -10.76993     0.00789
   -10.75893     0.01145
   -10.74793     0.01510
   -10.73593     0.01809
   -10.72493     0.01971
   -10.71393     0.01952
   -10.70293     0.01760
   -10.69193     0.01446
   -10.68093     0.01085
   -10.66893     0.00751
   -10.65793     0.00492
   -10.64693     0.00332
   -10.63593     0.00272
   -10.62493     0.00305
   -10.61393     0.00422
   -10.60293     0.00613
   -10.59093     0.00866
   -10.57993     0.01154
   -10.56893     0.01437
   -10.55793     0.01664
   -10.54693     0.01785
   -10.53593     0.01766
   -10.52393     0.01609
   -10.51293     0.01345
   -10.50193     0.01030
   -10.49093     0.00721
   -10.47993     0.00461
   -10.46893     0.00268
   -10.45793     0.00142
   -10.44593     0.00069
   -10.43493     0.00030
   -10.42393     0.00012
   -10.41293     0.00004
   -10.40193     0.00001
   -10.39093     0.00000
   -10.37893     0.00000
   -10.36793     0.00000
   -10.35693     0.00000
   -10.34593     0.00000
   -10.33493     0.00001
   -10.32393     0.00001
   -10.31293     0.00002
   -10.30093     0.00003
   -10.28993     0.00004
   -10.27893     0.00004
   -10.26793     0.00006
   -10.25693     0.00009
   -10.24593     0.00018
   -10.23393     0.00038
   -10.22293     0.00079
   -10.21193     0.00156
   -10.20093     0.00283
   -10.18993     0.00472
   -10.17893     0.00721
   -10.16693     0.01012
   -10.15593     0.01305
   -10.14493     0.01549
   -10.13393     0.01707
   -10.12293     0.01763
   -10.11193     0.01741
   -10.10093     0.01685
   -10.08893     0.01635
   -10.07793     0.01608
   -10.06693     0.01582
   -10.05593     0.01521
   -10.04493     0.01390
   -10.03393     0.01187
   -10.02193     0.00938
   -10.01093     0.00688
    -9.99993     0.00482
    -9.98893     0.00348
    -9.97793     0.00293
    -9.96693     0.00307
    -9.95593     0.00367
    -9.94393     0.00442
    -9.93293     0.00501
    -9.92193     0.00522
    -9.91093     0.00495
    -9.89993     0.00426
    -9.88893     0.00334
    -9.87693     0.00240
    -9.86593     0.00164
    -9.85493     0.00123
    -9.84393     0.00129
    -9.83293     0.00197
    -9.82193     0.00342
    -9.80993     0.00579
    -9.79893     0.00903
    -9.78793     0.01285
    -9.77693     0.01665
    -9.76593     0.01971
    -9.75493     0.02146
    -9.74393     0.02174
    -9.73193     0.02090
    -9.72093     0.01961
    -9.70993     0.01863
    -9.69893     0.01840
    -9.68793     0.01897
    -9.67693     0.01996
    -9.66493     0.02078
    -9.65393     0.02088
    -9.64293     0.01990
    -9.63193     0.01797
    -9.62093     0.01556
    -9.60993     0.01346
    -9.59893     0.01238
    -9.58693     0.01275
    -9.57593     0.01452
    -9.56493     0.01714
    -9.55393     0.01971
    -9.54293     0.02130
    -9.53193     0.02126
    -9.51993     0.01944
    -9.50893     0.01623
    -9.49793     0.01234
    -9.48693     0.00853
    -9.47593     0.00537
    -9.46493     0.00307
    -9.45293     0.00160
    -9.44193     0.00077
    -9.43093     0.00039
    -9.41993     0.00031
    -9.40893     0.00050
    -9.39793     0.00102
    -9.38693     0.00202
    -9.37493     0.00368
    -9.36393     0.00611
    -9.35293     0.00928
    -9.34193     0.01297
    -9.33093     0.01686
    -9.31993     0.02072
    -9.30793     0.02460
    -9.29693     0.02882
    -9.28593     0.03370
    -9.27493     0.03920
    -9.26393     0.04456
    -9.25293     0.04843
    -9.24193     0.04938
    -9.22993     0.04662
    -9.21893     0.04040
    -9.20793     0.03197
    -9.19693     0.02304
    -9.18593     0.01509
    -9.17493     0.00897
    -9.16293     0.00485
    -9.15193     0.00238
    -9.14093     0.00110
    -9.12993     0.00056
    -9.11893     0.00052
    -9.10793     0.00093
    -9.09693     0.00197
    -9.08493     0.00392
    -9.07393     0.00715
    -9.06293     0.01186
    -9.05193     0.01786
    -9.04093     0.02448
    -9.02993     0.03052
    -9.01793     0.03466
    -9.00693     0.03586
    -8.99593     0.03384
    -8.98493     0.02915
    -8.97393     0.02294
    -8.96293     0.01649
    -8.95093     0.01085
    -8.93993     0.00653
    -8.92893     0.00360
    -8.91793     0.00183
    -8.90693     0.00090
    -8.89593     0.00051
    -8.88493     0.00050
    -8.87293     0.00079
    -8.86193     0.00138
    -8.85093     0.00229
    -8.83993     0.00348
    -8.82893     0.00482
    -8.81793     0.00609
    -8.80593     0.00707
    -8.79493     0.00757
    -8.78393     0.00757
    -8.77293     0.00714
    -8.76193     0.00646
    -8.75093     0.00568
    -8.73993     0.00497
    -8.72793     0.00445
    -8.71693     0.00431
    -8.70593     0.00472
    -8.69493     0.00580
    -8.68393     0.00750
    -8.67293     0.00953
    -8.66093     0.01141
    -8.64993     0.01257
    -8.63893     0.01265
    -8.62793     0.01156
    -8.61693     0.00958
    -8.60593     0.00720
    -8.59393     0.00490
    -8.58293     0.00303
    -8.57193     0.00170
    -8.56093     0.00090
    -8.54993     0.00050
    -8.53893     0.00045
    -8.52793     0.00071
    -8.51593     0.00136
    -8.50493     0.00253
    -8.49393     0.00430
    -8.48293     0.00662
    -8.47193     0.00926
    -8.46093     0.01172
    -8.44893     0.01345
    -8.43793     0.01399
    -8.42693     0.01321
    -8.41593     0.01138
    -8.40493     0.00905
    -8.39393     0.00688
    -8.38293     0.00541
    -8.37093     0.00492
    -8.35993     0.00543
    -8.34893     0.00666
    -8.33793     0.00816
    -8.32693     0.00941
    -8.31593     0.00996
    -8.30393     0.00965
    -8.29293     0.00858
    -8.28193     0.00713
    -8.27093     0.00578
    -8.25993     0.00494
    -8.24893     0.00479
    -8.23793     0.00528
    -8.22593     0.00611
    -8.21493     0.00690
    -8.20393     0.00727
    -8.19293     0.00702
    -8.18193     0.00617
    -8.17093     0.00492
    -8.15893     0.00356
    -8.14793     0.00233
    -8.13693     0.00138
    -8.12593     0.00074
    -8.11493     0.00036
    -8.10393     0.00016
    -8.09193     0.00006
    -8.08093     0.00002
    -8.06993     0.00001
    -8.05893     0.00000
    -8.04793     0.00000
    -8.03693     0.00000
    -8.02593     0.00000
    -8.01393     0.00000
    -8.00293     0.00000
    -7.99193     0.00000
    -7.98093     0.00000
    -7.96993     0.00000
    -7.95893     0.00001
    -7.94693     0.00002
    -7.93593     0.00006
    -7.92493     0.00016
    -7.91393     0.00038
    -7.90293     0.00082
    -7.89193     0.00160
    -7.88093     0.00285
    -7.86893     0.00458
    -7.85793     0.00668
    -7.84693     0.00884
    -7.83593     0.01063
    -7.82493     0.01169
    -7.81393     0.01188
    -7.80193     0.01150
    -7.79093     0.01119
    -7.77993     0.01179
    -7.76893     0.01398
    -7.75793     0.01793
    -7.74693     0.02317
    -7.73493     0.02863
    -7.72393     0.03295
    -7.71293     0.03510
    -7.70193     0.03471
    -7.69093     0.03216
    -7.67993     0.02833
    -7.66893     0.02409
    -7.65693     0.01999
    -7.64593     0.01620
    -7.63493     0.01272
    -7.62393     0.00956
    -7.61293     0.00682
    -7.60193     0.00468
    -7.58993     0.00327
    -7.57893     0.00264
    -7.56793     0.00274
    -7.55693     0.00344
    -7.54593     0.00460
    -7.53493     0.00607
    -7.52393     0.00771
    -7.51193     0.00947
    -7.50093     0.01135
    -7.48993     0.01335
    -7.47893     0.01541
    -7.46793     0.01727
    -7.45693     0.01852
    -7.44493     0.01877
    -7.43393     0.01785
    -7.42293     0.01597
    -7.41193     0.01368
    -7.40093     0.01165
    -7.38993     0.01038
    -7.37893     0.01003
    -7.36693     0.01044
    -7.35593     0.01125
    -7.34493     0.01205
    -7.33393     0.01254
    -7.32293     0.01249
    -7.31193     0.01182
    -7.29993     0.01056
    -7.28893     0.00883
    -7.27793     0.00689
    -7.26693     0.00501
    -7.25593     0.00342
    -7.24493     0.00226
    -7.23293     0.00159
    -7.22193     0.00139
    -7.21093     0.00167
    -7.19993     0.00248
    -7.18893     0.00387
    -7.17793     0.00581
    -7.16693     0.00812
    -7.15493     0.01042
    -7.14393     0.01221
    -7.13293     0.01301
    -7.12193     0.01262
    -7.11093     0.01115
    -7.09993     0.00902
    -7.08793     0.00676
    -7.07693     0.00482
    -7.06593     0.00342
    -7.05493     0.00257
    -7.04393     0.00210
    -7.03293     0.00183
    -7.02193     0.00161
    -7.00993     0.00135
    -6.99893     0.00105
    -6.98793     0.00075
    -6.97693     0.00050
    -6.96593     0.00032
    -6.95493     0.00023
    -6.94293     0.00021
    -6.93193     0.00027
    -6.92093     0.00041
    -6.90993     0.00063
    -6.89893     0.00094
    -6.88793     0.00136
    -6.87593     0.00189
    -6.86493     0.00249
    -6.85393     0.00311
    -6.84293     0.00362
    -6.83193     0.00388
    -6.82093     0.00383
    -6.80993     0.00345
    -6.79793     0.00283
    -6.78693     0.00211
    -6.77593     0.00144
    -6.76493     0.00089
    -6.75393     0.00052
    -6.74293     0.00029
    -6.73093     0.00017
    -6.71993     0.00012
    -6.70893     0.00010
    -6.69793     0.00009
    -6.68693     0.00008
    -6.67593     0.00007
    -6.66493     0.00006
    -6.65293     0.00004
    -6.64193     0.00004
    -6.63093     0.00004
    -6.61993     0.00005
    -6.60893     0.00008
    -6.59793     0.00012
    -6.58593     0.00017
    -6.57493     0.00022
    -6.56393     0.00025
    -6.55293     0.00026
    -6.54193     0.00025
    -6.53093     0.00021
    -6.51893     0.00016
    -6.50793     0.00011
    -6.49693     0.00007
    -6.48593     0.00004
    -6.47493     0.00002
    -6.46393     0.00001
    -6.45293     0.00001
    -6.44093     0.00001
    -6.42993     0.00002
    -6.41893     0.00004
    -6.40793     0.00008
    -6.39693     0.00013
    -6.38593     0.00021
    -6.37393     0.00031
    -6.36293     0.00045
    -6.35193     0.00060
    -6.34093     0.00080
    -6.32993     0.00105
    -6.31893     0.00137
    -6.30793     0.00175
    -6.29593     0.00215
    -6.28493     0.00250
    -6.27393     0.00269
    -6.26293     0.00269
    -6.25193     0.00250
    -6.24093     0.00220
    -6.22893     0.00189
    -6.21793     0.00166
    -6.20693     0.00154
    -6.19593     0.00150
    -6.18493     0.00148
    -6.17393     0.00140
    -6.16293     0.00124
    -6.15093     0.00102
    -6.13993     0.00076
    -6.12893     0.00051
    -6.11793     0.00032
    -6.10693     0.00018
    -6.09593     0.00009
    -6.08393     0.00004
    -6.07293     0.00003
    -6.06193     0.00003
    -6.05093     0.00007
    -6.03993     0.00018
    -6.02893     0.00040
    -6.01693     0.00081
    -6.00593     0.00150
    -5.99493     0.00251
    -5.98393     0.00383
    -5.97293     0.00529
    -5.96193     0.00663
    -5.95093     0.00755
    -5.93893     0.00781
    -5.92793     0.00736
    -5.91693     0.00633
    -5.90593     0.00498
    -5.89493     0.00360
    -5.88393     0.00241
    -5.87193     0.00150
    -5.86093     0.00088
    -5.84993     0.00049
    -5.83893     0.00026
    -5.82793     0.00014
    -5.81693     0.00010
    -5.80593     0.00012
    -5.79393     0.00021
    -5.78293     0.00040
    -5.77193     0.00072
    -5.76093     0.00117
    -5.74993     0.00175
    -5.73893     0.00236
    -5.72693     0.00288
    -5.71593     0.00319
    -5.70493     0.00321
    -5.69393     0.00293
    -5.68293     0.00244
    -5.67193     0.00189
    -5.65993     0.00145
    -5.64893     0.00125
    -5.63793     0.00142
    -5.62693     0.00201
    -5.61593     0.00303
    -5.60493     0.00437
    -5.59393     0.00582
    -5.58193     0.00708
    -5.57093     0.00783
    -5.55993     0.00786
    -5.54893     0.00717
    -5.53793     0.00594
    -5.52693     0.00447
    -5.51493     0.00305
    -5.50393     0.00189
    -5.49293     0.00106
    -5.48193     0.00054
    -5.47093     0.00025
    -5.45993     0.00011
    -5.44893     0.00004
    -5.43693     0.00003
    -5.42593     0.00004
    -5.41493     0.00007
    -5.40393     0.00014
    -5.39293     0.00027
    -5.38193     0.00045
    -5.36993     0.00069
    -5.35893     0.00096
    -5.34793     0.00120
    -5.33693     0.00137
    -5.32593     0.00142
    -5.31493     0.00136
    -5.30393     0.00124
    -5.29193     0.00119
    -5.28093     0.00139
    -5.26993     0.00207
    -5.25893     0.00349
    -5.24793     0.00582
    -5.23693     0.00909
    -5.22493     0.01299
    -5.21393     0.01688
    -5.20293     0.01996
    -5.19193     0.02151
    -5.18093     0.02131
    -5.16993     0.01967
    -5.15793     0.01739
    -5.14693     0.01532
    -5.13593     0.01402
    -5.12493     0.01350
    -5.11393     0.01335
    -5.10293     0.01298
    -5.09193     0.01197
    -5.07993     0.01023
    -5.06893     0.00802
    -5.05793     0.00573
    -5.04693     0.00371
    -5.03593     0.00219
    -5.02493     0.00117
    -5.01293     0.00057
    -5.00193     0.00025
    -4.99093     0.00010
    -4.97993     0.00004
    -4.96893     0.00001
    -4.95793     0.00000
    -4.94693     0.00000
    -4.93493     0.00000
    -4.92393     0.00000
    -4.91293     0.00000
    -4.90193     0.00000
    -4.89093     0.00000
    -4.87993     0.00000
    -4.86793     0.00000
    -4.85693     0.00000
    -4.84593     0.00000
    -4.83493     0.00001
    -4.82393     0.00002
    -4.81293     0.00005
    -4.80093     0.00014
    -4.78993     0.00033
    -4.77893     0.00072
    -4.76793     0.00142
    -4.75693     0.00253
    -4.74593     0.00409
    -4.73493     0.00598
    -4.72293     0.00792
    -4.71193     0.00951
    -4.70093     0.01034
    -4.68993     0.01019
    -4.67893     0.00910
    -4.66793     0.00736
    -4.65593     0.00539
    -4.64493     0.00358
    -4.63393     0.00216
    -4.62293     0.00120
    -4.61193     0.00067
    -4.60093     0.00051
    -4.58993     0.00075
    -4.57793     0.00151
    -4.56693     0.00305
    -4.55593     0.00570
    -4.54493     0.00967
    -4.53393     0.01487
    -4.52293     0.02072
    -4.51093     0.02616
    -4.49993     0.02992
    -4.48893     0.03101
    -4.47793     0.02911
    -4.46693     0.02477
    -4.45593     0.01912
    -4.44393     0.01343
    -4.43293     0.00870
    -4.42193     0.00541
    -4.41093     0.00360
    -4.39993     0.00307
    -4.38893     0.00345
    -4.37793     0.00441
    -4.36593     0.00557
    -4.35493     0.00662
    -4.34393     0.00732
    -4.33293     0.00754
    -4.32193     0.00728
    -4.31093     0.00663
    -4.29893     0.00572
    -4.28793     0.00469
    -4.27693     0.00366
    -4.26593     0.00272
    -4.25493     0.00195
    -4.24393     0.00142
    -4.23293     0.00119
    -4.22093     0.00133
    -4.20993     0.00192
    -4.19893     0.00304
    -4.18793     0.00479
    -4.17693     0.00721
    -4.16593     0.01014
    -4.15393     0.01324
    -4.14293     0.01593
    -4.13193     0.01756
    -4.12093     0.01769
    -4.10993     0.01624
    -4.09893     0.01356
    -4.08793     0.01029
    -4.07593     0.00708
    -4.06493     0.00442
    -4.05393     0.00251
    -4.04293     0.00129
    -4.03193     0.00061
    -4.02093     0.00030
    -4.00893     0.00022
    -3.99793     0.00036
    -3.98693     0.00077
    -3.97593     0.00161
    -3.96493     0.00308
    -3.95393     0.00533
    -3.94193     0.00837
    -3.93093     0.01189
    -3.91993     0.01532
    -3.90893     0.01787
    -3.89793     0.01889
    -3.88693     0.01809
    -3.87593     0.01571
    -3.86393     0.01236
    -3.85293     0.00882
    -3.84193     0.00573
    -3.83093     0.00342
    -3.81993     0.00195
    -3.80893     0.00119
    -3.79693     0.00097
    -3.78593     0.00113
    -3.77493     0.00157
    -3.76393     0.00218
    -3.75293     0.00286
    -3.74193     0.00350
    -3.73093     0.00399
    -3.71893     0.00424
    -3.70793     0.00421
    -3.69693     0.00390
    -3.68593     0.00338
    -3.67493     0.00275
    -3.66393     0.00211
    -3.65193     0.00158
    -3.64093     0.00128
    -3.62993     0.00134
    -3.61893     0.00191
    -3.60793     0.00316
    -3.59693     0.00522
    -3.58493     0.00811
    -3.57393     0.01167
    -3.56293     0.01554
    -3.55193     0.01925
    -3.54093     0.02230
    -3.52993     0.02441
    -3.51893     0.02547
    -3.50693     0.02560
    -3.49593     0.02496
    -3.48493     0.02373
    -3.47393     0.02205
    -3.46293     0.02010
    -3.45193     0.01822
    -3.43993     0.01692
    -3.42893     0.01673
    -3.41793     0.01805
    -3.40693     0.02083
    -3.39593     0.02445
    -3.38493     0.02786
    -3.37393     0.02986
    -3.36193     0.02961
    -3.35093     0.02691
    -3.33993     0.02232
    -3.32893     0.01684
    -3.31793     0.01155
    -3.30693     0.00719
    -3.29493     0.00406
    -3.28393     0.00208
    -3.27293     0.00097
    -3.26193     0.00041
    -3.25093     0.00017
    -3.23993     0.00009
    -3.22893     0.00013
    -3.21693     0.00031
    -3.20593     0.00078
    -3.19493     0.00181
    -3.18393     0.00381
    -3.17293     0.00725
    -3.16193     0.01251
    -3.14993     0.01957
    -3.13893     0.02773
    -3.12793     0.03561
    -3.11693     0.04144
    -3.10593     0.04369
    -3.09493     0.04175
    -3.08293     0.03615
    -3.07193     0.02837
    -3.06093     0.02018
    -3.04993     0.01305
    -3.03893     0.00775
    -3.02793     0.00444
    -3.01693     0.00291
    -3.00493     0.00295
    -2.99393     0.00447
    -2.98293     0.00753
    -2.97193     0.01215
    -2.96093     0.01810
    -2.94993     0.02468
    -2.93793     0.03084
    -2.92693     0.03540
    -2.91593     0.03760
    -2.90493     0.03740
    -2.89393     0.03561
    -2.88293     0.03338
    -2.87193     0.03174
    -2.85993     0.03117
    -2.84893     0.03157
    -2.83793     0.03265
    -2.82693     0.03429
    -2.81593     0.03662
    -2.80493     0.03972
    -2.79293     0.04325
    -2.78193     0.04621
    -2.77093     0.04727
    -2.75993     0.04540
    -2.74893     0.04044
    -2.73793     0.03332
    -2.72593     0.02562
    -2.71493     0.01907
    -2.70393     0.01498
    -2.69293     0.01390
    -2.68193     0.01558
    -2.67093     0.01915
    -2.65993     0.02334
    -2.64793     0.02688
    -2.63693     0.02894
    -2.62593     0.02953
    -2.61493     0.02940
    -2.60393     0.02974
    -2.59293     0.03148
    -2.58093     0.03475
    -2.56993     0.03869
    -2.55893     0.04179
    -2.54793     0.04254
    -2.53693     0.04016
    -2.52593     0.03489
    -2.51493     0.02785
    -2.50293     0.02052
    -2.49193     0.01418
    -2.48093     0.00963
    -2.46993     0.00708
    -2.45893     0.00636
    -2.44793     0.00708
    -2.43593     0.00877
    -2.42493     0.01097
    -2.41393     0.01329
    -2.40293     0.01547
    -2.39193     0.01737
    -2.38093     0.01895
    -2.36993     0.02015
    -2.35793     0.02092
    -2.34693     0.02122
    -2.33593     0.02124
    -2.32493     0.02150
    -2.31393     0.02287
    -2.30293     0.02641
    -2.29093     0.03304
    -2.27993     0.04323
    -2.26893     0.05671
    -2.25793     0.07222
    -2.24693     0.08759
    -2.23593     0.10009
    -2.22393     0.10729
    -2.21293     0.10801
    -2.20193     0.10283
    -2.19093     0.09388
    -2.17993     0.08383
    -2.16893     0.07495
    -2.15793     0.06848
    -2.14593     0.06476
    -2.13493     0.06369
    -2.12393     0.06503
    -2.11293     0.06837
    -2.10193     0.07287
    -2.09093     0.07737
    -2.07893     0.08053
    -2.06793     0.08143
    -2.05693     0.07977
    -2.04593     0.07601
    -2.03493     0.07120
    -2.02393     0.06680
    -2.01293     0.06443
    -2.00093     0.06543
    -1.98993     0.07017
    -1.97893     0.07767
    -1.96793     0.08558
    -1.95693     0.09098
    -1.94593     0.09150
    -1.93393     0.08629
    -1.92293     0.07627
    -1.91193     0.06369
    -1.90093     0.05113
    -1.88993     0.04062
    -1.87893     0.03309
    -1.86693     0.02832
    -1.85593     0.02530
    -1.84493     0.02286
    -1.83393     0.02014
    -1.82293     0.01686
    -1.81193     0.01327
    -1.80093     0.00987
    -1.78893     0.00708
    -1.77793     0.00511
    -1.76693     0.00391
    -1.75593     0.00330
    -1.74493     0.00306
    -1.73393     0.00315
    -1.72193     0.00377
    -1.71093     0.00549
    -1.69993     0.00937
    -1.68893     0.01680
    -1.67793     0.02922
    -1.66693     0.04746
    -1.65593     0.07091
    -1.64393     0.09691
    -1.63293     0.12089
    -1.62193     0.13751
    -1.61093     0.14256
    -1.59993     0.13466
    -1.58893     0.11588
    -1.57693     0.09093
    -1.56593     0.06533
    -1.55493     0.04358
    -1.54393     0.02819
    -1.53293     0.01976
    -1.52193     0.01759
    -1.50993     0.02038
    -1.49893     0.02670
    -1.48793     0.03505
    -1.47693     0.04390
    -1.46593     0.05160
    -1.45493     0.05659
    -1.44393     0.05770
    -1.43193     0.05458
    -1.42093     0.04787
    -1.40993     0.03914
    -1.39893     0.03044
    -1.38793     0.02367
    -1.37693     0.02032
    -1.36493     0.02122
    -1.35393     0.02680
    -1.34293     0.03706
    -1.33193     0.05155
    -1.32093     0.06912
    -1.30993     0.08759
    -1.29893     0.10385
    -1.28693     0.11442
    -1.27593     0.11655
    -1.26493     0.10928
    -1.25393     0.09400
    -1.24293     0.07397
    -1.23193     0.05315
    -1.21993     0.03480
    -1.20893     0.02074
    -1.19793     0.01125
    -1.18693     0.00554
    -1.17593     0.00248
    -1.16493     0.00101
    -1.15393     0.00037
    -1.14193     0.00013
    -1.13093     0.00004
    -1.11993     0.00001
    -1.10893     0.00000
    -1.09793     0.00000
    -1.08693     0.00000
    -1.07493     0.00000
    -1.06393     0.00000
    -1.05293     0.00000
    -1.04193     0.00000
    -1.03093     0.00001
    -1.01993     0.00002
    -1.00793     0.00004
    -0.99693     0.00007
    -0.98593     0.00011
    -0.97493     0.00017
    -0.96393     0.00023
    -0.95293     0.00028
    -0.94193     0.00034
    -0.92993     0.00041
    -0.91893     0.00057
    -0.90793     0.00099
    -0.89693     0.00205
    -0.88593     0.00448
    -0.87493     0.00965
    -0.86293     0.01993
    -0.85193     0.03919
    -0.84093     0.07321
    -0.82993     0.12948
    -0.81893     0.21570
    -0.80793     0.33660
    -0.79693     0.48920
    -0.78493     0.65930
    -0.77393     0.82140
    -0.76293     0.94380
    -0.75193     0.99880
    -0.74093     0.97330
    -0.72993     0.87480
    -0.71793     0.73020
    -0.70693     0.57830
    -0.69593     0.46010
    -0.68493     0.40970
    -0.67393     0.44910
    -0.66293     0.58390
    -0.65093     0.80090
    -0.63993     1.06850
    -0.62893     1.34200
    -0.61793     1.57320
    -0.60693     1.72190
    -0.59593     1.76410
    -0.58493     1.69540
    -0.57293     1.52880
    -0.56193     1.29170
    -0.55093     1.02100
    -0.53993     0.75540
    -0.52893     0.52810
    -0.51793     0.35900
    -0.50593     0.25180
    -0.49493     0.19611
    -0.48393     0.17434
    -0.47293     0.16807
    -0.46193     0.16447
    -0.45093     0.15967
    -0.43993     0.15925
    -0.42793     0.17609
    -0.41693     0.22600
    -0.40593     0.32180
    -0.39493     0.46800
    -0.38393     0.65660
    -0.37293     0.86830
    -0.36093     1.08020
    -0.34993     1.27580
    -0.33893     1.45310
    -0.32793     1.62250
    -0.31693     1.79290
    -0.30593     1.95660
    -0.29493     2.08300
    -0.28293     2.12800
    -0.27193     2.05600
    -0.26093     1.85920
    -0.24993     1.56570
    -0.23893     1.22770
    -0.22793     0.90130
    -0.21593     0.62740
    -0.20493     0.42320
    -0.19393     0.28400
    -0.18293     0.19405
    -0.17193     0.13524
    -0.16093     0.09427
    -0.14893     0.06380
    -0.13793     0.04083
    -0.12693     0.02428
    -0.11593     0.01334
    -0.10493     0.00688
    -0.09393     0.00363
    -0.08293     0.00248
    -0.07093     0.00266
    -0.05993     0.00376
    -0.04893     0.00573
    -0.03793     0.00907
    -0.02693     0.01543
    -0.01593     0.02839
    -0.00393     0.05421
     0.00707     0.10176
     0.01807     0.18044
     0.02907     0.29600
     0.04007     0.44510
     0.05107     0.61190
     0.06207     0.76930
     0.07407     0.88740
     0.08507     0.94360
     0.09607     0.93090
     0.10707     0.85850
     0.11807     0.74570
     0.12907     0.61350
     0.14107     0.47920
     0.15207     0.35470
     0.16307     0.24750
     0.17407     0.16159
     0.18507     0.09794
     0.19607     0.05475
     0.20807     0.02808
     0.21907     0.01316
     0.23007     0.00562
     0.24107     0.00218
     0.25207     0.00077
     0.26307     0.00025
     0.27407     0.00007
     0.28607     0.00002
     0.29707     0.00000
     0.30807     0.00000
     0.31907     0.00000
     0.33007     0.00000
     0.34107     0.00000
     0.35307     0.00000
     0.36407     0.00001
     0.37507     0.00003
     0.38607     0.00007
     0.39707     0.00017
     0.40807     0.00038
     0.41907     0.00076
     0.43107     0.00138
     0.44207     0.00226
     0.45307     0.00336
     0.46407     0.00452
     0.47507     0.00552
     0.48607     0.00611
     0.49807     0.00612
     0.50907     0.00555
     0.52007     0.00456
     0.53107     0.00340
     0.54207     0.00230
     0.55307     0.00141
     0.56507     0.00079
     0.57607     0.00043
     0.58707     0.00029
     0.59807     0.00036
     0.60907     0.00066
     0.62007     0.00126
     0.63107     0.00227
     0.64307     0.00370
     0.65407     0.00549
     0.66507     0.00737
     0.67607     0.00896
     0.68707     0.00987
     0.69807     0.00986
     0.71007     0.00892
     0.72107     0.00731
     0.73207     0.00543
     0.74307     0.00365
     0.75407     0.00223
     0.76507     0.00124
     0.77607     0.00064
     0.78807     0.00032
     0.79907     0.00019
     0.81007     0.00017
     0.82107     0.00020
     0.83207     0.00026
     0.84307     0.00031
     0.85507     0.00035
     0.86607     0.00035
     0.87707     0.00031
     0.88807     0.00026
     0.89907     0.00019
     0.91007     0.00013
     0.92107     0.00008
     0.93307     0.00004
     0.94407     0.00002
     0.95507     0.00001
     0.96607     0.00000
     0.97707     0.00000
     0.98807     0.00000
     1.00007     0.00000
     1.01107     0.00000
     1.02207     0.00000
     1.03307     0.00000
     1.04407     0.00001
     1.05507     0.00002
     1.06707     0.00005
     1.07807     0.00015
     1.08907     0.00037
     1.10007     0.00083
     1.11107     0.00170
     1.12207     0.00315
     1.13307     0.00529
     1.14507     0.00807
     1.15607     0.01115
     1.16707     0.01400
     1.17807     0.01602
     1.18907     0.01677
     1.20007     0.01625
     1.21207     0.01485
     1.22307     0.01316
     1.23407     0.01172
     1.24507     0.01075
     1.25607     0.01010
     1.26707     0.00945
     1.27807     0.00851
     1.29007     0.00718
     1.30107     0.00560
     1.31207     0.00402
     1.32307     0.00273
     1.33407     0.00198
     1.34507     0.00202
     1.35707     0.00326
     1.36807     0.00632
     1.37907     0.01205
     1.39007     0.02137
     1.40107     0.03492
     1.41207     0.05271
     1.42407     0.07403
     1.43507     0.09765
     1.44607     0.12215
     1.45707     0.14608
     1.46807     0.16784
     1.47907     0.18522
     1.49007     0.19550
     1.50207     0.19619
     1.51307     0.18613
     1.52407     0.16657
     1.53507     0.14120
     1.54607     0.11517
     1.55707     0.09357
     1.56907     0.07991
     1.58007     0.07517
     1.59107     0.07778
     1.60207     0.08448
     1.61307     0.09150
     1.62407     0.09577
     1.63507     0.09545
     1.64707     0.09006
     1.65807     0.08022
     1.66907     0.06730
     1.68007     0.05324
     1.69107     0.04024
     1.70207     0.03046
     1.71407     0.02570
     1.72507     0.02716
     1.73607     0.03514
     1.74707     0.04878
     1.75807     0.06588
     1.76907     0.08306
     1.78007     0.09638
     1.79207     0.10251
     1.80307     0.09985
     1.81407     0.08911
     1.82507     0.07300
     1.83607     0.05520
     1.84707     0.03901
     1.85907     0.02656
     1.87007     0.01844
     1.88107     0.01407
     1.89207     0.01232
     1.90307     0.01213
     1.91407     0.01299
     1.92607     0.01512
     1.93707     0.01922
     1.94807     0.02610
     1.95907     0.03600
     1.97007     0.04823
     1.98107     0.06113
     1.99207     0.07250
     2.00407     0.08037
     2.01507     0.08376
     2.02607     0.08298
     2.03707     0.07964
     2.04807     0.07623
     2.05907     0.07562
     2.07107     0.08051
     2.08207     0.09280
     2.09307     0.11312
     2.10407     0.14055
     2.11507     0.17283
     2.12607     0.20660
     2.13707     0.23820
     2.14907     0.26340
     2.16007     0.27860
     2.17107     0.28140
     2.18207     0.27000
     2.19307     0.24560
     2.20407     0.21080
     2.21607     0.17017
     2.22707     0.12906
     2.23807     0.09208
     2.24907     0.06239
     2.26007     0.04118
     2.27107     0.02782
     2.28307     0.02052
     2.29407     0.01717
     2.30507     0.01610
     2.31607     0.01648
     2.32707     0.01849
     2.33807     0.02330
     2.34907     0.03288
     2.36107     0.04979
     2.37207     0.07648
     2.38307     0.11412
     2.39407     0.16102
     2.40507     0.21180
     2.41607     0.25740
     2.42807     0.28900
     2.43907     0.29980
     2.45007     0.28840
     2.46107     0.25950
     2.47207     0.22060
     2.48307     0.17974
     2.49407     0.14312
     2.50607     0.11405
     2.51707     0.09330
     2.52807     0.07986
     2.53907     0.07208
     2.55007     0.06880
     2.56107     0.07052
     2.57307     0.07980
     2.58407     0.10044
     2.59507     0.13520
     2.60607     0.18309
     2.61707     0.23740
     2.62807     0.28680
     2.63907     0.31780
     2.65107     0.32140
     2.66207     0.29580
     2.67307     0.24760
     2.68407     0.18883
     2.69507     0.13214
     2.70607     0.08698
     2.71807     0.05852
     2.72907     0.04909
     2.74007     0.06083
     2.75107     0.09729
     2.76207     0.16265
     2.77307     0.25840
     2.78507     0.37820
     2.79607     0.50580
     2.80707     0.61560
     2.81807     0.68080
     2.82907     0.68360
     2.84007     0.62320
     2.85107     0.51550
     2.86307     0.38720
     2.87407     0.26450
     2.88507     0.16536
     2.89607     0.09687
     2.90707     0.05729
     2.91807     0.04026
     2.93007     0.03842
     2.94107     0.04502
     2.95207     0.05451
     2.96307     0.06255
     2.97407     0.06648
     2.98507     0.06585
     2.99607     0.06265
     3.00807     0.06076
     3.01907     0.06478
     3.03007     0.07877
     3.04107     0.10513
     3.05207     0.14410
     3.06307     0.19342
     3.07507     0.24820
     3.08607     0.30080
     3.09707     0.34220
     3.10807     0.36320
     3.11907     0.35800
     3.13007     0.32600
     3.14207     0.27340
     3.15307     0.21080
     3.16407     0.14901
     3.17507     0.09662
     3.18607     0.05755
     3.19707     0.03166
     3.20807     0.01632
     3.22007     0.00817
     3.23107     0.00429
     3.24207     0.00261
     3.25307     0.00195
     3.26407     0.00173
     3.27507     0.00172
     3.28707     0.00188
     3.29807     0.00218
     3.30907     0.00266
     3.32007     0.00342
     3.33107     0.00477
     3.34207     0.00740
     3.35307     0.01237
     3.36507     0.02098
     3.37607     0.03436
     3.38707     0.05292
     3.39807     0.07580
     3.40907     0.10075
     3.42007     0.12458
     3.43207     0.14386
     3.44307     0.15590
     3.45407     0.15944
     3.46507     0.15500
     3.47607     0.14478
     3.48707     0.13219
     3.49907     0.12095
     3.51007     0.11433
     3.52107     0.11467
     3.53207     0.12347
     3.54307     0.14143
     3.55407     0.16816
     3.56507     0.20120
     3.57707     0.23560
     3.58807     0.26360
     3.59907     0.27800
     3.61007     0.27380
     3.62107     0.25170
     3.63207     0.21640
     3.64407     0.17552
     3.65507     0.13544
     3.66607     0.10036
     3.67707     0.07176
     3.68807     0.04944
     3.69907     0.03272
     3.71007     0.02100
     3.72207     0.01404
     3.73307     0.01204
     3.74407     0.01596
     3.75507     0.02784
     3.76607     0.05082
     3.77707     0.08894
     3.78907     0.14600
     3.80007     0.22400
     3.81107     0.32080
     3.82207     0.42900
     3.83307     0.53620
     3.84407     0.62680
     3.85507     0.68610
     3.86707     0.70520
     3.87807     0.68330
     3.88907     0.62700
     3.90007     0.54760
     3.91107     0.45700
     3.92207     0.36540
     3.93407     0.27960
     3.94507     0.20460
     3.95607     0.14296
     3.96707     0.09670
     3.97807     0.06634
     3.98907     0.05112
     4.00107     0.04894
     4.01207     0.05646
     4.02307     0.06956
     4.03407     0.08408
     4.04507     0.09710
     4.05607     0.10796
     4.06707     0.11848
     4.07907     0.13186
     4.09007     0.15043
     4.10107     0.17342
     4.11207     0.19621
     4.12307     0.21180
     4.13407     0.21380
     4.14607     0.19969
     4.15707     0.17193
     4.16807     0.13736
     4.17907     0.10463
     4.19007     0.08169
     4.20107     0.07451
     4.21207     0.08684
     4.22407     0.12023
     4.23507     0.17336
     4.24607     0.24060
     4.25707     0.31110
     4.26807     0.37060
     4.27907     0.40620
     4.29107     0.41090
     4.30207     0.38900
     4.31307     0.35360
     4.32407     0.32170
     4.33507     0.30580
     4.34607     0.30820
     4.35807     0.32070
     4.36907     0.32940
     4.38007     0.32180
     4.39107     0.29300
     4.40207     0.24780
     4.41307     0.19774
     4.42407     0.15588
     4.43607     0.13180
     4.44707     0.12856
     4.45807     0.14230
     4.46907     0.16400
     4.48007     0.18274
     4.49107     0.18939
     4.50307     0.17966
     4.51407     0.15505
     4.52507     0.12149
     4.53607     0.08646
     4.54707     0.05615
     4.55807     0.03394
     4.56907     0.02052
     4.58107     0.01496
     4.59207     0.01578
     4.60307     0.02148
     4.61407     0.03044
     4.62507     0.04068
     4.63607     0.04985
     4.64807     0.05562
     4.65907     0.05652
     4.67007     0.05238
     4.68107     0.04450
     4.69207     0.03490
     4.70307     0.02568
     4.71407     0.01828
     4.72607     0.01349
     4.73707     0.01173
     4.74807     0.01366
     4.75907     0.02044
     4.77007     0.03380
     4.78107     0.05562
     4.79307     0.08706
     4.80407     0.12744
     4.81507     0.17328
     4.82607     0.21800
     4.83707     0.25300
     4.84807     0.27040
     4.86007     0.26600
     4.87107     0.24040
     4.88207     0.20060
     4.89307     0.15540
     4.90407     0.11364
     4.91507     0.08106
     4.92607     0.05984
     4.93807     0.04956
     4.94907     0.04842
     4.96007     0.05407
     4.97107     0.06378
     4.98207     0.07462
     4.99307     0.08414
     5.00507     0.09134
     5.01607     0.09742
     5.02707     0.10526
     5.03807     0.11764
     5.04907     0.13504
     5.06007     0.15441
     5.07107     0.16980
     5.08307     0.17505
     5.09407     0.16668
     5.10507     0.14574
     5.11607     0.11714
     5.12707     0.08750
     5.13807     0.06240
     5.15007     0.04486
     5.16107     0.03528
     5.17207     0.03256
     5.18307     0.03536
     5.19407     0.04303
     5.20507     0.05571
     5.21707     0.07377
     5.22807     0.09678
     5.23907     0.12271
     5.25007     0.14772
     5.26107     0.16714
     5.27207     0.17724
     5.28307     0.17698
     5.29507     0.16877
     5.30607     0.15737
     5.31707     0.14755
     5.32807     0.14162
     5.33907     0.13849
     5.35007     0.13458
     5.36207     0.12616
     5.37307     0.11155
     5.38407     0.09191
     5.39507     0.07054
     5.40607     0.05111
     5.41707     0.03624
     5.42807     0.02670
     5.44007     0.02170
     5.45107     0.01957
     5.46207     0.01859
     5.47307     0.01756
     5.48407     0.01614
     5.49507     0.01489
     5.50707     0.01508
     5.51807     0.01848
     5.52907     0.02689
     5.54007     0.04152
     5.55107     0.06213
     5.56207     0.08634
     5.57407     0.10967
     5.58507     0.12671
     5.59607     0.13297
     5.60707     0.12703
     5.61807     0.11122
     5.62907     0.09100
     5.64007     0.07287
     5.65207     0.06229
     5.66307     0.06210
     5.67407     0.07182
     5.68507     0.08796
     5.69607     0.10495
     5.70707     0.11685
     5.71907     0.11925
     5.73007     0.11083
     5.74107     0.09356
     5.75207     0.07168
     5.76307     0.04984
     5.77407     0.03150
     5.78507     0.01818
     5.79707     0.00974
     5.80807     0.00508
     5.81907     0.00290
     5.83007     0.00207
     5.84107     0.00185
     5.85207     0.00178
     5.86407     0.00166
     5.87507     0.00144
     5.88607     0.00114
     5.89707     0.00082
     5.90807     0.00053
     5.91907     0.00031
     5.93007     0.00017
     5.94207     0.00008
     5.95307     0.00004
     5.96407     0.00001
     5.97507     0.00001
     5.98607     0.00000
     5.99707     0.00000
     6.00907     0.00000
     6.02007     0.00000
     6.03107     0.00000
     6.04207     0.00000
     6.05307     0.00000
     6.06407     0.00000
     6.07607     0.00000
     6.08707     0.00000
     6.09807     0.00000
     6.10907     0.00000
     6.12007     0.00000
     6.13107     0.00000
     6.14207     0.00000
     6.15407     0.00000
     6.16507     0.00000
     6.17607     0.00000
     6.18707     0.00000
     6.19807     0.00000
     6.20907     0.00000
     6.22107     0.00000
     6.23207     0.00000
     6.24307     0.00000
     6.25407     0.00000
     6.26507     0.00000
     6.27607     0.00000
     6.28707     0.00000
     6.29907     0.00000
     6.31007     0.00000
     6.32107     0.00000
     6.33207     0.00000
     6.34307     0.00000
     6.35407     0.00000
     6.36607     0.00000
     6.37707     0.00000
     6.38807     0.00000
     6.39907     0.00000
     6.41007     0.00000
     6.42107     0.00000
     6.43307     0.00000
     6.44407     0.00000
     6.45507     0.00000
     6.46607     0.00000
     6.47707     0.00000
     6.48807     0.00000
     6.49907     0.00000
     6.51107     0.00000
     6.52207     0.00000
     6.53307     0.00000
     6.54407     0.00000
     6.55507     0.00000
     6.56607     0.00000
     6.57807     0.00000
     6.58907     0.00000
     6.60007     0.00000
     6.61107     0.00000
     6.62207     0.00000
     6.63307     0.00000
     6.64407     0.00000
     6.65607     0.00000
     6.66707     0.00000
     6.67807     0.00000
     6.68907     0.00000
     6.70007     0.00000
     6.71107     0.00000
     6.72307     0.00000
     6.73407     0.00000
     6.74507     0.00000
     6.75607     0.00000
     6.76707     0.00000
     6.77807     0.00000
     6.78907     0.00000
     6.80107     0.00000
     6.81207     0.00000
     6.82307     0.00000
     6.83407     0.00000
     6.84507     0.00000
     6.85607     0.00000
     6.86807     0.00000
     6.87907     0.00000
     6.89007     0.00000
     6.90107     0.00000
     6.91207     0.00000
     6.92307     0.00000
     6.93507     0.00000
     6.94607     0.00000
     6.95707     0.00000
     6.96807     0.00000
     6.97907     0.00000
     6.99007     0.00000
     7.00107     0.00000
     7.01307     0.00000
     7.02407     0.00000
     7.03507     0.00000
     7.04607     0.00000
     7.05707     0.00000
     7.06807     0.00000
     7.08007     0.00000
     7.09107     0.00000
     7.10207     0.00000
     7.11307     0.00000
     7.12407     0.00000
     7.13507     0.00000
     7.14607     0.00000
     7.15807     0.00000
     7.16907     0.00000
     7.18007     0.00000
     7.19107     0.00000
     7.20207     0.00000
     7.21307     0.00000
     7.22507     0.00000
     7.23607     0.00000
     7.24707     0.00000
     7.25807     0.00000
     7.26907     0.00000
     7.28007     0.00000
     7.29207     0.00000
     7.30307     0.00000
     7.31407     0.00000
     7.32507     0.00000
     7.33607     0.00000
     7.34707     0.00000
     7.35807     0.00000
     7.37007     0.00000
