     #Energy   11&17_all
   -26.09793     0.00000
   -26.08693     0.00000
   -26.07593     0.00000
   -26.06493     0.00000
   -26.05293     0.00000
   -26.04193     0.00000
   -26.03093     0.00000
   -26.01993     0.00000
   -26.00893     0.00000
   -25.99793     0.00000
   -25.98693     0.00000
   -25.97493     0.00000
   -25.96393     0.00000
   -25.95293     0.00000
   -25.94193     0.00000
   -25.93093     0.00000
   -25.91993     0.00000
   -25.90793     0.00000
   -25.89693     0.00000
   -25.88593     0.00000
   -25.87493     0.00000
   -25.86393     0.00000
   -25.85293     0.00000
   -25.84193     0.00000
   -25.82993     0.00000
   -25.81893     0.00000
   -25.80793     0.00000
   -25.79693     0.00000
   -25.78593     0.00000
   -25.77493     0.00000
   -25.76293     0.00000
   -25.75193     0.00000
   -25.74093     0.00000
   -25.72993     0.00000
   -25.71893     0.00000
   -25.70793     0.00000
   -25.69593     0.00000
   -25.68493     0.00000
   -25.67393     0.00000
   -25.66293     0.00000
   -25.65193     0.00000
   -25.64093     0.00000
   -25.62993     0.00000
   -25.61793     0.00000
   -25.60693     0.00000
   -25.59593     0.00000
   -25.58493     0.00000
   -25.57393     0.00000
   -25.56293     0.00000
   -25.55093     0.00000
   -25.53993     0.00000
   -25.52893     0.00000
   -25.51793     0.00000
   -25.50693     0.00000
   -25.49593     0.00000
   -25.48493     0.00000
   -25.47293     0.00000
   -25.46193     0.00000
   -25.45093     0.00000
   -25.43993     0.00000
   -25.42893     0.00000
   -25.41793     0.00000
   -25.40593     0.00000
   -25.39493     0.00000
   -25.38393     0.00000
   -25.37293     0.00000
   -25.36193     0.00000
   -25.35093     0.00000
   -25.33993     0.00000
   -25.32793     0.00000
   -25.31693     0.00000
   -25.30593     0.00000
   -25.29493     0.00000
   -25.28393     0.00000
   -25.27293     0.00000
   -25.26093     0.00000
   -25.24993     0.00000
   -25.23893     0.00000
   -25.22793     0.00000
   -25.21693     0.00000
   -25.20593     0.00000
   -25.19393     0.00000
   -25.18293     0.00000
   -25.17193     0.00000
   -25.16093     0.00000
   -25.14993     0.00000
   -25.13893     0.00000
   -25.12793     0.00000
   -25.11593     0.00000
   -25.10493     0.00000
   -25.09393     0.00000
   -25.08293     0.00000
   -25.07193     0.00000
   -25.06093     0.00000
   -25.04893     0.00000
   -25.03793     0.00000
   -25.02693     0.00000
   -25.01593     0.00000
   -25.00493     0.00000
   -24.99393     0.00000
   -24.98293     0.00000
   -24.97093     0.00000
   -24.95993     0.00000
   -24.94893     0.00000
   -24.93793     0.00000
   -24.92693     0.00000
   -24.91593     0.00000
   -24.90393     0.00000
   -24.89293     0.00000
   -24.88193     0.00000
   -24.87093     0.00000
   -24.85993     0.00000
   -24.84893     0.00000
   -24.83693     0.00000
   -24.82593     0.00000
   -24.81493     0.00000
   -24.80393     0.00000
   -24.79293     0.00000
   -24.78193     0.00000
   -24.77093     0.00000
   -24.75893     0.00000
   -24.74793     0.00000
   -24.73693     0.00000
   -24.72593     0.00000
   -24.71493     0.00000
   -24.70393     0.00000
   -24.69193     0.00000
   -24.68093     0.00000
   -24.66993     0.00000
   -24.65893     0.00000
   -24.64793     0.00001
   -24.63693     0.00001
   -24.62593     0.00003
   -24.61393     0.00005
   -24.60293     0.00009
   -24.59193     0.00014
   -24.58093     0.00022
   -24.56993     0.00034
   -24.55893     0.00053
   -24.54693     0.00090
   -24.53593     0.00160
   -24.52493     0.00295
   -24.51393     0.00545
   -24.50293     0.00983
   -24.49193     0.01708
   -24.48093     0.02850
   -24.46893     0.04560
   -24.45793     0.06996
   -24.44693     0.10306
   -24.43593     0.14598
   -24.42493     0.19961
   -24.41393     0.26543
   -24.40193     0.34727
   -24.39093     0.45404
   -24.37993     0.60248
   -24.36893     0.81791
   -24.35793     1.13163
   -24.34693     1.57135
   -24.33493     2.14757
   -24.32393     2.83707
   -24.31293     3.57592
   -24.30193     4.26779
   -24.29093     4.81016
   -24.27993     5.12900
   -24.26893     5.20577
   -24.25693     5.08275
   -24.24593     4.84849
   -24.23493     4.60830
   -24.22393     4.45259
   -24.21293     4.43643
   -24.20193     4.56885
   -24.18993     4.81896
   -24.17893     5.13030
   -24.16793     5.44646
   -24.15693     5.73639
   -24.14593     6.01570
   -24.13493     6.34637
   -24.12393     6.81324
   -24.11193     7.46067
   -24.10093     8.25231
   -24.08993     9.05225
   -24.07893     9.65567
   -24.06793     9.88284
   -24.05693     9.65656
   -24.04493     9.01231
   -24.03393     8.08613
   -24.02293     7.01621
   -24.01193     5.91334
   -24.00093     4.84611
   -23.98993     3.89086
   -23.97793     3.17883
   -23.96693     2.96728
   -23.95593     3.69525
   -23.94493     6.04386
   -23.93393    10.94881
   -23.92293    19.50628
   -23.91193    32.70752
   -23.89993    51.01068
   -23.88893    73.86492
   -23.87793    99.38221
   -23.86693   124.39052
   -23.85593   145.02184
   -23.84493   157.70214
   -23.83293   160.29244
   -23.82193   152.59269
   -23.81093   136.57287
   -23.79993   115.30792
   -23.78893    92.11980
   -23.77793    69.76650
   -23.76693    50.06007
   -23.75493    33.92857
   -23.74393    21.60929
   -23.73293    12.85400
   -23.72193     7.09750
   -23.71093     3.61768
   -23.69993     1.69401
   -23.68793     0.72611
   -23.67693     0.28420
   -23.66593     0.10135
   -23.65493     0.03288
   -23.64393     0.00970
   -23.63293     0.00260
   -23.62093     0.00063
   -23.60993     0.00014
   -23.59893     0.00003
   -23.58793     0.00001
   -23.57693     0.00000
   -23.56593     0.00000
   -23.55493     0.00000
   -23.54293     0.00000
   -23.53193     0.00000
   -23.52093     0.00000
   -23.50993     0.00000
   -23.49893     0.00000
   -23.48793     0.00000
   -23.47593     0.00000
   -23.46493     0.00000
   -23.45393     0.00000
   -23.44293     0.00000
   -23.43193     0.00000
   -23.42093     0.00000
   -23.40993     0.00000
   -23.39793     0.00000
   -23.38693     0.00000
   -23.37593     0.00000
   -23.36493     0.00000
   -23.35393     0.00000
   -23.34293     0.00000
   -23.33093     0.00000
   -23.31993     0.00000
   -23.30893     0.00000
   -23.29793     0.00000
   -23.28693     0.00000
   -23.27593     0.00000
   -23.26493     0.00000
   -23.25293     0.00000
   -23.24193     0.00000
   -23.23093     0.00000
   -23.21993     0.00000
   -23.20893     0.00000
   -23.19793     0.00000
   -23.18593     0.00000
   -23.17493     0.00000
   -23.16393     0.00000
   -23.15293     0.00000
   -23.14193     0.00000
   -23.13093     0.00000
   -23.11893     0.00000
   -23.10793     0.00000
   -23.09693     0.00000
   -23.08593     0.00000
   -23.07493     0.00000
   -23.06393     0.00000
   -23.05293     0.00000
   -23.04093     0.00000
   -23.02993     0.00000
   -23.01893     0.00000
   -23.00793     0.00000
   -22.99693     0.00000
   -22.98593     0.00000
   -22.97393     0.00000
   -22.96293     0.00000
   -22.95193     0.00000
   -22.94093     0.00000
   -22.92993     0.00000
   -22.91893     0.00000
   -22.90793     0.00000
   -22.89593     0.00000
   -22.88493     0.00000
   -22.87393     0.00000
   -22.86293     0.00000
   -22.85193     0.00000
   -22.84093     0.00000
   -22.82893     0.00000
   -22.81793     0.00000
   -22.80693     0.00000
   -22.79593     0.00000
   -22.78493     0.00000
   -22.77393     0.00000
   -22.76193     0.00000
   -22.75093     0.00000
   -22.73993     0.00000
   -22.72893     0.00000
   -22.71793     0.00000
   -22.70693     0.00000
   -22.69593     0.00000
   -22.68393     0.00000
   -22.67293     0.00000
   -22.66193     0.00000
   -22.65093     0.00000
   -22.63993     0.00000
   -22.62893     0.00000
   -22.61693     0.00000
   -22.60593     0.00000
   -22.59493     0.00000
   -22.58393     0.00000
   -22.57293     0.00000
   -22.56193     0.00000
   -22.55093     0.00000
   -22.53893     0.00000
   -22.52793     0.00000
   -22.51693     0.00000
   -22.50593     0.00000
   -22.49493     0.00000
   -22.48393     0.00000
   -22.47193     0.00000
   -22.46093     0.00000
   -22.44993     0.00000
   -22.43893     0.00000
   -22.42793     0.00000
   -22.41693     0.00000
   -22.40593     0.00000
   -22.39393     0.00000
   -22.38293     0.00000
   -22.37193     0.00000
   -22.36093     0.00000
   -22.34993     0.00000
   -22.33893     0.00000
   -22.32693     0.00000
   -22.31593     0.00000
   -22.30493     0.00000
   -22.29393     0.00000
   -22.28293     0.00000
   -22.27193     0.00000
   -22.25993     0.00000
   -22.24893     0.00000
   -22.23793     0.00000
   -22.22693     0.00000
   -22.21593     0.00000
   -22.20493     0.00000
   -22.19393     0.00000
   -22.18193     0.00000
   -22.17093     0.00000
   -22.15993     0.00000
   -22.14893     0.00000
   -22.13793     0.00000
   -22.12693     0.00000
   -22.11493     0.00000
   -22.10393     0.00000
   -22.09293     0.00000
   -22.08193     0.00000
   -22.07093     0.00000
   -22.05993     0.00000
   -22.04893     0.00000
   -22.03693     0.00000
   -22.02593     0.00000
   -22.01493     0.00000
   -22.00393     0.00000
   -21.99293     0.00000
   -21.98193     0.00000
   -21.96993     0.00000
   -21.95893     0.00000
   -21.94793     0.00000
   -21.93693     0.00000
   -21.92593     0.00000
   -21.91493     0.00000
   -21.90293     0.00000
   -21.89193     0.00000
   -21.88093     0.00000
   -21.86993     0.00000
   -21.85893     0.00000
   -21.84793     0.00000
   -21.83693     0.00000
   -21.82493     0.00000
   -21.81393     0.00000
   -21.80293     0.00000
   -21.79193     0.00000
   -21.78093     0.00000
   -21.76993     0.00000
   -21.75793     0.00000
   -21.74693     0.00000
   -21.73593     0.00000
   -21.72493     0.00000
   -21.71393     0.00000
   -21.70293     0.00000
   -21.69193     0.00000
   -21.67993     0.00000
   -21.66893     0.00000
   -21.65793     0.00000
   -21.64693     0.00000
   -21.63593     0.00000
   -21.62493     0.00000
   -21.61293     0.00000
   -21.60193     0.00000
   -21.59093     0.00000
   -21.57993     0.00000
   -21.56893     0.00000
   -21.55793     0.00000
   -21.54593     0.00000
   -21.53493     0.00000
   -21.52393     0.00000
   -21.51293     0.00000
   -21.50193     0.00000
   -21.49093     0.00000
   -21.47993     0.00000
   -21.46793     0.00000
   -21.45693     0.00000
   -21.44593     0.00000
   -21.43493     0.00000
   -21.42393     0.00000
   -21.41293     0.00000
   -21.40093     0.00000
   -21.38993     0.00000
   -21.37893     0.00000
   -21.36793     0.00000
   -21.35693     0.00000
   -21.34593     0.00000
   -21.33493     0.00000
   -21.32293     0.00000
   -21.31193     0.00000
   -21.30093     0.00000
   -21.28993     0.00000
   -21.27893     0.00000
   -21.26793     0.00000
   -21.25593     0.00000
   -21.24493     0.00000
   -21.23393     0.00000
   -21.22293     0.00000
   -21.21193     0.00000
   -21.20093     0.00000
   -21.18993     0.00000
   -21.17793     0.00000
   -21.16693     0.00000
   -21.15593     0.00000
   -21.14493     0.00000
   -21.13393     0.00000
   -21.12293     0.00000
   -21.11093     0.00000
   -21.09993     0.00000
   -21.08893     0.00000
   -21.07793     0.00000
   -21.06693     0.00000
   -21.05593     0.00000
   -21.04393     0.00000
   -21.03293     0.00000
   -21.02193     0.00000
   -21.01093     0.00000
   -20.99993     0.00000
   -20.98893     0.00000
   -20.97793     0.00000
   -20.96593     0.00000
   -20.95493     0.00000
   -20.94393     0.00000
   -20.93293     0.00000
   -20.92193     0.00000
   -20.91093     0.00000
   -20.89893     0.00000
   -20.88793     0.00000
   -20.87693     0.00000
   -20.86593     0.00000
   -20.85493     0.00000
   -20.84393     0.00000
   -20.83293     0.00000
   -20.82093     0.00000
   -20.80993     0.00000
   -20.79893     0.00000
   -20.78793     0.00000
   -20.77693     0.00000
   -20.76593     0.00000
   -20.75393     0.00000
   -20.74293     0.00000
   -20.73193     0.00000
   -20.72093     0.00000
   -20.70993     0.00000
   -20.69893     0.00000
   -20.68693     0.00000
   -20.67593     0.00000
   -20.66493     0.00000
   -20.65393     0.00000
   -20.64293     0.00000
   -20.63193     0.00000
   -20.62093     0.00000
   -20.60893     0.00000
   -20.59793     0.00000
   -20.58693     0.00000
   -20.57593     0.00000
   -20.56493     0.00000
   -20.55393     0.00000
   -20.54193     0.00000
   -20.53093     0.00000
   -20.51993     0.00000
   -20.50893     0.00000
   -20.49793     0.00000
   -20.48693     0.00000
   -20.47593     0.00000
   -20.46393     0.00000
   -20.45293     0.00000
   -20.44193     0.00000
   -20.43093     0.00000
   -20.41993     0.00000
   -20.40893     0.00000
   -20.39693     0.00000
   -20.38593     0.00000
   -20.37493     0.00000
   -20.36393     0.00000
   -20.35293     0.00000
   -20.34193     0.00000
   -20.33093     0.00000
   -20.31893     0.00000
   -20.30793     0.00000
   -20.29693     0.00000
   -20.28593     0.00000
   -20.27493     0.00000
   -20.26393     0.00000
   -20.25193     0.00000
   -20.24093     0.00000
   -20.22993     0.00000
   -20.21893     0.00000
   -20.20793     0.00000
   -20.19693     0.00000
   -20.18493     0.00000
   -20.17393     0.00000
   -20.16293     0.00000
   -20.15193     0.00000
   -20.14093     0.00000
   -20.12993     0.00000
   -20.11893     0.00000
   -20.10693     0.00000
   -20.09593     0.00000
   -20.08493     0.00000
   -20.07393     0.00000
   -20.06293     0.00000
   -20.05193     0.00000
   -20.03993     0.00000
   -20.02893     0.00000
   -20.01793     0.00000
   -20.00693     0.00000
   -19.99593     0.00000
   -19.98493     0.00000
   -19.97393     0.00000
   -19.96193     0.00000
   -19.95093     0.00000
   -19.93993     0.00000
   -19.92893     0.00000
   -19.91793     0.00000
   -19.90693     0.00000
   -19.89493     0.00000
   -19.88393     0.00000
   -19.87293     0.00000
   -19.86193     0.00000
   -19.85093     0.00000
   -19.83993     0.00000
   -19.82793     0.00000
   -19.81693     0.00000
   -19.80593     0.00000
   -19.79493     0.00000
   -19.78393     0.00000
   -19.77293     0.00000
   -19.76193     0.00000
   -19.74993     0.00000
   -19.73893     0.00000
   -19.72793     0.00000
   -19.71693     0.00000
   -19.70593     0.00000
   -19.69493     0.00000
   -19.68293     0.00000
   -19.67193     0.00000
   -19.66093     0.00000
   -19.64993     0.00000
   -19.63893     0.00000
   -19.62793     0.00000
   -19.61693     0.00000
   -19.60493     0.00000
   -19.59393     0.00000
   -19.58293     0.00000
   -19.57193     0.00000
   -19.56093     0.00000
   -19.54993     0.00000
   -19.53793     0.00000
   -19.52693     0.00000
   -19.51593     0.00000
   -19.50493     0.00000
   -19.49393     0.00000
   -19.48293     0.00000
   -19.47193     0.00000
   -19.45993     0.00000
   -19.44893     0.00000
   -19.43793     0.00000
   -19.42693     0.00000
   -19.41593     0.00000
   -19.40493     0.00000
   -19.39293     0.00000
   -19.38193     0.00000
   -19.37093     0.00000
   -19.35993     0.00000
   -19.34893     0.00000
   -19.33793     0.00000
   -19.32593     0.00000
   -19.31493     0.00000
   -19.30393     0.00000
   -19.29293     0.00000
   -19.28193     0.00000
   -19.27093     0.00000
   -19.25993     0.00000
   -19.24793     0.00000
   -19.23693     0.00000
   -19.22593     0.00000
   -19.21493     0.00000
   -19.20393     0.00000
   -19.19293     0.00000
   -19.18093     0.00000
   -19.16993     0.00000
   -19.15893     0.00000
   -19.14793     0.00000
   -19.13693     0.00000
   -19.12593     0.00000
   -19.11493     0.00000
   -19.10293     0.00000
   -19.09193     0.00000
   -19.08093     0.00000
   -19.06993     0.00000
   -19.05893     0.00000
   -19.04793     0.00000
   -19.03593     0.00000
   -19.02493     0.00000
   -19.01393     0.00000
   -19.00293     0.00000
   -18.99193     0.00000
   -18.98093     0.00000
   -18.96893     0.00000
   -18.95793     0.00000
   -18.94693     0.00000
   -18.93593     0.00000
   -18.92493     0.00000
   -18.91393     0.00000
   -18.90293     0.00000
   -18.89093     0.00000
   -18.87993     0.00000
   -18.86893     0.00000
   -18.85793     0.00000
   -18.84693     0.00000
   -18.83593     0.00000
   -18.82393     0.00000
   -18.81293     0.00000
   -18.80193     0.00000
   -18.79093     0.00000
   -18.77993     0.00000
   -18.76893     0.00000
   -18.75793     0.00000
   -18.74593     0.00000
   -18.73493     0.00000
   -18.72393     0.00000
   -18.71293     0.00000
   -18.70193     0.00000
   -18.69093     0.00000
   -18.67893     0.00000
   -18.66793     0.00000
   -18.65693     0.00000
   -18.64593     0.00000
   -18.63493     0.00000
   -18.62393     0.00000
   -18.61193     0.00000
   -18.60093     0.00000
   -18.58993     0.00000
   -18.57893     0.00000
   -18.56793     0.00000
   -18.55693     0.00000
   -18.54593     0.00000
   -18.53393     0.00000
   -18.52293     0.00000
   -18.51193     0.00000
   -18.50093     0.00000
   -18.48993     0.00000
   -18.47893     0.00000
   -18.46693     0.00000
   -18.45593     0.00000
   -18.44493     0.00000
   -18.43393     0.00000
   -18.42293     0.00000
   -18.41193     0.00000
   -18.40093     0.00000
   -18.38893     0.00000
   -18.37793     0.00000
   -18.36693     0.00000
   -18.35593     0.00000
   -18.34493     0.00000
   -18.33393     0.00000
   -18.32193     0.00000
   -18.31093     0.00000
   -18.29993     0.00000
   -18.28893     0.00000
   -18.27793     0.00000
   -18.26693     0.00000
   -18.25593     0.00000
   -18.24393     0.00000
   -18.23293     0.00000
   -18.22193     0.00000
   -18.21093     0.00000
   -18.19993     0.00000
   -18.18893     0.00000
   -18.17693     0.00000
   -18.16593     0.00000
   -18.15493     0.00000
   -18.14393     0.00000
   -18.13293     0.00000
   -18.12193     0.00000
   -18.10993     0.00000
   -18.09893     0.00000
   -18.08793     0.00000
   -18.07693     0.00000
   -18.06593     0.00000
   -18.05493     0.00000
   -18.04393     0.00000
   -18.03193     0.00000
   -18.02093     0.00000
   -18.00993     0.00000
   -17.99893     0.00000
   -17.98793     0.00000
   -17.97693     0.00000
   -17.96493     0.00000
   -17.95393     0.00000
   -17.94293     0.00000
   -17.93193     0.00000
   -17.92093     0.00000
   -17.90993     0.00000
   -17.89893     0.00000
   -17.88693     0.00000
   -17.87593     0.00000
   -17.86493     0.00000
   -17.85393     0.00000
   -17.84293     0.00000
   -17.83193     0.00000
   -17.81993     0.00000
   -17.80893     0.00000
   -17.79793     0.00000
   -17.78693     0.00000
   -17.77593     0.00000
   -17.76493     0.00000
   -17.75293     0.00000
   -17.74193     0.00000
   -17.73093     0.00000
   -17.71993     0.00000
   -17.70893     0.00000
   -17.69793     0.00000
   -17.68693     0.00000
   -17.67493     0.00000
   -17.66393     0.00000
   -17.65293     0.00000
   -17.64193     0.00000
   -17.63093     0.00000
   -17.61993     0.00000
   -17.60793     0.00000
   -17.59693     0.00000
   -17.58593     0.00000
   -17.57493     0.00000
   -17.56393     0.00000
   -17.55293     0.00000
   -17.54193     0.00000
   -17.52993     0.00000
   -17.51893     0.00000
   -17.50793     0.00000
   -17.49693     0.00000
   -17.48593     0.00000
   -17.47493     0.00000
   -17.46293     0.00000
   -17.45193     0.00000
   -17.44093     0.00000
   -17.42993     0.00000
   -17.41893     0.00000
   -17.40793     0.00000
   -17.39693     0.00000
   -17.38493     0.00000
   -17.37393     0.00000
   -17.36293     0.00000
   -17.35193     0.00000
   -17.34093     0.00000
   -17.32993     0.00000
   -17.31793     0.00000
   -17.30693     0.00000
   -17.29593     0.00000
   -17.28493     0.00000
   -17.27393     0.00000
   -17.26293     0.00000
   -17.25093     0.00000
   -17.23993     0.00000
   -17.22893     0.00000
   -17.21793     0.00000
   -17.20693     0.00000
   -17.19593     0.00000
   -17.18493     0.00000
   -17.17293     0.00000
   -17.16193     0.00000
   -17.15093     0.00000
   -17.13993     0.00000
   -17.12893     0.00000
   -17.11793     0.00000
   -17.10593     0.00000
   -17.09493     0.00000
   -17.08393     0.00000
   -17.07293     0.00000
   -17.06193     0.00000
   -17.05093     0.00000
   -17.03993     0.00000
   -17.02793     0.00000
   -17.01693     0.00000
   -17.00593     0.00000
   -16.99493     0.00000
   -16.98393     0.00000
   -16.97293     0.00000
   -16.96093     0.00000
   -16.94993     0.00000
   -16.93893     0.00000
   -16.92793     0.00000
   -16.91693     0.00000
   -16.90593     0.00000
   -16.89393     0.00000
   -16.88293     0.00000
   -16.87193     0.00000
   -16.86093     0.00000
   -16.84993     0.00000
   -16.83893     0.00000
   -16.82793     0.00000
   -16.81593     0.00000
   -16.80493     0.00000
   -16.79393     0.00000
   -16.78293     0.00000
   -16.77193     0.00000
   -16.76093     0.00000
   -16.74893     0.00000
   -16.73793     0.00000
   -16.72693     0.00000
   -16.71593     0.00000
   -16.70493     0.00000
   -16.69393     0.00000
   -16.68293     0.00000
   -16.67093     0.00000
   -16.65993     0.00000
   -16.64893     0.00000
   -16.63793     0.00000
   -16.62693     0.00000
   -16.61593     0.00000
   -16.60393     0.00000
   -16.59293     0.00000
   -16.58193     0.00000
   -16.57093     0.00000
   -16.55993     0.00000
   -16.54893     0.00000
   -16.53693     0.00000
   -16.52593     0.00000
   -16.51493     0.00000
   -16.50393     0.00000
   -16.49293     0.00000
   -16.48193     0.00000
   -16.47093     0.00000
   -16.45893     0.00000
   -16.44793     0.00000
   -16.43693     0.00000
   -16.42593     0.00000
   -16.41493     0.00000
   -16.40393     0.00000
   -16.39193     0.00000
   -16.38093     0.00000
   -16.36993     0.00000
   -16.35893     0.00000
   -16.34793     0.00000
   -16.33693     0.00000
   -16.32593     0.00000
   -16.31393     0.00000
   -16.30293     0.00000
   -16.29193     0.00000
   -16.28093     0.00000
   -16.26993     0.00000
   -16.25893     0.00000
   -16.24693     0.00000
   -16.23593     0.00000
   -16.22493     0.00000
   -16.21393     0.00000
   -16.20293     0.00000
   -16.19193     0.00000
   -16.18093     0.00000
   -16.16893     0.00000
   -16.15793     0.00000
   -16.14693     0.00000
   -16.13593     0.00000
   -16.12493     0.00000
   -16.11393     0.00000
   -16.10193     0.00000
   -16.09093     0.00000
   -16.07993     0.00000
   -16.06893     0.00000
   -16.05793     0.00000
   -16.04693     0.00000
   -16.03493     0.00000
   -16.02393     0.00000
   -16.01293     0.00000
   -16.00193     0.00000
   -15.99093     0.00000
   -15.97993     0.00000
   -15.96893     0.00000
   -15.95693     0.00000
   -15.94593     0.00000
   -15.93493     0.00000
   -15.92393     0.00000
   -15.91293     0.00000
   -15.90193     0.00000
   -15.88993     0.00000
   -15.87893     0.00000
   -15.86793     0.00000
   -15.85693     0.00000
   -15.84593     0.00000
   -15.83493     0.00000
   -15.82393     0.00000
   -15.81193     0.00000
   -15.80093     0.00000
   -15.78993     0.00000
   -15.77893     0.00000
   -15.76793     0.00000
   -15.75693     0.00000
   -15.74493     0.00000
   -15.73393     0.00000
   -15.72293     0.00000
   -15.71193     0.00000
   -15.70093     0.00000
   -15.68993     0.00000
   -15.67793     0.00000
   -15.66693     0.00000
   -15.65593     0.00000
   -15.64493     0.00000
   -15.63393     0.00000
   -15.62293     0.00000
   -15.61193     0.00000
   -15.59993     0.00000
   -15.58893     0.00000
   -15.57793     0.00000
   -15.56693     0.00000
   -15.55593     0.00000
   -15.54493     0.00000
   -15.53293     0.00000
   -15.52193     0.00000
   -15.51093     0.00000
   -15.49993     0.00000
   -15.48893     0.00000
   -15.47793     0.00000
   -15.46693     0.00000
   -15.45493     0.00000
   -15.44393     0.00000
   -15.43293     0.00000
   -15.42193     0.00000
   -15.41093     0.00000
   -15.39993     0.00000
   -15.38793     0.00000
   -15.37693     0.00000
   -15.36593     0.00000
   -15.35493     0.00000
   -15.34393     0.00000
   -15.33293     0.00000
   -15.32193     0.00000
   -15.30993     0.00000
   -15.29893     0.00000
   -15.28793     0.00000
   -15.27693     0.00000
   -15.26593     0.00000
   -15.25493     0.00000
   -15.24293     0.00000
   -15.23193     0.00000
   -15.22093     0.00000
   -15.20993     0.00000
   -15.19893     0.00000
   -15.18793     0.00000
   -15.17593     0.00000
   -15.16493     0.00000
   -15.15393     0.00000
   -15.14293     0.00000
   -15.13193     0.00000
   -15.12093     0.00000
   -15.10993     0.00000
   -15.09793     0.00000
   -15.08693     0.00000
   -15.07593     0.00000
   -15.06493     0.00000
   -15.05393     0.00000
   -15.04293     0.00000
   -15.03093     0.00000
   -15.01993     0.00000
   -15.00893     0.00000
   -14.99793     0.00000
   -14.98693     0.00000
   -14.97593     0.00000
   -14.96493     0.00000
   -14.95293     0.00000
   -14.94193     0.00000
   -14.93093     0.00000
   -14.91993     0.00000
   -14.90893     0.00000
   -14.89793     0.00000
   -14.88593     0.00000
   -14.87493     0.00000
   -14.86393     0.00000
   -14.85293     0.00000
   -14.84193     0.00000
   -14.83093     0.00000
   -14.81893     0.00000
   -14.80793     0.00000
   -14.79693     0.00000
   -14.78593     0.00000
   -14.77493     0.00000
   -14.76393     0.00000
   -14.75293     0.00000
   -14.74093     0.00000
   -14.72993     0.00000
   -14.71893     0.00000
   -14.70793     0.00000
   -14.69693     0.00000
   -14.68593     0.00000
   -14.67393     0.00000
   -14.66293     0.00000
   -14.65193     0.00000
   -14.64093     0.00000
   -14.62993     0.00000
   -14.61893     0.00000
   -14.60793     0.00000
   -14.59593     0.00000
   -14.58493     0.00000
   -14.57393     0.00000
   -14.56293     0.00000
   -14.55193     0.00000
   -14.54093     0.00000
   -14.52893     0.00000
   -14.51793     0.00000
   -14.50693     0.00000
   -14.49593     0.00000
   -14.48493     0.00000
   -14.47393     0.00000
   -14.46293     0.00000
   -14.45093     0.00000
   -14.43993     0.00000
   -14.42893     0.00000
   -14.41793     0.00000
   -14.40693     0.00000
   -14.39593     0.00000
   -14.38393     0.00000
   -14.37293     0.00000
   -14.36193     0.00000
   -14.35093     0.00000
   -14.33993     0.00000
   -14.32893     0.00000
   -14.31693     0.00000
   -14.30593     0.00000
   -14.29493     0.00000
   -14.28393     0.00000
   -14.27293     0.00000
   -14.26193     0.00000
   -14.25093     0.00000
   -14.23893     0.00000
   -14.22793     0.00000
   -14.21693     0.00000
   -14.20593     0.00000
   -14.19493     0.00000
   -14.18393     0.00000
   -14.17193     0.00000
   -14.16093     0.00000
   -14.14993     0.00000
   -14.13893     0.00000
   -14.12793     0.00000
   -14.11693     0.00000
   -14.10593     0.00000
   -14.09393     0.00000
   -14.08293     0.00000
   -14.07193     0.00000
   -14.06093     0.00000
   -14.04993     0.00000
   -14.03893     0.00000
   -14.02693     0.00000
   -14.01593     0.00000
   -14.00493     0.00000
   -13.99393     0.00000
   -13.98293     0.00000
   -13.97193     0.00000
   -13.95993     0.00000
   -13.94893     0.00000
   -13.93793     0.00000
   -13.92693     0.00000
   -13.91593     0.00000
   -13.90493     0.00000
   -13.89393     0.00000
   -13.88193     0.00000
   -13.87093     0.00000
   -13.85993     0.00000
   -13.84893     0.00000
   -13.83793     0.00000
   -13.82693     0.00000
   -13.81493     0.00000
   -13.80393     0.00000
   -13.79293     0.00000
   -13.78193     0.00000
   -13.77093     0.00000
   -13.75993     0.00000
   -13.74893     0.00000
   -13.73693     0.00000
   -13.72593     0.00000
   -13.71493     0.00000
   -13.70393     0.00000
   -13.69293     0.00000
   -13.68193     0.00000
   -13.66993     0.00000
   -13.65893     0.00000
   -13.64793     0.00000
   -13.63693     0.00000
   -13.62593     0.00000
   -13.61493     0.00000
   -13.60293     0.00000
   -13.59193     0.00000
   -13.58093     0.00000
   -13.56993     0.00000
   -13.55893     0.00000
   -13.54793     0.00000
   -13.53693     0.00000
   -13.52493     0.00000
   -13.51393     0.00000
   -13.50293     0.00000
   -13.49193     0.00000
   -13.48093     0.00000
   -13.46993     0.00000
   -13.45793     0.00000
   -13.44693     0.00000
   -13.43593     0.00000
   -13.42493     0.00000
   -13.41393     0.00000
   -13.40293     0.00000
   -13.39193     0.00000
   -13.37993     0.00000
   -13.36893     0.00000
   -13.35793     0.00000
   -13.34693     0.00000
   -13.33593     0.00000
   -13.32493     0.00000
   -13.31293     0.00000
   -13.30193     0.00000
   -13.29093     0.00000
   -13.27993     0.00000
   -13.26893     0.00000
   -13.25793     0.00000
   -13.24693     0.00000
   -13.23493     0.00000
   -13.22393     0.00000
   -13.21293     0.00000
   -13.20193     0.00000
   -13.19093     0.00000
   -13.17993     0.00000
   -13.16793     0.00000
   -13.15693     0.00000
   -13.14593     0.00000
   -13.13493     0.00000
   -13.12393     0.00000
   -13.11293     0.00000
   -13.10093     0.00000
   -13.08993     0.00000
   -13.07893     0.00000
   -13.06793     0.00000
   -13.05693     0.00000
   -13.04593     0.00000
   -13.03493     0.00000
   -13.02293     0.00000
   -13.01193     0.00000
   -13.00093     0.00000
   -12.98993     0.00000
   -12.97893     0.00000
   -12.96793     0.00000
   -12.95593     0.00000
   -12.94493     0.00000
   -12.93393     0.00000
   -12.92293     0.00000
   -12.91193     0.00000
   -12.90093     0.00000
   -12.88993     0.00000
   -12.87793     0.00000
   -12.86693     0.00000
   -12.85593     0.00000
   -12.84493     0.00000
   -12.83393     0.00000
   -12.82293     0.00000
   -12.81093     0.00000
   -12.79993     0.00000
   -12.78893     0.00000
   -12.77793     0.00000
   -12.76693     0.00000
   -12.75593     0.00000
   -12.74393     0.00000
   -12.73293     0.00000
   -12.72193     0.00000
   -12.71093     0.00000
   -12.69993     0.00000
   -12.68893     0.00000
   -12.67793     0.00000
   -12.66593     0.00000
   -12.65493     0.00000
   -12.64393     0.00000
   -12.63293     0.00000
   -12.62193     0.00000
   -12.61093     0.00000
   -12.59893     0.00000
   -12.58793     0.00000
   -12.57693     0.00000
   -12.56593     0.00000
   -12.55493     0.00000
   -12.54393     0.00000
   -12.53293     0.00000
   -12.52093     0.00000
   -12.50993     0.00000
   -12.49893     0.00000
   -12.48793     0.00000
   -12.47693     0.00000
   -12.46593     0.00000
   -12.45393     0.00000
   -12.44293     0.00000
   -12.43193     0.00000
   -12.42093     0.00000
   -12.40993     0.00001
   -12.39893     0.00003
   -12.38793     0.00007
   -12.37593     0.00017
   -12.36493     0.00038
   -12.35393     0.00076
   -12.34293     0.00136
   -12.33193     0.00223
   -12.32093     0.00330
   -12.30893     0.00442
   -12.29793     0.00537
   -12.28693     0.00591
   -12.27593     0.00590
   -12.26493     0.00533
   -12.25393     0.00436
   -12.24193     0.00323
   -12.23093     0.00217
   -12.21993     0.00132
   -12.20893     0.00073
   -12.19793     0.00036
   -12.18693     0.00017
   -12.17593     0.00007
   -12.16393     0.00004
   -12.15293     0.00007
   -12.14193     0.00017
   -12.13093     0.00043
   -12.11993     0.00099
   -12.10893     0.00208
   -12.09693     0.00394
   -12.08593     0.00676
   -12.07493     0.01053
   -12.06393     0.01485
   -12.05293     0.01898
   -12.04193     0.02197
   -12.03093     0.02304
   -12.01893     0.02189
   -12.00793     0.01884
   -11.99693     0.01470
   -11.98593     0.01038
   -11.97493     0.00665
   -11.96393     0.00386
   -11.95193     0.00203
   -11.94093     0.00097
   -11.92993     0.00042
   -11.91893     0.00019
   -11.90793     0.00014
   -11.89693     0.00024
   -11.88493     0.00055
   -11.87393     0.00121
   -11.86293     0.00244
   -11.85193     0.00446
   -11.84093     0.00740
   -11.82993     0.01112
   -11.81893     0.01516
   -11.80693     0.01875
   -11.79593     0.02102
   -11.78493     0.02137
   -11.77393     0.01970
   -11.76293     0.01649
   -11.75193     0.01259
   -11.73993     0.00891
   -11.72893     0.00626
   -11.71793     0.00525
   -11.70693     0.00648
   -11.69593     0.01058
   -11.68493     0.01818
   -11.67393     0.02948
   -11.66193     0.04371
   -11.65093     0.05887
   -11.63993     0.07185
   -11.62893     0.07949
   -11.61793     0.07966
   -11.60693     0.07232
   -11.59493     0.05949
   -11.58393     0.04433
   -11.57293     0.02992
   -11.56193     0.01831
   -11.55093     0.01015
   -11.53993     0.00513
   -11.52793     0.00244
   -11.51693     0.00137
   -11.50593     0.00159
   -11.49493     0.00346
   -11.48393     0.00823
   -11.47293     0.01823
   -11.46193     0.03668
   -11.44993     0.06691
   -11.43893     0.11060
   -11.42793     0.16561
   -11.41693     0.22471
   -11.40593     0.27617
   -11.39493     0.30772
   -11.38293     0.31065
   -11.37193     0.28477
   -11.36093     0.23714
   -11.34993     0.18066
   -11.33893     0.12715
   -11.32793     0.08474
   -11.31693     0.05589
   -11.30493     0.03880
   -11.29393     0.02976
   -11.28293     0.02548
   -11.27193     0.02452
   -11.26093     0.02763
   -11.24993     0.03732
   -11.23793     0.05682
   -11.22693     0.08855
   -11.21593     0.13216
   -11.20493     0.18320
   -11.19393     0.23319
   -11.18293     0.27119
   -11.17193     0.28828
   -11.15993     0.28034
   -11.14893     0.25014
   -11.13793     0.20603
   -11.12693     0.15847
   -11.11593     0.11604
   -11.10493     0.08324
   -11.09293     0.06037
   -11.08193     0.04512
   -11.07093     0.03456
   -11.05993     0.02657
   -11.04893     0.02028
   -11.03793     0.01605
   -11.02593     0.01507
   -11.01493     0.01901
   -11.00393     0.02974
   -10.99293     0.04866
   -10.98193     0.07565
   -10.97093     0.10807
   -10.95993     0.14047
   -10.94793     0.16560
   -10.93693     0.17692
   -10.92593     0.17127
   -10.91493     0.15021
   -10.90393     0.11936
   -10.89293     0.08592
   -10.88093     0.05607
   -10.86993     0.03326
   -10.85893     0.01826
   -10.84793     0.01029
   -10.83693     0.00866
   -10.82593     0.01425
   -10.81493     0.03074
   -10.80293     0.06508
   -10.79193     0.12673
   -10.78093     0.22450
   -10.76993     0.36171
   -10.75893     0.52965
   -10.74793     0.70532
   -10.73593     0.85441
   -10.72493     0.94194
   -10.71393     0.94585
   -10.70293     0.86585
   -10.69193     0.72409
   -10.68093     0.55675
   -10.66893     0.40055
   -10.65793     0.28327
   -10.64693     0.21991
   -10.63593     0.21323
   -10.62493     0.25878
   -10.61393     0.34755
   -10.60293     0.46741
   -10.59093     0.60348
   -10.57993     0.73780
   -10.56893     0.84994
   -10.55793     0.91972
   -10.54693     0.93157
   -10.53593     0.87946
   -10.52393     0.77091
   -10.51293     0.62471
   -10.50193     0.46637
   -10.49093     0.31994
   -10.47993     0.20106
   -10.46893     0.11551
   -10.45793     0.06058
   -10.44593     0.02895
   -10.43493     0.01259
   -10.42393     0.00499
   -10.41293     0.00179
   -10.40193     0.00059
   -10.39093     0.00018
   -10.37893     0.00005
   -10.36793     0.00002
   -10.35693     0.00003
   -10.34593     0.00006
   -10.33493     0.00010
   -10.32393     0.00017
   -10.31293     0.00027
   -10.30093     0.00041
   -10.28993     0.00068
   -10.27893     0.00132
   -10.26793     0.00310
   -10.25693     0.00775
   -10.24593     0.01890
   -10.23393     0.04301
   -10.22293     0.08996
   -10.21193     0.17205
   -10.20093     0.30061
   -10.18993     0.47983
   -10.17893     0.70066
   -10.16693     0.93653
   -10.15593     1.14812
   -10.14493     1.29395
   -10.13393     1.34642
   -10.12293     1.30377
   -10.11193     1.19126
   -10.10093     1.05049
   -10.08893     0.92068
   -10.07793     0.82464
   -10.06693     0.76371
   -10.05593     0.72536
   -10.04493     0.69479
   -10.03393     0.66416
   -10.02193     0.63351
   -10.01093     0.60462
    -9.99993     0.57607
    -9.98893     0.54223
    -9.97793     0.49837
    -9.96693     0.44401
    -9.95593     0.38385
    -9.94393     0.32471
    -9.93293     0.27102
    -9.92193     0.22334
    -9.91093     0.18010
    -9.89993     0.13966
    -9.88893     0.10255
    -9.87693     0.07096
    -9.86593     0.04774
    -9.85493     0.03575
    -9.84393     0.03811
    -9.83293     0.05896
    -9.82193     0.10333
    -9.80993     0.17518
    -9.79893     0.27383
    -9.78793     0.39090
    -9.77693     0.50984
    -9.76593     0.61036
    -9.75493     0.67814
    -9.74393     0.71163
    -9.73193     0.72507
    -9.72093     0.74309
    -9.70993     0.78981
    -9.69893     0.87875
    -9.68793     1.00529
    -9.67693     1.14779
    -9.66493     1.27126
    -9.65393     1.33889
    -9.64293     1.32516
    -9.63193     1.22670
    -9.62093     1.06591
    -9.60993     0.88400
    -9.59893     0.72522
    -9.58693     0.62189
    -9.57593     0.58505
    -9.56493     0.60379
    -9.55393     0.65411
    -9.54293     0.71079
    -9.53193     0.75833
    -9.51993     0.79536
    -9.50893     0.82956
    -9.49793     0.86723
    -9.48693     0.90346
    -9.47593     0.92048
    -9.46493     0.89641
    -9.45293     0.81820
    -9.44193     0.69084
    -9.43093     0.53614
    -9.41993     0.38346
    -9.40893     0.25930
    -9.39793     0.18112
    -9.38693     0.15666
    -9.37493     0.18742
    -9.36393     0.27064
    -9.35293     0.39921
    -9.34193     0.56158
    -9.33093     0.74265
    -9.31993     0.92878
    -9.30793     1.11225
    -9.29693     1.29100
    -9.28593     1.46361
    -9.27493     1.61924
    -9.26393     1.73379
    -9.25293     1.77434
    -9.24193     1.71329
    -9.22993     1.54412
    -9.21893     1.28834
    -9.20793     0.98920
    -9.19693     0.69597
    -9.18593     0.44744
    -9.17493     0.26229
    -9.16293     0.14006
    -9.15193     0.06839
    -9.14093     0.03157
    -9.12993     0.01690
    -9.11893     0.01757
    -9.10793     0.03361
    -9.09693     0.07144
    -9.08493     0.14223
    -9.07393     0.25801
    -9.06293     0.42524
    -9.05193     0.63611
    -9.04093     0.86450
    -9.02993     1.06736
    -9.01793     1.19817
    -9.00693     1.22359
    -8.99593     1.13738
    -8.98493     0.96321
    -8.97393     0.74376
    -8.96293     0.52383
    -8.95093     0.33699
    -8.93993     0.19823
    -8.92893     0.10715
    -8.91793     0.05458
    -8.90693     0.02980
    -8.89593     0.02523
    -8.88493     0.03851
    -8.87293     0.07208
    -8.86193     0.13078
    -8.85093     0.21767
    -8.83993     0.32899
    -8.82893     0.45124
    -8.81793     0.56167
    -8.80593     0.63534
    -8.79493     0.65428
    -8.78393     0.61519
    -8.77293     0.53072
    -8.76193     0.42333
    -8.75093     0.31626
    -8.73993     0.22623
    -8.72793     0.16180
    -8.71693     0.12506
    -8.70593     0.11492
    -8.69493     0.12836
    -8.68393     0.16008
    -8.67293     0.20129
    -8.66093     0.24020
    -8.64993     0.26462
    -8.63893     0.26618
    -8.62793     0.24336
    -8.61693     0.20190
    -8.60593     0.15192
    -8.59393     0.10372
    -8.58293     0.06433
    -8.57193     0.03648
    -8.56093     0.01953
    -8.54993     0.01148
    -8.53893     0.01082
    -8.52793     0.01771
    -8.51593     0.03421
    -8.50493     0.06344
    -8.49393     0.10775
    -8.48293     0.16613
    -8.47193     0.23215
    -8.46093     0.29395
    -8.44893     0.33752
    -8.43793     0.35175
    -8.42693     0.33378
    -8.41593     0.29157
    -8.40493     0.24157
    -8.39393     0.20355
    -8.38293     0.19529
    -8.37093     0.22753
    -8.35993     0.30049
    -8.34893     0.40203
    -8.33793     0.50913
    -8.32693     0.59309
    -8.31593     0.62968
    -8.30393     0.60750
    -8.29293     0.53322
    -8.28193     0.42851
    -8.27093     0.32040
    -8.25993     0.23199
    -8.24893     0.17527
    -8.23793     0.15109
    -8.22593     0.15142
    -8.21493     0.16439
    -8.20393     0.17854
    -8.19293     0.18564
    -8.18193     0.18176
    -8.17093     0.16685
    -8.15893     0.14359
    -8.14793     0.11577
    -8.13693     0.08728
    -8.12593     0.06133
    -8.11493     0.03996
    -8.10393     0.02405
    -8.09193     0.01331
    -8.08093     0.00675
    -8.06993     0.00313
    -8.05893     0.00132
    -8.04793     0.00051
    -8.03693     0.00018
    -8.02593     0.00008
    -8.01393     0.00013
    -8.00293     0.00040
    -7.99193     0.00130
    -7.98093     0.00382
    -7.96993     0.01020
    -7.95893     0.02469
    -7.94693     0.05424
    -7.93593     0.10810
    -7.92493     0.19570
    -7.91393     0.32222
    -7.90293     0.48297
    -7.89193     0.66104
    -7.88093     0.82830
    -7.86893     0.95380
    -7.85793     1.01430
    -7.84693     1.00132
    -7.83593     0.92290
    -7.82493     0.79874
    -7.81393     0.65324
    -7.80193     0.51013
    -7.79093     0.38964
    -7.77993     0.30665
    -7.76893     0.26887
    -7.75793     0.27467
    -7.74693     0.31271
    -7.73493     0.36397
    -7.72393     0.40714
    -7.71293     0.42555
    -7.70193     0.41247
    -7.69093     0.37207
    -7.67993     0.31569
    -7.66893     0.25571
    -7.65693     0.20066
    -7.64593     0.15399
    -7.63493     0.11575
    -7.62393     0.08508
    -7.61293     0.06194
    -7.60193     0.04737
    -7.58993     0.04279
    -7.57893     0.04922
    -7.56793     0.06670
    -7.55693     0.09385
    -7.54593     0.12760
    -7.53493     0.16330
    -7.52393     0.19560
    -7.51193     0.21986
    -7.50093     0.23364
    -7.48993     0.23715
    -7.47893     0.23262
    -7.46793     0.22260
    -7.45693     0.20865
    -7.44493     0.19150
    -7.43393     0.17240
    -7.42293     0.15463
    -7.41193     0.14375
    -7.40093     0.14592
    -7.38993     0.16518
    -7.37893     0.20097
    -7.36693     0.24745
    -7.35593     0.29481
    -7.34493     0.33221
    -7.33393     0.35089
    -7.32293     0.34671
    -7.31193     0.32080
    -7.29993     0.27904
    -7.28893     0.23019
    -7.27793     0.18346
    -7.26693     0.14609
    -7.25593     0.12159
    -7.24493     0.10963
    -7.23293     0.10740
    -7.22193     0.11181
    -7.21093     0.12150
    -7.19993     0.13677
    -7.18893     0.15841
    -7.17793     0.18556
    -7.16693     0.21412
    -7.15493     0.23769
    -7.14393     0.24976
    -7.13293     0.24663
    -7.12193     0.22977
    -7.11093     0.20557
    -7.09993     0.18348
    -7.08793     0.17241
    -7.07693     0.17719
    -7.06593     0.19641
    -7.05493     0.22245
    -7.04393     0.24435
    -7.03293     0.25222
    -7.02193     0.24126
    -7.00993     0.21338
    -6.99893     0.17537
    -6.98793     0.13559
    -6.97693     0.10029
    -6.96593     0.07245
    -6.95493     0.05204
    -6.94293     0.03781
    -6.93193     0.02867
    -6.92093     0.02442
    -6.90993     0.02582
    -6.89893     0.03431
    -6.88793     0.05153
    -6.87593     0.07851
    -6.86493     0.11465
    -6.85393     0.15688
    -6.84293     0.19958
    -6.83193     0.23583
    -6.82093     0.25941
    -6.80993     0.26672
    -6.79793     0.25786
    -6.78693     0.23655
    -6.77593     0.20912
    -6.76493     0.18314
    -6.75393     0.16519
    -6.74293     0.15908
    -6.73093     0.16387
    -6.71993     0.17409
    -6.70893     0.18175
    -6.69793     0.17967
    -6.68693     0.16463
    -6.67593     0.13864
    -6.66493     0.10765
    -6.65293     0.07948
    -6.64193     0.06179
    -6.63093     0.06145
    -6.61993     0.08522
    -6.60893     0.14019
    -6.59793     0.23266
    -6.58593     0.36511
    -6.57493     0.53144
    -6.56393     0.71394
    -6.55293     0.88338
    -6.54193     1.00517
    -6.53093     1.05062
    -6.51893     1.00806
    -6.50793     0.88866
    -6.49693     0.72353
    -6.48593     0.55223
    -6.47493     0.40880
    -6.46393     0.31188
    -6.45293     0.26253
    -6.44093     0.24881
    -6.42993     0.25403
    -6.41893     0.26532
    -6.40793     0.27849
    -6.39693     0.29808
    -6.38593     0.33252
    -6.37393     0.38857
    -6.36293     0.46769
    -6.35193     0.56760
    -6.34093     0.68789
    -6.32993     0.83332
    -6.31893     1.00982
    -6.30793     1.21351
    -6.29593     1.42003
    -6.28493     1.58451
    -6.27393     1.65585
    -6.26293     1.60139
    -6.25193     1.42444
    -6.24093     1.16463
    -6.22893     0.88083
    -6.21793     0.62669
    -6.20693     0.43288
    -6.19593     0.30402
    -6.18493     0.22533
    -6.17393     0.17640
    -6.16293     0.14045
    -6.15093     0.10861
    -6.13993     0.07890
    -6.12893     0.05283
    -6.11793     0.03232
    -6.10693     0.01799
    -6.09593     0.00916
    -6.08393     0.00444
    -6.07293     0.00262
    -6.06193     0.00322
    -6.05093     0.00706
    -6.03993     0.01680
    -6.02893     0.03751
    -6.01693     0.07686
    -6.00593     0.14400
    -5.99493     0.24673
    -5.98393     0.38710
    -5.97293     0.55784
    -5.96193     0.74161
    -5.95093     0.91472
    -5.93893     1.05405
    -5.92793     1.14288
    -5.91693     1.17251
    -5.90593     1.14130
    -5.89493     1.05262
    -5.88393     0.91605
    -5.87193     0.74703
    -5.86093     0.56668
    -5.84993     0.39724
    -5.83893     0.25595
    -5.82793     0.15119
    -5.81693     0.08220
    -5.80593     0.04245
    -5.79393     0.02376
    -5.78293     0.01937
    -5.77193     0.02483
    -5.76093     0.03739
    -5.74993     0.05467
    -5.73893     0.07349
    -5.72693     0.08981
    -5.71593     0.09963
    -5.70493     0.10053
    -5.69393     0.09314
    -5.68293     0.08171
    -5.67193     0.07393
    -5.65993     0.08064
    -5.64893     0.11531
    -5.63793     0.19292
    -5.62693     0.32654
    -5.61593     0.52062
    -5.60493     0.76348
    -5.59393     1.02202
    -5.58193     1.24655
    -5.57093     1.38427
    -5.55993     1.39940
    -5.54893     1.28749
    -5.53793     1.07796
    -5.52693     0.82124
    -5.51493     0.56918
    -5.50393     0.35873
    -5.49293     0.20562
    -5.48193     0.10715
    -5.47093     0.05080
    -5.45993     0.02205
    -5.44893     0.00923
    -5.43693     0.00494
    -5.42593     0.00577
    -5.41493     0.01117
    -5.40393     0.02243
    -5.39293     0.04166
    -5.38193     0.07025
    -5.36993     0.10737
    -5.35893     0.14865
    -5.34793     0.18652
    -5.33693     0.21211
    -5.32593     0.21892
    -5.31493     0.20584
    -5.30393     0.17865
    -5.29193     0.14894
    -5.28093     0.13187
    -5.26993     0.14358
    -5.25893     0.19872
    -5.24793     0.30672
    -5.23693     0.46633
    -5.22493     0.66063
    -5.21393     0.85584
    -5.20293     1.00918
    -5.19193     1.08393
    -5.18093     1.06612
    -5.16993     0.97184
    -5.15793     0.84105
    -5.14693     0.71948
    -5.13593     0.63924
    -5.12493     0.60684
    -5.11393     0.60463
    -5.10293     0.60347
    -5.09193     0.57710
    -5.07993     0.51463
    -5.06893     0.42185
    -5.05793     0.31571
    -5.04693     0.21507
    -5.03593     0.13316
    -5.02493     0.07489
    -5.01293     0.03824
    -5.00193     0.01773
    -4.99093     0.00746
    -4.97993     0.00285
    -4.96893     0.00099
    -4.95793     0.00031
    -4.94693     0.00009
    -4.93493     0.00002
    -4.92393     0.00001
    -4.91293     0.00000
    -4.90193     0.00000
    -4.89093     0.00000
    -4.87993     0.00000
    -4.86793     0.00001
    -4.85693     0.00003
    -4.84593     0.00012
    -4.83493     0.00041
    -4.82393     0.00133
    -4.81293     0.00388
    -4.80093     0.01026
    -4.78993     0.02459
    -4.77893     0.05340
    -4.76793     0.10503
    -4.75693     0.18717
    -4.74593     0.30214
    -4.73493     0.44200
    -4.72293     0.58564
    -4.71193     0.70311
    -4.70093     0.76478
    -4.68993     0.75363
    -4.67893     0.67282
    -4.66793     0.54410
    -4.65593     0.39872
    -4.64493     0.26472
    -4.63393     0.15936
    -4.62293     0.08728
    -4.61193     0.04444
    -4.60093     0.02366
    -4.58993     0.01913
    -4.57793     0.02882
    -4.56693     0.05465
    -4.55593     0.10091
    -4.54493     0.17089
    -4.53393     0.26269
    -4.52293     0.36599
    -4.51093     0.46217
    -4.49993     0.52850
    -4.48893     0.54759
    -4.47793     0.51416
    -4.46693     0.43782
    -4.45593     0.33845
    -4.44393     0.23913
    -4.43293     0.15806
    -4.42193     0.10471
    -4.41093     0.08123
    -4.39993     0.08469
    -4.38893     0.10947
    -4.37793     0.14834
    -4.36593     0.19285
    -4.35493     0.23421
    -4.34393     0.26476
    -4.33293     0.27964
    -4.32193     0.27722
    -4.31093     0.25887
    -4.29893     0.22804
    -4.28793     0.18920
    -4.27693     0.14742
    -4.26593     0.10767
    -4.25493     0.07415
    -4.24393     0.04970
    -4.23293     0.03583
    -4.22093     0.03309
    -4.20993     0.04202
    -4.19893     0.06354
    -4.18793     0.09879
    -4.17693     0.14782
    -4.16593     0.20759
    -4.15393     0.27062
    -4.14293     0.32517
    -4.13193     0.35828
    -4.12093     0.36086
    -4.10993     0.33121
    -4.09893     0.27652
    -4.08793     0.20970
    -4.07593     0.14436
    -4.06493     0.09015
    -4.05393     0.05105
    -4.04293     0.02622
    -4.03193     0.01229
    -4.02093     0.00547
    -4.00893     0.00292
    -3.99793     0.00315
    -3.98693     0.00597
    -3.97593     0.01221
    -3.96493     0.02324
    -3.95393     0.04026
    -3.94193     0.06325
    -3.93093     0.09019
    -3.91993     0.11684
    -3.90893     0.13790
    -3.89793     0.14904
    -3.88693     0.14884
    -3.87593     0.13957
    -3.86393     0.12581
    -3.85293     0.11233
    -3.84193     0.10198
    -3.83093     0.09545
    -3.81993     0.09232
    -3.80893     0.09268
    -3.79693     0.09800
    -3.78593     0.11007
    -3.77493     0.12928
    -3.76393     0.15309
    -3.75293     0.17599
    -3.74193     0.19142
    -3.73093     0.19442
    -3.71893     0.18367
    -3.70793     0.16159
    -3.69693     0.13297
    -3.68593     0.10295
    -3.67493     0.07550
    -3.66393     0.05297
    -3.65193     0.03647
    -3.64093     0.02668
    -3.62993     0.02448
    -3.61893     0.03131
    -3.60793     0.04884
    -3.59693     0.07806
    -3.58493     0.11794
    -3.57393     0.16440
    -3.56293     0.21027
    -3.55193     0.24705
    -3.54093     0.26760
    -3.52993     0.26876
    -3.51893     0.25219
    -3.50693     0.22356
    -3.49593     0.19056
    -3.48493     0.16074
    -3.47393     0.14027
    -3.46293     0.13346
    -3.45193     0.14242
    -3.43993     0.16694
    -3.42893     0.20398
    -3.41793     0.24782
    -3.40693     0.29101
    -3.39593     0.32548
    -3.38493     0.34449
    -3.37393     0.34442
    -3.36193     0.32487
    -3.35093     0.29031
    -3.33993     0.24784
    -3.32893     0.20594
    -3.31793     0.17190
    -3.30693     0.14991
    -3.29493     0.14012
    -3.28393     0.13905
    -3.27293     0.14086
    -3.26193     0.13956
    -3.25093     0.13128
    -3.23993     0.11554
    -3.22893     0.09571
    -3.21693     0.07802
    -3.20593     0.07072
    -3.19493     0.08317
    -3.18393     0.12520
    -3.17293     0.20554
    -3.16193     0.32816
    -3.14993     0.48743
    -3.13893     0.66450
    -3.12793     0.82932
    -3.11693     0.94734
    -3.10593     0.99338
    -3.09493     0.95905
    -3.08293     0.85754
    -3.07193     0.71468
    -3.06093     0.55979
    -3.04993     0.41564
    -3.03893     0.29545
    -3.02793     0.20440
    -3.01693     0.14339
    -3.00493     0.11195
    -2.99393     0.10912
    -2.98293     0.13307
    -2.97193     0.17955
    -2.96093     0.24065
    -2.94993     0.30483
    -2.93793     0.35877
    -2.92693     0.39117
    -2.91593     0.39701
    -2.90493     0.37989
    -2.89393     0.35125
    -2.88293     0.32674
    -2.87193     0.32128
    -2.85993     0.34545
    -2.84893     0.40427
    -2.83793     0.49726
    -2.82693     0.61917
    -2.81593     0.76002
    -2.80493     0.90396
    -2.79293     1.03036
    -2.78193     1.11573
    -2.77093     1.13939
    -2.75993     1.09159
    -2.74893     0.97797
    -2.73793     0.82293
    -2.72593     0.65886
    -2.71493     0.51809
    -2.70393     0.42125
    -2.69293     0.37318
    -2.68193     0.36517
    -2.67093     0.38173
    -2.65993     0.40849
    -2.64793     0.43812
    -2.63693     0.47233
    -2.62593     0.51954
    -2.61493     0.58800
    -2.60393     0.67781
    -2.59293     0.77574
    -2.58093     0.85628
    -2.56993     0.89195
    -2.55893     0.86408
    -2.54793     0.77333
    -2.53693     0.63782
    -2.52593     0.48611
    -2.51493     0.34537
    -2.50293     0.23269
    -2.49193     0.15391
    -2.48093     0.10573
    -2.46993     0.08115
    -2.45893     0.07378
    -2.44793     0.07964
    -2.43593     0.09729
    -2.42493     0.12714
    -2.41393     0.17098
    -2.40293     0.23179
    -2.39193     0.31312
    -2.38093     0.41657
    -2.36993     0.53813
    -2.35793     0.66502
    -2.34693     0.77671
    -2.33593     0.85136
    -2.32493     0.87600
    -2.31393     0.85307
    -2.30293     0.79910
    -2.29093     0.73806
    -2.27993     0.69038
    -2.26893     0.66784
    -2.25793     0.67466
    -2.24693     0.71123
    -2.23593     0.77831
    -2.22393     0.87196
    -2.21293     0.98224
    -2.20193     1.08973
    -2.19093     1.16876
    -2.17993     1.19664
    -2.16893     1.16434
    -2.15793     1.08108
    -2.14593     0.97171
    -2.13493     0.86955
    -2.12393     0.80230
    -2.11293     0.78567
    -2.10193     0.81989
    -2.09093     0.89193
    -2.07893     0.98040
    -2.06793     1.06017
    -2.05693     1.10793
    -2.04593     1.10816
    -2.03493     1.05914
    -2.02393     0.97693
    -2.01293     0.89238
    -2.00093     0.84061
    -1.98993     0.84680
    -1.97893     0.91277
    -1.96793     1.01360
    -1.95693     1.10784
    -1.94593     1.15448
    -1.93393     1.13126
    -1.92293     1.04191
    -1.91193     0.91359
    -1.90093     0.78414
    -1.88993     0.68647
    -1.87893     0.63654
    -1.86693     0.63250
    -1.85593     0.65856
    -1.84493     0.69487
    -1.83393     0.72578
    -1.82293     0.74198
    -1.81193     0.74010
    -1.80093     0.71912
    -1.78893     0.68074
    -1.77793     0.62837
    -1.76693     0.56860
    -1.75593     0.50849
    -1.74493     0.45317
    -1.73393     0.40422
    -1.72193     0.36046
    -1.71093     0.32073
    -1.69993     0.28661
    -1.68893     0.26381
    -1.67793     0.26120
    -1.66693     0.28810
    -1.65593     0.34995
    -1.64393     0.44515
    -1.63293     0.56270
    -1.62193     0.68275
    -1.61093     0.78112
    -1.59993     0.83386
    -1.58893     0.82666
    -1.57693     0.75824
    -1.56593     0.64441
    -1.55493     0.51056
    -1.54393     0.38605
    -1.53293     0.29427
    -1.52193     0.24729
    -1.50993     0.24458
    -1.49893     0.27515
    -1.48793     0.32252
    -1.47693     0.37021
    -1.46593     0.40653
    -1.45493     0.42726
    -1.44393     0.43502
    -1.43193     0.43654
    -1.42093     0.43911
    -1.40993     0.44874
    -1.39893     0.46977
    -1.38793     0.50527
    -1.37693     0.55713
    -1.36493     0.62580
    -1.35393     0.71123
    -1.34293     0.81247
    -1.33193     0.92938
    -1.32093     1.06057
    -1.30993     1.19981
    -1.29893     1.33373
    -1.28693     1.43977
    -1.27593     1.49077
    -1.26493     1.46527
    -1.25393     1.35748
    -1.24293     1.18157
    -1.23193     0.96954
    -1.21993     0.75603
    -1.20893     0.56853
    -1.19793     0.41817
    -1.18693     0.30402
    -1.17593     0.21807
    -1.16493     0.15230
    -1.15393     0.10173
    -1.14193     0.06395
    -1.13093     0.03765
    -1.11993     0.02132
    -1.10893     0.01340
    -1.09793     0.01275
    -1.08693     0.01931
    -1.07493     0.03419
    -1.06393     0.05923
    -1.05293     0.09659
    -1.04193     0.14865
    -1.03093     0.21920
    -1.01993     0.31424
    -1.00793     0.44158
    -0.99693     0.60642
    -0.98593     0.80368
    -0.97493     1.01144
    -0.96393     1.19081
    -0.95293     1.29743
    -0.94193     1.29922
    -0.92993     1.19164
    -0.91893     1.00226
    -0.90793     0.78020
    -0.89693     0.57872
    -0.88593     0.43871
    -0.87493     0.38138
    -0.86293     0.40687
    -0.85193     0.49842
    -0.84093     0.62872
    -0.82993     0.76578
    -0.81893     0.88325
    -0.80793     0.96474
    -0.79693     1.00745
    -0.78493     1.01799
    -0.77393     1.00338
    -0.76293     0.96559
    -0.75193     0.90198
    -0.74093     0.80949
    -0.72993     0.69224
    -0.71793     0.56472
    -0.70693     0.45165
    -0.69593     0.38155
    -0.68493     0.38153
    -0.67393     0.47199
    -0.66293     0.66099
    -0.65093     0.93757
    -0.63993     1.27036
    -0.62893     1.60807
    -0.61793     1.89079
    -0.60693     2.06440
    -0.59593     2.09553
    -0.58493     1.97959
    -0.57293     1.74181
    -0.56193     1.42764
    -0.55093     1.09160
    -0.53993     0.78351
    -0.52893     0.53812
    -0.51793     0.37049
    -0.50593     0.27706
    -0.49493     0.24051
    -0.48393     0.23766
    -0.47293     0.24721
    -0.46193     0.25594
    -0.45093     0.26213
    -0.43993     0.27506
    -0.42793     0.31076
    -0.41693     0.38460
    -0.40593     0.50399
    -0.39493     0.66320
    -0.38393     0.84333
    -0.37293     1.01954
    -0.36093     1.17119
    -0.34993     1.29300
    -0.33893     1.39819
    -0.32793     1.50973
    -0.31693     1.64451
    -0.30593     1.79681
    -0.29493     1.93309
    -0.28293     2.00533
    -0.27193     1.97318
    -0.26093     1.82461
    -0.24993     1.58376
    -0.23893     1.29961
    -0.22793     1.02545
    -0.21593     0.79894
    -0.20493     0.63316
    -0.19393     0.52128
    -0.18293     0.44862
    -0.17193     0.40448
    -0.16093     0.38664
    -0.14893     0.39727
    -0.13793     0.43486
    -0.12693     0.48827
    -0.11593     0.53695
    -0.10493     0.55952
    -0.09393     0.54199
    -0.08293     0.48499
    -0.07093     0.40217
    -0.05993     0.31351
    -0.04893     0.23613
    -0.03793     0.17914
    -0.02693     0.14349
    -0.01593     0.12623
    -0.00393     0.12569
     0.00707     0.14466
     0.01807     0.18978
     0.02907     0.26760
     0.04007     0.37938
     0.05107     0.51797
     0.06207     0.66701
     0.07407     0.80698
     0.08507     0.91956
     0.09607     0.99180
     0.10707     1.01622
     0.11807     0.98973
     0.12907     0.91278
     0.14107     0.79231
     0.15207     0.64381
     0.16307     0.48848
     0.17407     0.34949
     0.18507     0.24347
     0.19607     0.17683
     0.20807     0.14557
     0.21907     0.13844
     0.23007     0.14166
     0.24107     0.14329
     0.25207     0.13623
     0.26307     0.11904
     0.27407     0.09471
     0.28607     0.06841
     0.29707     0.04479
     0.30807     0.02658
     0.31907     0.01429
     0.33007     0.00696
     0.34107     0.00308
     0.35307     0.00125
     0.36407     0.00051
     0.37507     0.00034
     0.38607     0.00057
     0.39707     0.00129
     0.40807     0.00282
     0.41907     0.00563
     0.43107     0.01020
     0.44207     0.01674
     0.45307     0.02489
     0.46407     0.03353
     0.47507     0.04091
     0.48607     0.04524
     0.49807     0.04531
     0.50907     0.04112
     0.52007     0.03381
     0.53107     0.02518
     0.54207     0.01701
     0.55307     0.01043
     0.56507     0.00590
     0.57607     0.00333
     0.58707     0.00249
     0.59807     0.00340
     0.60907     0.00649
     0.62007     0.01261
     0.63107     0.02267
     0.64307     0.03705
     0.65407     0.05490
     0.66507     0.07371
     0.67607     0.08966
     0.68707     0.09882
     0.69807     0.09866
     0.71007     0.08928
     0.72107     0.07316
     0.73207     0.05437
     0.74307     0.03672
     0.75407     0.02278
     0.76507     0.01355
     0.77607     0.00893
     0.78807     0.00835
     0.79907     0.01122
     0.81007     0.01697
     0.82107     0.02474
     0.83207     0.03318
     0.84307     0.04045
     0.85507     0.04473
     0.86607     0.04481
     0.87707     0.04075
     0.88807     0.03376
     0.89907     0.02583
     0.91007     0.01916
     0.92107     0.01568
     0.93307     0.01691
     0.94407     0.02393
     0.95507     0.03715
     0.96607     0.05581
     0.97707     0.07741
     0.98807     0.09779
     1.00007     0.11203
     1.01107     0.11635
     1.02207     0.10949
     1.03307     0.09334
     1.04407     0.07210
     1.05507     0.05046
     1.06707     0.03203
     1.07807     0.01851
     1.08907     0.00992
     1.10007     0.00533
     1.11107     0.00361
     1.12207     0.00388
     1.13307     0.00554
     1.14507     0.00812
     1.15607     0.01113
     1.16707     0.01393
     1.17807     0.01587
     1.18907     0.01652
     1.20007     0.01583
     1.21207     0.01417
     1.22307     0.01223
     1.23407     0.01066
     1.24507     0.00993
     1.25607     0.01028
     1.26707     0.01173
     1.27807     0.01422
     1.29007     0.01753
     1.30107     0.02118
     1.31207     0.02443
     1.32307     0.02648
     1.33407     0.02677
     1.34507     0.02548
     1.35707     0.02377
     1.36807     0.02377
     1.37907     0.02828
     1.39007     0.04028
     1.40107     0.06212
     1.41207     0.09435
     1.42407     0.13493
     1.43507     0.17879
     1.44607     0.21874
     1.45707     0.24744
     1.46807     0.25988
     1.47907     0.25523
     1.49007     0.23719
     1.50207     0.21302
     1.51307     0.19143
     1.52407     0.18018
     1.53507     0.18411
     1.54607     0.20359
     1.55707     0.23450
     1.56907     0.26965
     1.58007     0.30094
     1.59107     0.32217
     1.60207     0.33035
     1.61307     0.32564
     1.62407     0.31016
     1.63507     0.28639
     1.64707     0.25618
     1.65807     0.22102
     1.66907     0.18281
     1.68007     0.14455
     1.69107     0.11045
     1.70207     0.08486
     1.71407     0.07127
     1.72507     0.07140
     1.73607     0.08519
     1.74707     0.11085
     1.75807     0.14487
     1.76907     0.18199
     1.78007     0.21523
     1.79207     0.23714
     1.80307     0.24200
     1.81407     0.22805
     1.82507     0.19869
     1.83607     0.16161
     1.84707     0.12582
     1.85907     0.09843
     1.87007     0.08256
     1.88107     0.07716
     1.89207     0.07861
     1.90307     0.08320
     1.91407     0.08947
     1.92607     0.09919
     1.93707     0.11681
     1.94807     0.14756
     1.95907     0.19536
     1.97007     0.26073
     1.98107     0.34054
     1.99207     0.42845
     2.00407     0.51626
     2.01507     0.59571
     2.02607     0.66056
     2.03707     0.70818
     2.04807     0.74058
     2.05907     0.76315
     2.07107     0.78114
     2.08207     0.79721
     2.09307     0.80926
     2.10407     0.81355
     2.11507     0.80872
     2.12607     0.80045
     2.13707     0.80165
     2.14907     0.82651
     2.16007     0.88311
     2.17107     0.96386
     2.18207     1.04501
     2.19307     1.09404
     2.20407     1.08303
     2.21607     1.00192
     2.22707     0.86396
     2.23807     0.69836
     2.24907     0.53781
     2.26007     0.40612
     2.27107     0.31170
     2.28307     0.24946
     2.29407     0.20770
     2.30507     0.17530
     2.31607     0.14626
     2.32707     0.12040
     2.33807     0.10184
     2.34907     0.09635
     2.36107     0.10981
     2.37207     0.14667
     2.38307     0.20872
     2.39407     0.29303
     2.40507     0.39095
     2.41607     0.48823
     2.42807     0.57007
     2.43907     0.62379
     2.45007     0.64460
     2.46107     0.63462
     2.47207     0.60191
     2.48307     0.55660
     2.49407     0.50902
     2.50607     0.46644
     2.51707     0.43155
     2.52807     0.40188
     2.53907     0.37145
     2.55007     0.33467
     2.56107     0.29049
     2.57307     0.24371
     2.58407     0.20323
     2.59507     0.17727
     2.60607     0.16929
     2.61707     0.17627
     2.62807     0.19010
     2.63907     0.20146
     2.65107     0.20394
     2.66207     0.19688
     2.67307     0.18526
     2.68407     0.17747
     2.69507     0.18147
     2.70607     0.20161
     2.71807     0.23713
     2.72907     0.28384
     2.74007     0.33771
     2.75107     0.39886
     2.76207     0.47255
     2.77307     0.56521
     2.78507     0.67685
     2.79607     0.79524
     2.80707     0.89527
     2.81807     0.94762
     2.82907     0.93244
     2.84007     0.84834
     2.85107     0.71425
     2.86307     0.56437
     2.87407     0.43416
     2.88507     0.35143
     2.89607     0.33105
     2.90707     0.37233
     2.91807     0.46133
     2.93007     0.57414
     2.94107     0.68141
     2.95207     0.75492
     2.96307     0.77494
     2.97407     0.73604
     2.98507     0.64844
     2.99607     0.53609
     3.00807     0.42954
     3.01907     0.35745
     3.03007     0.34073
     3.04107     0.38901
     3.05207     0.49972
     3.06307     0.66016
     3.07507     0.84970
     3.08607     1.04267
     3.09707     1.21050
     3.10807     1.32521
     3.11907     1.36401
     3.13007     1.31549
     3.14207     1.18419
     3.15307     0.99127
     3.16407     0.76913
     3.17507     0.55178
     3.18607     0.36510
     3.19707     0.22255
     3.20807     0.12498
     3.22007     0.06510
     3.23107     0.03265
     3.24207     0.01856
     3.25307     0.01693
     3.26407     0.02530
     3.27507     0.04363
     3.28707     0.07249
     3.29807     0.11107
     3.30907     0.15583
     3.32007     0.20057
     3.33107     0.23883
     3.34207     0.26756
     3.35307     0.29034
     3.36507     0.31744
     3.37607     0.36177
     3.38707     0.43201
     3.39807     0.52657
     3.40907     0.63235
     3.42007     0.72972
     3.43207     0.80101
     3.44307     0.83801
     3.45407     0.84431
     3.46507     0.83147
     3.47607     0.81226
     3.48707     0.79449
     3.49907     0.77854
     3.51007     0.75927
     3.52107     0.73008
     3.53207     0.68792
     3.54307     0.63551
     3.55407     0.58185
     3.56507     0.53680
     3.57707     0.50749
     3.58807     0.49510
     3.59907     0.49608
     3.61007     0.50479
     3.62107     0.51623
     3.63207     0.52634
     3.64407     0.53093
     3.65507     0.52546
     3.66607     0.50689
     3.67707     0.47566
     3.68807     0.43612
     3.69907     0.39427
     3.71007     0.35451
     3.72207     0.31894
     3.73307     0.28915
     3.74407     0.26922
     3.75507     0.26765
     3.76607     0.29632
     3.77707     0.36654
     3.78907     0.48353
     3.80007     0.64195
     3.81107     0.82387
     3.82207     1.00205
     3.83307     1.14743
     3.84407     1.23999
     3.85507     1.27437
     3.86707     1.26371
     3.87807     1.22979
     3.88907     1.19253
     3.90007     1.15926
     3.91107     1.12174
     3.92207     1.06344
     3.93407     0.96845
     3.94507     0.83433
     3.95607     0.67232
     3.96707     0.50411
     3.97807     0.35282
     3.98907     0.23588
     4.00107     0.16228
     4.01207     0.13379
     4.02307     0.14820
     4.03407     0.20131
     4.04507     0.28712
     4.05607     0.39650
     4.06707     0.51581
     4.07907     0.62776
     4.09007     0.71395
     4.10107     0.75895
     4.11207     0.75462
     4.12307     0.70299
     4.13407     0.61659
     4.14607     0.51601
     4.15707     0.42464
     4.16807     0.36267
     4.17907     0.34237
     4.19007     0.36653
     4.20107     0.43044
     4.21207     0.52506
     4.22407     0.64011
     4.23507     0.76262
     4.24607     0.87756
     4.25707     0.96578
     4.26807     1.00814
     4.27907     0.99241
     4.29107     0.92005
     4.30207     0.80963
     4.31307     0.69148
     4.32407     0.59904
     4.33507     0.55605
     4.34607     0.56783
     4.35807     0.61950
     4.36907     0.68225
     4.38007     0.72573
     4.39107     0.73133
     4.40207     0.69997
     4.41307     0.65153
     4.42407     0.61563
     4.43607     0.61799
     4.44707     0.66900
     4.45807     0.75815
     4.46907     0.85708
     4.48007     0.92976
     4.49107     0.94597
     4.50307     0.89288
     4.51407     0.77818
     4.52507     0.62662
     4.53607     0.46951
     4.54707     0.33550
     4.55807     0.24556
     4.56907     0.21265
     4.58107     0.24370
     4.59207     0.33940
     4.60307     0.49139
     4.61407     0.67797
     4.62507     0.86391
     4.63607     1.00702
     4.64807     1.07147
     4.65907     1.04091
     4.67007     0.92522
     4.68107     0.75470
     4.69207     0.56872
     4.70307     0.40165
     4.71407     0.27411
     4.72607     0.19224
     4.73707     0.15160
     4.74807     0.14312
     4.75907     0.15848
     4.77007     0.19331
     4.78107     0.24840
     4.79307     0.32755
     4.80407     0.43329
     4.81507     0.56166
     4.82607     0.69923
     4.83707     0.82501
     4.84807     0.91826
     4.86007     0.96661
     4.87107     0.97123
     4.88207     0.94504
     4.89307     0.90435
     4.90407     0.85964
     4.91507     0.81256
     4.92607     0.75832
     4.93807     0.69534
     4.94907     0.62801
     4.96007     0.56605
     4.97107     0.51823
     4.98207     0.48698
     4.99307     0.46905
     5.00507     0.46153
     5.01607     0.46866
     5.02707     0.50335
     5.03807     0.58073
     5.04907     0.70675
     5.06007     0.86903
     5.07107     1.03484
     5.08307     1.16070
     5.09407     1.20912
     5.10507     1.16371
     5.11607     1.03430
     5.12707     0.85210
     5.13807     0.65682
     5.15007     0.48345
     5.16107     0.35341
     5.17207     0.27499
     5.18307     0.24737
     5.19407     0.26656
     5.20507     0.32832
     5.21707     0.42765
     5.22807     0.55586
     5.23907     0.69867
     5.25007     0.83724
     5.26107     0.95393
     5.27207     1.03706
     5.28307     1.08438
     5.29507     1.10140
     5.30607     1.09733
     5.31707     1.08046
     5.32807     1.05648
     5.33907     1.02948
     5.35007     1.00141
     5.36207     0.97285
     5.37307     0.94290
     5.38407     0.91050
     5.39507     0.87563
     5.40607     0.84085
     5.41707     0.81060
     5.42807     0.78799
     5.44007     0.77341
     5.45107     0.76170
     5.46207     0.74405
     5.47307     0.71218
     5.48407     0.66275
     5.49507     0.59927
     5.50707     0.52993
     5.51807     0.46364
     5.52907     0.40644
     5.54007     0.36083
     5.55107     0.32713
     5.56207     0.30460
     5.57407     0.29216
     5.58507     0.28876
     5.59607     0.29427
     5.60707     0.31057
     5.61807     0.34110
     5.62907     0.38857
     5.64007     0.45172
     5.65207     0.52376
     5.66307     0.59340
     5.67407     0.64785
     5.68507     0.67618
     5.69607     0.67090
     5.70707     0.62970
     5.71907     0.55583
     5.73007     0.45876
     5.74107     0.35242
     5.75207     0.25166
     5.76307     0.16902
     5.77407     0.11190
     5.78507     0.08229
     5.79707     0.07797
     5.80807     0.09379
     5.81907     0.12225
     5.83007     0.15410
     5.84107     0.17959
     5.85207     0.19078
     5.86407     0.18392
     5.87507     0.16072
     5.88607     0.12725
     5.89707     0.09129
     5.90807     0.05933
     5.91907     0.03493
     5.93007     0.01864
     5.94207     0.00901
     5.95307     0.00394
     5.96407     0.00156
     5.97507     0.00056
     5.98607     0.00018
     5.99707     0.00005
     6.00907     0.00001
     6.02007     0.00000
     6.03107     0.00000
     6.04207     0.00000
     6.05307     0.00000
     6.06407     0.00000
     6.07607     0.00000
     6.08707     0.00000
     6.09807     0.00000
     6.10907     0.00000
     6.12007     0.00000
     6.13107     0.00000
     6.14207     0.00000
     6.15407     0.00000
     6.16507     0.00000
     6.17607     0.00000
     6.18707     0.00000
     6.19807     0.00000
     6.20907     0.00000
     6.22107     0.00000
     6.23207     0.00000
     6.24307     0.00000
     6.25407     0.00000
     6.26507     0.00000
     6.27607     0.00000
     6.28707     0.00000
     6.29907     0.00000
     6.31007     0.00000
     6.32107     0.00000
     6.33207     0.00000
     6.34307     0.00000
     6.35407     0.00000
     6.36607     0.00000
     6.37707     0.00000
     6.38807     0.00000
     6.39907     0.00000
     6.41007     0.00000
     6.42107     0.00000
     6.43307     0.00000
     6.44407     0.00000
     6.45507     0.00000
     6.46607     0.00000
     6.47707     0.00000
     6.48807     0.00000
     6.49907     0.00000
     6.51107     0.00000
     6.52207     0.00000
     6.53307     0.00000
     6.54407     0.00000
     6.55507     0.00000
     6.56607     0.00000
     6.57807     0.00000
     6.58907     0.00000
     6.60007     0.00000
     6.61107     0.00000
     6.62207     0.00000
     6.63307     0.00000
     6.64407     0.00000
     6.65607     0.00000
     6.66707     0.00000
     6.67807     0.00000
     6.68907     0.00000
     6.70007     0.00000
     6.71107     0.00000
     6.72307     0.00000
     6.73407     0.00000
     6.74507     0.00000
     6.75607     0.00000
     6.76707     0.00000
     6.77807     0.00000
     6.78907     0.00000
     6.80107     0.00000
     6.81207     0.00000
     6.82307     0.00000
     6.83407     0.00000
     6.84507     0.00000
     6.85607     0.00000
     6.86807     0.00000
     6.87907     0.00000
     6.89007     0.00000
     6.90107     0.00000
     6.91207     0.00000
     6.92307     0.00000
     6.93507     0.00000
     6.94607     0.00000
     6.95707     0.00000
     6.96807     0.00000
     6.97907     0.00000
     6.99007     0.00000
     7.00107     0.00000
     7.01307     0.00000
     7.02407     0.00000
     7.03507     0.00000
     7.04607     0.00000
     7.05707     0.00000
     7.06807     0.00000
     7.08007     0.00000
     7.09107     0.00000
     7.10207     0.00000
     7.11307     0.00000
     7.12407     0.00000
     7.13507     0.00000
     7.14607     0.00000
     7.15807     0.00000
     7.16907     0.00000
     7.18007     0.00000
     7.19107     0.00000
     7.20207     0.00000
     7.21307     0.00000
     7.22507     0.00000
     7.23607     0.00000
     7.24707     0.00000
     7.25807     0.00000
     7.26907     0.00000
     7.28007     0.00000
     7.29207     0.00000
     7.30307     0.00000
     7.31407     0.00000
     7.32507     0.00000
     7.33607     0.00000
     7.34707     0.00000
     7.35807     0.00000
     7.37007     0.00000
