     #Energy 1&3&5&8&11&
   -26.09793     0.00000
   -26.08693     0.00000
   -26.07593     0.00000
   -26.06493     0.00000
   -26.05293     0.00000
   -26.04193     0.00000
   -26.03093     0.00000
   -26.01993     0.00000
   -26.00893     0.00000
   -25.99793     0.00000
   -25.98693     0.00000
   -25.97493     0.00000
   -25.96393     0.00000
   -25.95293     0.00000
   -25.94193     0.00000
   -25.93093     0.00000
   -25.91993     0.00000
   -25.90793     0.00000
   -25.89693     0.00000
   -25.88593     0.00000
   -25.87493     0.00000
   -25.86393     0.00000
   -25.85293     0.00000
   -25.84193     0.00000
   -25.82993     0.00000
   -25.81893     0.00000
   -25.80793     0.00000
   -25.79693     0.00000
   -25.78593     0.00000
   -25.77493     0.00000
   -25.76293     0.00000
   -25.75193     0.00000
   -25.74093     0.00000
   -25.72993     0.00000
   -25.71893     0.00000
   -25.70793     0.00000
   -25.69593     0.00000
   -25.68493     0.00000
   -25.67393     0.00000
   -25.66293     0.00000
   -25.65193     0.00000
   -25.64093     0.00000
   -25.62993     0.00000
   -25.61793     0.00000
   -25.60693     0.00000
   -25.59593     0.00000
   -25.58493     0.00000
   -25.57393     0.00000
   -25.56293     0.00000
   -25.55093     0.00000
   -25.53993     0.00000
   -25.52893     0.00000
   -25.51793     0.00000
   -25.50693     0.00000
   -25.49593     0.00000
   -25.48493     0.00000
   -25.47293     0.00000
   -25.46193     0.00000
   -25.45093     0.00000
   -25.43993     0.00000
   -25.42893     0.00000
   -25.41793     0.00000
   -25.40593     0.00000
   -25.39493     0.00000
   -25.38393     0.00000
   -25.37293     0.00000
   -25.36193     0.00000
   -25.35093     0.00000
   -25.33993     0.00000
   -25.32793     0.00000
   -25.31693     0.00000
   -25.30593     0.00000
   -25.29493     0.00000
   -25.28393     0.00000
   -25.27293     0.00000
   -25.26093     0.00000
   -25.24993     0.00000
   -25.23893     0.00000
   -25.22793     0.00000
   -25.21693     0.00000
   -25.20593     0.00000
   -25.19393     0.00000
   -25.18293     0.00000
   -25.17193     0.00000
   -25.16093     0.00000
   -25.14993     0.00000
   -25.13893     0.00000
   -25.12793     0.00000
   -25.11593     0.00000
   -25.10493     0.00000
   -25.09393     0.00000
   -25.08293     0.00000
   -25.07193     0.00000
   -25.06093     0.00000
   -25.04893     0.00000
   -25.03793     0.00000
   -25.02693     0.00000
   -25.01593     0.00000
   -25.00493     0.00000
   -24.99393     0.00000
   -24.98293     0.00000
   -24.97093     0.00000
   -24.95993     0.00000
   -24.94893     0.00000
   -24.93793     0.00000
   -24.92693     0.00000
   -24.91593     0.00000
   -24.90393     0.00000
   -24.89293     0.00000
   -24.88193     0.00000
   -24.87093     0.00000
   -24.85993     0.00000
   -24.84893     0.00000
   -24.83693     0.00000
   -24.82593     0.00000
   -24.81493     0.00000
   -24.80393     0.00000
   -24.79293     0.00000
   -24.78193     0.00000
   -24.77093     0.00000
   -24.75893     0.00000
   -24.74793     0.00000
   -24.73693     0.00000
   -24.72593     0.00001
   -24.71493     0.00003
   -24.70393     0.00010
   -24.69193     0.00033
   -24.68093     0.00105
   -24.66993     0.00300
   -24.65893     0.00790
   -24.64793     0.01915
   -24.63693     0.04270
   -24.62593     0.08789
   -24.61393     0.16732
   -24.60293     0.29557
   -24.59193     0.48679
   -24.58093     0.75275
   -24.56993     1.10642
   -24.55893     1.57238
   -24.54693     2.20964
   -24.53593     3.13791
   -24.52493     4.55498
   -24.51393     6.72867
   -24.50293     9.94851
   -24.49193    14.46000
   -24.48093    20.38254
   -24.46893    27.64493
   -24.45793    35.97654
   -24.44693    44.89126
   -24.43593    53.77444
   -24.42493    61.94173
   -24.41393    68.81977
   -24.40193    74.11746
   -24.39093    77.94828
   -24.37993    80.85093
   -24.36893    83.61837
   -24.35793    87.03823
   -24.34693    91.65767
   -24.33493    97.62759
   -24.32393   104.68797
   -24.31293   112.29537
   -24.30193   119.75949
   -24.29093   126.42291
   -24.27993   131.90393
   -24.26893   136.20318
   -24.25693   139.71194
   -24.24593   143.04866
   -24.23493   146.87753
   -24.22393   151.67659
   -24.21293   157.53910
   -24.20193   164.24497
   -24.18993   171.22978
   -24.17893   177.76280
   -24.16793   183.02542
   -24.15693   186.26074
   -24.14593   187.04074
   -24.13493   185.42995
   -24.12393   181.92061
   -24.11193   176.98197
   -24.10093   170.68210
   -24.08993   162.55699
   -24.07893   151.88429
   -24.06793   138.59611
   -24.05693   123.48618
   -24.04493   108.02933
   -24.03393    93.68224
   -24.02293    81.07715
   -24.01193    69.91575
   -24.00093    59.32963
   -23.98993    48.71248
   -23.97793    38.13622
   -23.96693    28.47669
   -23.95593    21.00550
   -23.94493    17.07730
   -23.93393    17.87999
   -23.92293    24.38782
   -23.91193    37.25593
   -23.89993    56.54952
   -23.88893    81.33483
   -23.87793   109.34899
   -23.86693   137.03749
   -23.85593   160.15563
   -23.84493   174.80756
   -23.83293   178.64108
   -23.82193   171.35014
   -23.81093   154.90517
   -23.79993   132.44201
   -23.78893   107.37476
   -23.77793    82.62434
   -23.76693    60.24094
   -23.75493    41.44194
   -23.74393    26.74067
   -23.73293    16.07959
   -23.72193     8.95579
   -23.71093     4.59544
   -23.69993     2.16301
   -23.68793     0.93082
   -23.67693     0.36541
   -23.66593     0.13061
   -23.65493     0.04245
   -23.64393     0.01254
   -23.63293     0.00336
   -23.62093     0.00082
   -23.60993     0.00018
   -23.59893     0.00004
   -23.58793     0.00001
   -23.57693     0.00000
   -23.56593     0.00000
   -23.55493     0.00000
   -23.54293     0.00000
   -23.53193     0.00000
   -23.52093     0.00000
   -23.50993     0.00000
   -23.49893     0.00000
   -23.48793     0.00000
   -23.47593     0.00000
   -23.46493     0.00000
   -23.45393     0.00000
   -23.44293     0.00000
   -23.43193     0.00000
   -23.42093     0.00000
   -23.40993     0.00000
   -23.39793     0.00000
   -23.38693     0.00000
   -23.37593     0.00000
   -23.36493     0.00000
   -23.35393     0.00000
   -23.34293     0.00000
   -23.33093     0.00000
   -23.31993     0.00000
   -23.30893     0.00000
   -23.29793     0.00000
   -23.28693     0.00000
   -23.27593     0.00000
   -23.26493     0.00000
   -23.25293     0.00000
   -23.24193     0.00000
   -23.23093     0.00000
   -23.21993     0.00000
   -23.20893     0.00000
   -23.19793     0.00000
   -23.18593     0.00000
   -23.17493     0.00000
   -23.16393     0.00000
   -23.15293     0.00000
   -23.14193     0.00000
   -23.13093     0.00000
   -23.11893     0.00000
   -23.10793     0.00000
   -23.09693     0.00000
   -23.08593     0.00000
   -23.07493     0.00000
   -23.06393     0.00000
   -23.05293     0.00000
   -23.04093     0.00000
   -23.02993     0.00000
   -23.01893     0.00000
   -23.00793     0.00000
   -22.99693     0.00000
   -22.98593     0.00000
   -22.97393     0.00000
   -22.96293     0.00000
   -22.95193     0.00000
   -22.94093     0.00000
   -22.92993     0.00000
   -22.91893     0.00000
   -22.90793     0.00000
   -22.89593     0.00000
   -22.88493     0.00000
   -22.87393     0.00000
   -22.86293     0.00000
   -22.85193     0.00000
   -22.84093     0.00000
   -22.82893     0.00000
   -22.81793     0.00000
   -22.80693     0.00000
   -22.79593     0.00000
   -22.78493     0.00000
   -22.77393     0.00000
   -22.76193     0.00000
   -22.75093     0.00000
   -22.73993     0.00000
   -22.72893     0.00000
   -22.71793     0.00000
   -22.70693     0.00000
   -22.69593     0.00000
   -22.68393     0.00000
   -22.67293     0.00000
   -22.66193     0.00000
   -22.65093     0.00000
   -22.63993     0.00000
   -22.62893     0.00000
   -22.61693     0.00000
   -22.60593     0.00000
   -22.59493     0.00000
   -22.58393     0.00000
   -22.57293     0.00000
   -22.56193     0.00000
   -22.55093     0.00000
   -22.53893     0.00000
   -22.52793     0.00000
   -22.51693     0.00000
   -22.50593     0.00000
   -22.49493     0.00000
   -22.48393     0.00000
   -22.47193     0.00000
   -22.46093     0.00000
   -22.44993     0.00000
   -22.43893     0.00000
   -22.42793     0.00000
   -22.41693     0.00000
   -22.40593     0.00000
   -22.39393     0.00000
   -22.38293     0.00000
   -22.37193     0.00000
   -22.36093     0.00000
   -22.34993     0.00000
   -22.33893     0.00000
   -22.32693     0.00000
   -22.31593     0.00000
   -22.30493     0.00000
   -22.29393     0.00000
   -22.28293     0.00000
   -22.27193     0.00000
   -22.25993     0.00000
   -22.24893     0.00000
   -22.23793     0.00000
   -22.22693     0.00000
   -22.21593     0.00000
   -22.20493     0.00000
   -22.19393     0.00000
   -22.18193     0.00000
   -22.17093     0.00000
   -22.15993     0.00000
   -22.14893     0.00000
   -22.13793     0.00000
   -22.12693     0.00000
   -22.11493     0.00000
   -22.10393     0.00000
   -22.09293     0.00000
   -22.08193     0.00000
   -22.07093     0.00000
   -22.05993     0.00000
   -22.04893     0.00000
   -22.03693     0.00000
   -22.02593     0.00000
   -22.01493     0.00000
   -22.00393     0.00000
   -21.99293     0.00000
   -21.98193     0.00000
   -21.96993     0.00000
   -21.95893     0.00000
   -21.94793     0.00000
   -21.93693     0.00000
   -21.92593     0.00000
   -21.91493     0.00000
   -21.90293     0.00000
   -21.89193     0.00000
   -21.88093     0.00000
   -21.86993     0.00000
   -21.85893     0.00000
   -21.84793     0.00000
   -21.83693     0.00000
   -21.82493     0.00000
   -21.81393     0.00000
   -21.80293     0.00000
   -21.79193     0.00000
   -21.78093     0.00000
   -21.76993     0.00000
   -21.75793     0.00000
   -21.74693     0.00000
   -21.73593     0.00000
   -21.72493     0.00000
   -21.71393     0.00000
   -21.70293     0.00000
   -21.69193     0.00000
   -21.67993     0.00000
   -21.66893     0.00000
   -21.65793     0.00000
   -21.64693     0.00000
   -21.63593     0.00000
   -21.62493     0.00000
   -21.61293     0.00000
   -21.60193     0.00000
   -21.59093     0.00000
   -21.57993     0.00000
   -21.56893     0.00000
   -21.55793     0.00000
   -21.54593     0.00000
   -21.53493     0.00000
   -21.52393     0.00000
   -21.51293     0.00000
   -21.50193     0.00000
   -21.49093     0.00000
   -21.47993     0.00000
   -21.46793     0.00000
   -21.45693     0.00000
   -21.44593     0.00000
   -21.43493     0.00000
   -21.42393     0.00000
   -21.41293     0.00000
   -21.40093     0.00000
   -21.38993     0.00000
   -21.37893     0.00000
   -21.36793     0.00000
   -21.35693     0.00000
   -21.34593     0.00000
   -21.33493     0.00000
   -21.32293     0.00000
   -21.31193     0.00000
   -21.30093     0.00000
   -21.28993     0.00000
   -21.27893     0.00000
   -21.26793     0.00000
   -21.25593     0.00000
   -21.24493     0.00000
   -21.23393     0.00000
   -21.22293     0.00000
   -21.21193     0.00000
   -21.20093     0.00000
   -21.18993     0.00000
   -21.17793     0.00000
   -21.16693     0.00000
   -21.15593     0.00000
   -21.14493     0.00000
   -21.13393     0.00000
   -21.12293     0.00000
   -21.11093     0.00000
   -21.09993     0.00000
   -21.08893     0.00000
   -21.07793     0.00000
   -21.06693     0.00000
   -21.05593     0.00000
   -21.04393     0.00000
   -21.03293     0.00000
   -21.02193     0.00000
   -21.01093     0.00000
   -20.99993     0.00000
   -20.98893     0.00000
   -20.97793     0.00000
   -20.96593     0.00000
   -20.95493     0.00000
   -20.94393     0.00000
   -20.93293     0.00000
   -20.92193     0.00000
   -20.91093     0.00000
   -20.89893     0.00000
   -20.88793     0.00000
   -20.87693     0.00000
   -20.86593     0.00000
   -20.85493     0.00000
   -20.84393     0.00000
   -20.83293     0.00000
   -20.82093     0.00000
   -20.80993     0.00000
   -20.79893     0.00000
   -20.78793     0.00000
   -20.77693     0.00000
   -20.76593     0.00000
   -20.75393     0.00000
   -20.74293     0.00000
   -20.73193     0.00000
   -20.72093     0.00000
   -20.70993     0.00000
   -20.69893     0.00000
   -20.68693     0.00000
   -20.67593     0.00000
   -20.66493     0.00000
   -20.65393     0.00000
   -20.64293     0.00000
   -20.63193     0.00000
   -20.62093     0.00000
   -20.60893     0.00000
   -20.59793     0.00000
   -20.58693     0.00000
   -20.57593     0.00000
   -20.56493     0.00000
   -20.55393     0.00000
   -20.54193     0.00000
   -20.53093     0.00000
   -20.51993     0.00000
   -20.50893     0.00000
   -20.49793     0.00000
   -20.48693     0.00000
   -20.47593     0.00000
   -20.46393     0.00000
   -20.45293     0.00000
   -20.44193     0.00000
   -20.43093     0.00000
   -20.41993     0.00000
   -20.40893     0.00000
   -20.39693     0.00000
   -20.38593     0.00000
   -20.37493     0.00000
   -20.36393     0.00000
   -20.35293     0.00000
   -20.34193     0.00000
   -20.33093     0.00000
   -20.31893     0.00000
   -20.30793     0.00000
   -20.29693     0.00000
   -20.28593     0.00000
   -20.27493     0.00000
   -20.26393     0.00000
   -20.25193     0.00000
   -20.24093     0.00000
   -20.22993     0.00000
   -20.21893     0.00000
   -20.20793     0.00000
   -20.19693     0.00000
   -20.18493     0.00000
   -20.17393     0.00000
   -20.16293     0.00000
   -20.15193     0.00000
   -20.14093     0.00000
   -20.12993     0.00000
   -20.11893     0.00000
   -20.10693     0.00000
   -20.09593     0.00000
   -20.08493     0.00000
   -20.07393     0.00000
   -20.06293     0.00000
   -20.05193     0.00000
   -20.03993     0.00000
   -20.02893     0.00000
   -20.01793     0.00000
   -20.00693     0.00000
   -19.99593     0.00000
   -19.98493     0.00000
   -19.97393     0.00000
   -19.96193     0.00000
   -19.95093     0.00000
   -19.93993     0.00000
   -19.92893     0.00000
   -19.91793     0.00000
   -19.90693     0.00000
   -19.89493     0.00000
   -19.88393     0.00000
   -19.87293     0.00000
   -19.86193     0.00000
   -19.85093     0.00000
   -19.83993     0.00000
   -19.82793     0.00000
   -19.81693     0.00000
   -19.80593     0.00000
   -19.79493     0.00000
   -19.78393     0.00000
   -19.77293     0.00000
   -19.76193     0.00000
   -19.74993     0.00000
   -19.73893     0.00000
   -19.72793     0.00000
   -19.71693     0.00000
   -19.70593     0.00000
   -19.69493     0.00000
   -19.68293     0.00000
   -19.67193     0.00000
   -19.66093     0.00000
   -19.64993     0.00000
   -19.63893     0.00000
   -19.62793     0.00000
   -19.61693     0.00000
   -19.60493     0.00000
   -19.59393     0.00000
   -19.58293     0.00000
   -19.57193     0.00000
   -19.56093     0.00000
   -19.54993     0.00000
   -19.53793     0.00000
   -19.52693     0.00000
   -19.51593     0.00000
   -19.50493     0.00000
   -19.49393     0.00000
   -19.48293     0.00000
   -19.47193     0.00000
   -19.45993     0.00000
   -19.44893     0.00000
   -19.43793     0.00000
   -19.42693     0.00000
   -19.41593     0.00000
   -19.40493     0.00000
   -19.39293     0.00000
   -19.38193     0.00000
   -19.37093     0.00000
   -19.35993     0.00000
   -19.34893     0.00000
   -19.33793     0.00000
   -19.32593     0.00000
   -19.31493     0.00000
   -19.30393     0.00000
   -19.29293     0.00000
   -19.28193     0.00000
   -19.27093     0.00000
   -19.25993     0.00000
   -19.24793     0.00000
   -19.23693     0.00000
   -19.22593     0.00000
   -19.21493     0.00000
   -19.20393     0.00000
   -19.19293     0.00000
   -19.18093     0.00000
   -19.16993     0.00000
   -19.15893     0.00000
   -19.14793     0.00000
   -19.13693     0.00000
   -19.12593     0.00000
   -19.11493     0.00000
   -19.10293     0.00000
   -19.09193     0.00000
   -19.08093     0.00000
   -19.06993     0.00000
   -19.05893     0.00000
   -19.04793     0.00000
   -19.03593     0.00000
   -19.02493     0.00000
   -19.01393     0.00000
   -19.00293     0.00000
   -18.99193     0.00000
   -18.98093     0.00000
   -18.96893     0.00000
   -18.95793     0.00000
   -18.94693     0.00000
   -18.93593     0.00000
   -18.92493     0.00000
   -18.91393     0.00000
   -18.90293     0.00000
   -18.89093     0.00000
   -18.87993     0.00000
   -18.86893     0.00000
   -18.85793     0.00000
   -18.84693     0.00000
   -18.83593     0.00000
   -18.82393     0.00000
   -18.81293     0.00000
   -18.80193     0.00000
   -18.79093     0.00000
   -18.77993     0.00000
   -18.76893     0.00000
   -18.75793     0.00000
   -18.74593     0.00000
   -18.73493     0.00000
   -18.72393     0.00000
   -18.71293     0.00000
   -18.70193     0.00000
   -18.69093     0.00000
   -18.67893     0.00000
   -18.66793     0.00000
   -18.65693     0.00000
   -18.64593     0.00000
   -18.63493     0.00000
   -18.62393     0.00000
   -18.61193     0.00000
   -18.60093     0.00000
   -18.58993     0.00000
   -18.57893     0.00000
   -18.56793     0.00000
   -18.55693     0.00000
   -18.54593     0.00000
   -18.53393     0.00000
   -18.52293     0.00000
   -18.51193     0.00000
   -18.50093     0.00000
   -18.48993     0.00000
   -18.47893     0.00000
   -18.46693     0.00000
   -18.45593     0.00000
   -18.44493     0.00000
   -18.43393     0.00000
   -18.42293     0.00000
   -18.41193     0.00000
   -18.40093     0.00000
   -18.38893     0.00000
   -18.37793     0.00000
   -18.36693     0.00000
   -18.35593     0.00000
   -18.34493     0.00000
   -18.33393     0.00000
   -18.32193     0.00000
   -18.31093     0.00000
   -18.29993     0.00000
   -18.28893     0.00000
   -18.27793     0.00000
   -18.26693     0.00000
   -18.25593     0.00000
   -18.24393     0.00000
   -18.23293     0.00000
   -18.22193     0.00000
   -18.21093     0.00000
   -18.19993     0.00000
   -18.18893     0.00000
   -18.17693     0.00000
   -18.16593     0.00000
   -18.15493     0.00000
   -18.14393     0.00000
   -18.13293     0.00000
   -18.12193     0.00000
   -18.10993     0.00000
   -18.09893     0.00000
   -18.08793     0.00000
   -18.07693     0.00000
   -18.06593     0.00000
   -18.05493     0.00000
   -18.04393     0.00000
   -18.03193     0.00000
   -18.02093     0.00000
   -18.00993     0.00000
   -17.99893     0.00000
   -17.98793     0.00000
   -17.97693     0.00000
   -17.96493     0.00000
   -17.95393     0.00000
   -17.94293     0.00000
   -17.93193     0.00000
   -17.92093     0.00000
   -17.90993     0.00000
   -17.89893     0.00000
   -17.88693     0.00000
   -17.87593     0.00000
   -17.86493     0.00000
   -17.85393     0.00000
   -17.84293     0.00000
   -17.83193     0.00000
   -17.81993     0.00000
   -17.80893     0.00000
   -17.79793     0.00000
   -17.78693     0.00000
   -17.77593     0.00000
   -17.76493     0.00000
   -17.75293     0.00000
   -17.74193     0.00000
   -17.73093     0.00000
   -17.71993     0.00000
   -17.70893     0.00000
   -17.69793     0.00000
   -17.68693     0.00000
   -17.67493     0.00000
   -17.66393     0.00000
   -17.65293     0.00000
   -17.64193     0.00000
   -17.63093     0.00000
   -17.61993     0.00000
   -17.60793     0.00000
   -17.59693     0.00000
   -17.58593     0.00000
   -17.57493     0.00000
   -17.56393     0.00000
   -17.55293     0.00000
   -17.54193     0.00000
   -17.52993     0.00000
   -17.51893     0.00000
   -17.50793     0.00000
   -17.49693     0.00000
   -17.48593     0.00000
   -17.47493     0.00000
   -17.46293     0.00000
   -17.45193     0.00000
   -17.44093     0.00000
   -17.42993     0.00000
   -17.41893     0.00000
   -17.40793     0.00000
   -17.39693     0.00000
   -17.38493     0.00000
   -17.37393     0.00000
   -17.36293     0.00000
   -17.35193     0.00000
   -17.34093     0.00000
   -17.32993     0.00000
   -17.31793     0.00000
   -17.30693     0.00000
   -17.29593     0.00000
   -17.28493     0.00000
   -17.27393     0.00000
   -17.26293     0.00000
   -17.25093     0.00000
   -17.23993     0.00000
   -17.22893     0.00000
   -17.21793     0.00000
   -17.20693     0.00000
   -17.19593     0.00000
   -17.18493     0.00000
   -17.17293     0.00000
   -17.16193     0.00000
   -17.15093     0.00000
   -17.13993     0.00000
   -17.12893     0.00000
   -17.11793     0.00000
   -17.10593     0.00000
   -17.09493     0.00000
   -17.08393     0.00000
   -17.07293     0.00000
   -17.06193     0.00000
   -17.05093     0.00000
   -17.03993     0.00000
   -17.02793     0.00000
   -17.01693     0.00000
   -17.00593     0.00000
   -16.99493     0.00000
   -16.98393     0.00000
   -16.97293     0.00000
   -16.96093     0.00000
   -16.94993     0.00000
   -16.93893     0.00000
   -16.92793     0.00000
   -16.91693     0.00000
   -16.90593     0.00000
   -16.89393     0.00000
   -16.88293     0.00000
   -16.87193     0.00000
   -16.86093     0.00000
   -16.84993     0.00000
   -16.83893     0.00000
   -16.82793     0.00000
   -16.81593     0.00000
   -16.80493     0.00000
   -16.79393     0.00000
   -16.78293     0.00000
   -16.77193     0.00000
   -16.76093     0.00000
   -16.74893     0.00000
   -16.73793     0.00000
   -16.72693     0.00000
   -16.71593     0.00000
   -16.70493     0.00000
   -16.69393     0.00000
   -16.68293     0.00000
   -16.67093     0.00000
   -16.65993     0.00000
   -16.64893     0.00000
   -16.63793     0.00000
   -16.62693     0.00000
   -16.61593     0.00000
   -16.60393     0.00000
   -16.59293     0.00000
   -16.58193     0.00000
   -16.57093     0.00000
   -16.55993     0.00000
   -16.54893     0.00000
   -16.53693     0.00000
   -16.52593     0.00000
   -16.51493     0.00000
   -16.50393     0.00000
   -16.49293     0.00000
   -16.48193     0.00000
   -16.47093     0.00000
   -16.45893     0.00000
   -16.44793     0.00000
   -16.43693     0.00000
   -16.42593     0.00000
   -16.41493     0.00000
   -16.40393     0.00000
   -16.39193     0.00000
   -16.38093     0.00000
   -16.36993     0.00000
   -16.35893     0.00000
   -16.34793     0.00000
   -16.33693     0.00000
   -16.32593     0.00000
   -16.31393     0.00000
   -16.30293     0.00000
   -16.29193     0.00000
   -16.28093     0.00000
   -16.26993     0.00000
   -16.25893     0.00000
   -16.24693     0.00000
   -16.23593     0.00000
   -16.22493     0.00000
   -16.21393     0.00000
   -16.20293     0.00000
   -16.19193     0.00000
   -16.18093     0.00000
   -16.16893     0.00000
   -16.15793     0.00000
   -16.14693     0.00000
   -16.13593     0.00000
   -16.12493     0.00000
   -16.11393     0.00000
   -16.10193     0.00000
   -16.09093     0.00000
   -16.07993     0.00000
   -16.06893     0.00000
   -16.05793     0.00000
   -16.04693     0.00000
   -16.03493     0.00000
   -16.02393     0.00000
   -16.01293     0.00000
   -16.00193     0.00000
   -15.99093     0.00000
   -15.97993     0.00000
   -15.96893     0.00000
   -15.95693     0.00000
   -15.94593     0.00000
   -15.93493     0.00000
   -15.92393     0.00000
   -15.91293     0.00000
   -15.90193     0.00000
   -15.88993     0.00000
   -15.87893     0.00000
   -15.86793     0.00000
   -15.85693     0.00000
   -15.84593     0.00000
   -15.83493     0.00000
   -15.82393     0.00000
   -15.81193     0.00000
   -15.80093     0.00000
   -15.78993     0.00000
   -15.77893     0.00000
   -15.76793     0.00000
   -15.75693     0.00000
   -15.74493     0.00000
   -15.73393     0.00000
   -15.72293     0.00000
   -15.71193     0.00000
   -15.70093     0.00000
   -15.68993     0.00000
   -15.67793     0.00000
   -15.66693     0.00000
   -15.65593     0.00000
   -15.64493     0.00000
   -15.63393     0.00000
   -15.62293     0.00000
   -15.61193     0.00000
   -15.59993     0.00000
   -15.58893     0.00000
   -15.57793     0.00000
   -15.56693     0.00000
   -15.55593     0.00000
   -15.54493     0.00000
   -15.53293     0.00000
   -15.52193     0.00000
   -15.51093     0.00000
   -15.49993     0.00000
   -15.48893     0.00000
   -15.47793     0.00000
   -15.46693     0.00000
   -15.45493     0.00000
   -15.44393     0.00000
   -15.43293     0.00000
   -15.42193     0.00000
   -15.41093     0.00000
   -15.39993     0.00000
   -15.38793     0.00000
   -15.37693     0.00000
   -15.36593     0.00000
   -15.35493     0.00000
   -15.34393     0.00000
   -15.33293     0.00000
   -15.32193     0.00000
   -15.30993     0.00000
   -15.29893     0.00000
   -15.28793     0.00000
   -15.27693     0.00000
   -15.26593     0.00000
   -15.25493     0.00000
   -15.24293     0.00000
   -15.23193     0.00000
   -15.22093     0.00000
   -15.20993     0.00000
   -15.19893     0.00000
   -15.18793     0.00000
   -15.17593     0.00000
   -15.16493     0.00000
   -15.15393     0.00000
   -15.14293     0.00000
   -15.13193     0.00000
   -15.12093     0.00000
   -15.10993     0.00000
   -15.09793     0.00000
   -15.08693     0.00000
   -15.07593     0.00000
   -15.06493     0.00000
   -15.05393     0.00000
   -15.04293     0.00000
   -15.03093     0.00000
   -15.01993     0.00000
   -15.00893     0.00000
   -14.99793     0.00000
   -14.98693     0.00000
   -14.97593     0.00000
   -14.96493     0.00000
   -14.95293     0.00000
   -14.94193     0.00000
   -14.93093     0.00000
   -14.91993     0.00000
   -14.90893     0.00000
   -14.89793     0.00000
   -14.88593     0.00000
   -14.87493     0.00000
   -14.86393     0.00000
   -14.85293     0.00000
   -14.84193     0.00000
   -14.83093     0.00000
   -14.81893     0.00000
   -14.80793     0.00000
   -14.79693     0.00000
   -14.78593     0.00000
   -14.77493     0.00000
   -14.76393     0.00000
   -14.75293     0.00000
   -14.74093     0.00000
   -14.72993     0.00000
   -14.71893     0.00000
   -14.70793     0.00000
   -14.69693     0.00000
   -14.68593     0.00000
   -14.67393     0.00000
   -14.66293     0.00000
   -14.65193     0.00000
   -14.64093     0.00000
   -14.62993     0.00000
   -14.61893     0.00000
   -14.60793     0.00000
   -14.59593     0.00000
   -14.58493     0.00000
   -14.57393     0.00000
   -14.56293     0.00000
   -14.55193     0.00000
   -14.54093     0.00000
   -14.52893     0.00000
   -14.51793     0.00000
   -14.50693     0.00000
   -14.49593     0.00000
   -14.48493     0.00000
   -14.47393     0.00000
   -14.46293     0.00000
   -14.45093     0.00000
   -14.43993     0.00000
   -14.42893     0.00000
   -14.41793     0.00000
   -14.40693     0.00000
   -14.39593     0.00000
   -14.38393     0.00000
   -14.37293     0.00000
   -14.36193     0.00000
   -14.35093     0.00000
   -14.33993     0.00000
   -14.32893     0.00000
   -14.31693     0.00000
   -14.30593     0.00000
   -14.29493     0.00000
   -14.28393     0.00000
   -14.27293     0.00000
   -14.26193     0.00000
   -14.25093     0.00000
   -14.23893     0.00000
   -14.22793     0.00000
   -14.21693     0.00000
   -14.20593     0.00000
   -14.19493     0.00000
   -14.18393     0.00000
   -14.17193     0.00000
   -14.16093     0.00000
   -14.14993     0.00000
   -14.13893     0.00000
   -14.12793     0.00000
   -14.11693     0.00000
   -14.10593     0.00000
   -14.09393     0.00000
   -14.08293     0.00000
   -14.07193     0.00000
   -14.06093     0.00000
   -14.04993     0.00000
   -14.03893     0.00000
   -14.02693     0.00000
   -14.01593     0.00000
   -14.00493     0.00000
   -13.99393     0.00000
   -13.98293     0.00000
   -13.97193     0.00000
   -13.95993     0.00000
   -13.94893     0.00000
   -13.93793     0.00000
   -13.92693     0.00000
   -13.91593     0.00000
   -13.90493     0.00000
   -13.89393     0.00000
   -13.88193     0.00000
   -13.87093     0.00000
   -13.85993     0.00000
   -13.84893     0.00000
   -13.83793     0.00000
   -13.82693     0.00000
   -13.81493     0.00000
   -13.80393     0.00000
   -13.79293     0.00000
   -13.78193     0.00000
   -13.77093     0.00000
   -13.75993     0.00000
   -13.74893     0.00000
   -13.73693     0.00000
   -13.72593     0.00000
   -13.71493     0.00000
   -13.70393     0.00000
   -13.69293     0.00000
   -13.68193     0.00000
   -13.66993     0.00000
   -13.65893     0.00000
   -13.64793     0.00000
   -13.63693     0.00000
   -13.62593     0.00000
   -13.61493     0.00000
   -13.60293     0.00000
   -13.59193     0.00000
   -13.58093     0.00000
   -13.56993     0.00000
   -13.55893     0.00000
   -13.54793     0.00000
   -13.53693     0.00000
   -13.52493     0.00000
   -13.51393     0.00000
   -13.50293     0.00000
   -13.49193     0.00000
   -13.48093     0.00000
   -13.46993     0.00000
   -13.45793     0.00000
   -13.44693     0.00000
   -13.43593     0.00000
   -13.42493     0.00000
   -13.41393     0.00000
   -13.40293     0.00000
   -13.39193     0.00000
   -13.37993     0.00000
   -13.36893     0.00000
   -13.35793     0.00000
   -13.34693     0.00000
   -13.33593     0.00000
   -13.32493     0.00000
   -13.31293     0.00000
   -13.30193     0.00000
   -13.29093     0.00000
   -13.27993     0.00000
   -13.26893     0.00000
   -13.25793     0.00000
   -13.24693     0.00000
   -13.23493     0.00000
   -13.22393     0.00000
   -13.21293     0.00000
   -13.20193     0.00000
   -13.19093     0.00000
   -13.17993     0.00000
   -13.16793     0.00000
   -13.15693     0.00000
   -13.14593     0.00000
   -13.13493     0.00000
   -13.12393     0.00000
   -13.11293     0.00000
   -13.10093     0.00000
   -13.08993     0.00000
   -13.07893     0.00000
   -13.06793     0.00000
   -13.05693     0.00000
   -13.04593     0.00000
   -13.03493     0.00000
   -13.02293     0.00000
   -13.01193     0.00000
   -13.00093     0.00000
   -12.98993     0.00000
   -12.97893     0.00000
   -12.96793     0.00000
   -12.95593     0.00000
   -12.94493     0.00000
   -12.93393     0.00000
   -12.92293     0.00000
   -12.91193     0.00000
   -12.90093     0.00000
   -12.88993     0.00000
   -12.87793     0.00000
   -12.86693     0.00000
   -12.85593     0.00000
   -12.84493     0.00000
   -12.83393     0.00000
   -12.82293     0.00000
   -12.81093     0.00000
   -12.79993     0.00000
   -12.78893     0.00000
   -12.77793     0.00000
   -12.76693     0.00000
   -12.75593     0.00000
   -12.74393     0.00000
   -12.73293     0.00000
   -12.72193     0.00000
   -12.71093     0.00000
   -12.69993     0.00000
   -12.68893     0.00000
   -12.67793     0.00000
   -12.66593     0.00000
   -12.65493     0.00000
   -12.64393     0.00000
   -12.63293     0.00000
   -12.62193     0.00000
   -12.61093     0.00000
   -12.59893     0.00000
   -12.58793     0.00000
   -12.57693     0.00000
   -12.56593     0.00000
   -12.55493     0.00000
   -12.54393     0.00000
   -12.53293     0.00000
   -12.52093     0.00000
   -12.50993     0.00000
   -12.49893     0.00000
   -12.48793     0.00000
   -12.47693     0.00000
   -12.46593     0.00000
   -12.45393     0.00000
   -12.44293     0.00000
   -12.43193     0.00001
   -12.42093     0.00004
   -12.40993     0.00013
   -12.39893     0.00040
   -12.38793     0.00106
   -12.37593     0.00257
   -12.36493     0.00565
   -12.35393     0.01125
   -12.34293     0.02029
   -12.33193     0.03314
   -12.32093     0.04907
   -12.30893     0.06581
   -12.29793     0.07996
   -12.28693     0.08803
   -12.27593     0.08778
   -12.26493     0.07930
   -12.25393     0.06490
   -12.24193     0.04814
   -12.23093     0.03233
   -12.21993     0.01969
   -12.20893     0.01086
   -12.19793     0.00543
   -12.18693     0.00248
   -12.17593     0.00109
   -12.16393     0.00067
   -12.15293     0.00103
   -12.14193     0.00259
   -12.13093     0.00651
   -12.11993     0.01503
   -12.10893     0.03145
   -12.09693     0.05966
   -12.08593     0.10251
   -12.07493     0.15957
   -12.06393     0.22504
   -12.05293     0.28754
   -12.04193     0.33293
   -12.03093     0.34903
   -12.01893     0.33172
   -12.00793     0.28554
   -11.99693     0.22268
   -11.98593     0.15733
   -11.97493     0.10072
   -11.96393     0.05842
   -11.95193     0.03069
   -11.94093     0.01464
   -11.92993     0.00643
   -11.91893     0.00288
   -11.90793     0.00213
   -11.89693     0.00370
   -11.88493     0.00849
   -11.87393     0.01874
   -11.86293     0.03782
   -11.85193     0.06924
   -11.84093     0.11497
   -11.82993     0.17309
   -11.81893     0.23628
   -11.80693     0.29247
   -11.79593     0.32828
   -11.78493     0.33408
   -11.77393     0.30823
   -11.76293     0.25813
   -11.75193     0.19633
   -11.73993     0.13649
   -11.72893     0.08898
   -11.71793     0.05966
   -11.70693     0.05119
   -11.69593     0.06502
   -11.68493     0.10207
   -11.67393     0.16159
   -11.66193     0.23827
   -11.65093     0.32046
   -11.63993     0.39106
   -11.62893     0.43254
   -11.61793     0.43346
   -11.60693     0.39356
   -11.59493     0.32373
   -11.58393     0.24125
   -11.57293     0.16286
   -11.56193     0.09965
   -11.55093     0.05525
   -11.53993     0.02791
   -11.52793     0.01330
   -11.51693     0.00749
   -11.50593     0.00880
   -11.49493     0.01924
   -11.48393     0.04579
   -11.47293     0.10139
   -11.46193     0.20405
   -11.44993     0.37221
   -11.43893     0.61515
   -11.42793     0.92137
   -11.41693     1.24997
   -11.40593     1.53695
   -11.39493     1.71391
   -11.38293     1.73441
   -11.37193     1.59780
   -11.36093     1.34753
   -11.34993     1.05498
   -11.33893     0.78872
   -11.32793     0.59098
   -11.31693     0.46991
   -11.30493     0.40747
   -11.29393     0.37481
   -11.28293     0.34874
   -11.27193     0.32201
   -11.26093     0.30469
   -11.24993     0.31966
   -11.23793     0.39342
   -11.22693     0.54496
   -11.21593     0.77469
   -11.20493     1.05745
   -11.19393     1.34384
   -11.18293     1.57143
   -11.17193     1.68741
   -11.15993     1.66933
   -11.14893     1.53406
   -11.13793     1.33018
   -11.12693     1.11529
   -11.11593     0.93330
   -11.10493     0.80009
   -11.09293     0.70527
   -11.08193     0.62677
   -11.07093     0.54399
   -11.05993     0.44954
   -11.04893     0.34786
   -11.03793     0.25201
   -11.02593     0.17530
   -11.01493     0.12765
   -11.00393     0.11382
   -10.99293     0.13382
   -10.98193     0.18284
   -10.97093     0.25068
   -10.95993     0.32187
   -10.94793     0.37809
   -10.93693     0.40353
   -10.92593     0.39052
   -10.91493     0.34247
   -10.90393     0.27212
   -10.89293     0.19589
   -10.88093     0.12785
   -10.86993     0.07585
   -10.85893     0.04173
   -10.84793     0.02385
   -10.83693     0.02101
   -10.82593     0.03627
   -10.81493     0.08032
   -10.80293     0.17361
   -10.79193     0.34534
   -10.78093     0.62641
   -10.76993     1.03554
   -10.75893     1.55957
   -10.74793     2.14135
   -10.73593     2.68027
   -10.72493     3.06002
   -10.71393     3.18763
   -10.70293     3.03340
   -10.69193     2.64397
   -10.68093     2.12790
   -10.66893     1.61726
   -10.65793     1.22758
   -10.64693     1.03217
   -10.63593     1.05437
   -10.62493     1.27617
   -10.61393     1.65080
   -10.60293     2.11709
   -10.59093     2.61118
   -10.57993     3.07160
   -10.56893     3.43940
   -10.55793     3.65808
   -10.54693     3.67806
   -10.53593     3.47380
   -10.52393     3.06112
   -10.51293     2.49998
   -10.50193     1.88214
   -10.49093     1.30071
   -10.47993     0.82264
   -10.46893     0.47479
   -10.45793     0.24974
   -10.44593     0.11957
   -10.43493     0.05207
   -10.42393     0.02065
   -10.41293     0.00759
   -10.40193     0.00302
   -10.39093     0.00251
   -10.37893     0.00503
   -10.36793     0.01187
   -10.35693     0.02616
   -10.34593     0.05238
   -10.33493     0.09508
   -10.32393     0.15636
   -10.31293     0.23294
   -10.30093     0.31457
   -10.28993     0.38523
   -10.27893     0.42827
   -10.26793     0.43465
   -10.25693     0.40825
   -10.24593     0.37005
   -10.23393     0.35439
   -10.22293     0.40643
   -10.21193     0.57372
   -10.20093     0.89720
   -10.18993     1.39627
   -10.17893     2.05219
   -10.16693     2.79615
   -10.15593     3.51463
   -10.14493     4.07684
   -10.13393     4.37901
   -10.12293     4.38595
   -10.11193     4.14591
   -10.10093     3.76891
   -10.08893     3.37437
   -10.07793     3.04258
   -10.06693     2.79083
   -10.05593     2.58888
   -10.04493     2.39546
   -10.03393     2.18983
   -10.02193     1.97822
   -10.01093     1.77848
    -9.99993     1.60023
    -9.98893     1.43886
    -9.97793     1.28395
    -9.96693     1.12959
    -9.95593     0.97979
    -9.94393     0.84185
    -9.93293     0.71910
    -9.92193     0.60741
    -9.91093     0.50018
    -9.89993     0.39414
    -9.88893     0.29299
    -9.87693     0.20578
    -9.86593     0.14382
    -9.85493     0.11925
    -9.84393     0.14705
    -9.83293     0.24728
    -9.82193     0.44357
    -9.80993     0.75417
    -9.79893     1.17570
    -9.78793     1.67009
    -9.77693     2.16386
    -9.76593     2.56924
    -9.75493     2.82280
    -9.74393     2.91893
    -9.73193     2.91942
    -9.72093     2.92852
    -9.70993     3.04609
    -9.69893     3.32428
    -9.68793     3.74712
    -9.67693     4.24005
    -9.66493     4.69724
    -9.65393     5.01630
    -9.64293     5.12469
    -9.63193     4.99663
    -9.62093     4.65298
    -9.60993     4.15359
    -9.59893     3.57881
    -9.58693     3.01194
    -9.57593     2.52050
    -9.56493     2.14311
    -9.55393     1.88712
    -9.54293     1.73629
    -9.53193     1.66924
    -9.51993     1.67223
    -9.50893     1.73812
    -9.49793     1.85191
    -9.48693     1.97782
    -9.47593     2.05789
    -9.46493     2.03351
    -9.45293     1.87326
    -9.44193     1.59029
    -9.43093     1.23844
    -9.41993     0.88876
    -9.40893     0.60507
    -9.39793     0.43042
    -9.38693     0.38579
    -9.37493     0.47829
    -9.36393     0.70605
    -9.35293     1.05781
    -9.34193     1.51179
    -9.33093     2.03703
    -9.31993     2.60372
    -9.30793     3.18948
    -9.29693     3.77812
    -9.28593     4.34430
    -9.27493     4.83576
    -9.26393     5.16986
    -9.25293     5.25354
    -9.24193     5.02225
    -9.22993     4.47736
    -9.21893     3.69692
    -9.20793     2.81227
    -9.19693     1.96326
    -9.18593     1.25386
    -9.17493     0.73114
    -9.16293     0.38865
    -9.15193     0.18870
    -9.14093     0.08550
    -9.12993     0.04178
    -9.11893     0.03577
    -9.10793     0.06233
    -9.09693     0.13125
    -9.08493     0.26359
    -9.07393     0.48448
    -9.06293     0.81108
    -9.05193     1.23621
    -9.04093     1.71664
    -9.02993     2.17327
    -9.01793     2.51074
    -9.00693     2.64869
    -8.99593     2.55318
    -8.98493     2.25054
    -8.97393     1.81478
    -8.96293     1.33903
    -8.95093     0.90433
    -8.93993     0.55922
    -8.92893     0.31751
    -8.91793     0.16829
    -8.90693     0.09086
    -8.89593     0.06724
    -8.88493     0.08928
    -8.87293     0.15954
    -8.86193     0.28694
    -8.85093     0.47759
    -8.83993     0.72419
    -8.82893     0.99893
    -8.81793     1.25520
    -8.80593     1.44143
    -8.79493     1.52082
    -8.78393     1.48503
    -8.77293     1.35665
    -8.76193     1.17545
    -8.75093     0.98332
    -8.73993     0.81278
    -8.72793     0.68904
    -8.71693     0.63416
    -8.70593     0.66865
    -8.69493     0.80390
    -8.68393     1.02938
    -8.67293     1.30334
    -8.66093     1.55722
    -8.64993     1.71570
    -8.63893     1.72573
    -8.62793     1.57723
    -8.61693     1.30833
    -8.60593     0.98443
    -8.59393     0.67208
    -8.58293     0.41710
    -8.57193     0.23715
    -8.56093     0.12768
    -8.54993     0.07475
    -8.53893     0.06683
    -8.52793     0.10190
    -8.51593     0.18893
    -8.50493     0.34357
    -8.49393     0.57802
    -8.48293     0.88738
    -8.47193     1.23793
    -8.46093     1.56704
    -8.44893     1.79949
    -8.43793     1.87494
    -8.42693     1.77557
    -8.41593     1.53788
    -8.40493     1.23952
    -8.39393     0.97354
    -8.38293     0.81916
    -8.37093     0.82130
    -8.35993     0.98151
    -8.34893     1.25796
    -8.33793     1.57545
    -8.32693     1.84681
    -8.31593     2.00258
    -8.30393     2.01776
    -8.29293     1.92117
    -8.28193     1.78040
    -8.27093     1.66873
    -8.25993     1.63323
    -8.24893     1.68136
    -8.23793     1.78705
    -8.22593     1.90855
    -8.21493     2.00653
    -8.20393     2.05375
    -8.19293     2.03488
    -8.18193     1.94420
    -8.17093     1.78248
    -8.15893     1.55749
    -8.14793     1.28688
    -8.13693     0.99729
    -8.12593     0.71912
    -8.11493     0.47946
    -8.10393     0.29377
    -8.09193     0.16495
    -8.08093     0.08453
    -8.06993     0.03945
    -8.05893     0.01675
    -8.04793     0.00646
    -8.03693     0.00227
    -8.02593     0.00075
    -8.01393     0.00034
    -8.00293     0.00053
    -7.99193     0.00156
    -7.98093     0.00457
    -7.96993     0.01227
    -7.95893     0.02992
    -7.94693     0.06644
    -7.93593     0.13449
    -7.92493     0.24893
    -7.91393     0.42276
    -7.90293     0.66133
    -7.89193     0.95831
    -7.88093     1.29295
    -7.86893     1.63215
    -7.85793     1.93452
    -7.84693     2.15624
    -7.83593     2.25962
    -7.82493     2.22541
    -7.81393     2.06799
    -7.80193     1.84230
    -7.79093     1.63882
    -7.77993     1.56021
    -7.76893     1.68469
    -7.75793     2.03202
    -7.74693     2.54320
    -7.73493     3.09155
    -7.72393     3.52048
    -7.71293     3.70875
    -7.70193     3.61170
    -7.69093     3.27248
    -7.67993     2.79056
    -7.66893     2.27556
    -7.65693     1.80020
    -7.64593     1.39376
    -7.63493     1.05692
    -7.62393     0.78517
    -7.61293     0.58199
    -7.60193     0.46210
    -7.58993     0.44313
    -7.57893     0.54002
    -7.56793     0.75641
    -7.55693     1.08047
    -7.54593     1.47927
    -7.53493     1.90077
    -7.52393     2.28096
    -7.51193     2.56216
    -7.50093     2.71014
    -7.48993     2.72300
    -7.47893     2.62734
    -7.46793     2.45950
    -7.45693     2.24847
    -7.44493     2.01489
    -7.43393     1.77934
    -7.42293     1.57841
    -7.41193     1.46798
    -7.40093     1.50824
    -7.38993     1.73890
    -7.37893     2.15426
    -7.36693     2.69478
    -7.35593     3.25839
    -7.34493     3.72804
    -7.33393     4.00306
    -7.32293     4.02446
    -7.31193     3.78959
    -7.29993     3.35070
    -7.28893     2.80076
    -7.27793     2.24733
    -7.26693     1.78266
    -7.25593     1.45831
    -7.24493     1.27953
    -7.23293     1.21626
    -7.22193     1.23057
    -7.21093     1.29922
    -7.19993     1.41978
    -7.18893     1.59954
    -7.17793     1.83347
    -7.16693     2.08824
    -7.15493     2.30439
    -7.14393     2.41724
    -7.13293     2.38489
    -7.12193     2.20996
    -7.11093     1.94141
    -7.09993     1.65885
    -7.08793     1.44310
    -7.07693     1.34716
    -7.06593     1.37596
    -7.05493     1.48725
    -7.04393     1.60956
    -7.03293     1.67093
    -7.02193     1.62924
    -7.00993     1.48375
    -6.99893     1.26882
    -6.98793     1.03369
    -6.97693     0.82178
    -6.96593     0.66020
    -6.95493     0.56267
    -6.94293     0.53574
    -6.93193     0.58211
    -6.92093     0.69823
    -6.90993     0.87151
    -6.89893     1.08012
    -6.88793     1.30109
    -6.87593     1.51980
    -6.86493     1.73379
    -6.85393     1.94719
    -6.84293     2.15900
    -6.83193     2.35360
    -6.82093     2.50130
    -6.80993     2.56752
    -6.79793     2.52837
    -6.78693     2.38388
    -6.77593     2.16513
    -6.76493     1.92976
    -6.75393     1.74316
    -6.74293     1.65202
    -6.73093     1.66110
    -6.71993     1.72743
    -6.70893     1.77803
    -6.69793     1.74342
    -6.68693     1.59052
    -6.67593     1.33420
    -6.66493     1.02840
    -6.65293     0.74136
    -6.64193     0.53417
    -6.63093     0.45081
    -6.61993     0.51968
    -6.60893     0.75702
    -6.59793     1.16346
    -6.58593     1.71360
    -6.57493     2.34487
    -6.56393     2.95820
    -6.55293     3.43599
    -6.54193     3.67461
    -6.53093     3.62124
    -6.51893     3.29389
    -6.50793     2.77825
    -6.49693     2.20044
    -6.48593     1.68768
    -6.47493     1.33049
    -6.46393     1.16214
    -6.45293     1.15682
    -6.44093     1.24709
    -6.42993     1.35315
    -6.41893     1.41404
    -6.40793     1.40906
    -6.39693     1.36092
    -6.38593     1.31717
    -6.37393     1.32579
    -6.36293     1.41472
    -6.35193     1.59245
    -6.34093     1.86140
    -6.32993     2.23124
    -6.31893     2.71056
    -6.30793     3.28097
    -6.29593     3.86874
    -6.28493     4.34514
    -6.27393     4.56760
    -6.26293     4.44674
    -6.25193     3.99472
    -6.24093     3.32560
    -6.22893     2.60507
    -6.21793     1.98013
    -6.20693     1.52677
    -6.19593     1.24150
    -6.18493     1.06691
    -6.17393     0.93403
    -6.16293     0.79559
    -6.15093     0.63721
    -6.13993     0.47076
    -6.12893     0.31770
    -6.11793     0.19502
    -6.10693     0.10871
    -6.09593     0.05519
    -6.08393     0.02630
    -6.07293     0.01421
    -6.06193     0.01508
    -6.05093     0.03144
    -6.03993     0.07463
    -6.02893     0.16714
    -6.01693     0.34264
    -6.00593     0.64026
    -5.99493     1.09070
    -5.98393     1.69531
    -5.97293     2.40946
    -5.96193     3.14109
    -5.95093     3.77383
    -5.93893     4.20315
    -5.92793     4.37097
    -5.91693     4.27540
    -5.90593     3.95777
    -5.89493     3.47756
    -5.88393     2.89898
    -5.87193     2.28215
    -5.86093     1.68510
    -5.84993     1.15840
    -5.83893     0.73640
    -5.82793     0.43148
    -5.81693     0.23450
    -5.80593     0.12393
    -5.79393     0.07617
    -5.78293     0.07312
    -5.77193     0.10368
    -5.76093     0.16084
    -5.74993     0.23666
    -5.73893     0.31859
    -5.72693     0.38941
    -5.71593     0.43171
    -5.70493     0.43473
    -5.69393     0.40008
    -5.68293     0.34345
    -5.67193     0.29261
    -5.65993     0.28399
    -5.64893     0.35994
    -5.63793     0.56507
    -5.62693     0.93723
    -5.61593     1.48990
    -5.60493     2.18999
    -5.59393     2.94341
    -5.58193     3.60602
    -5.57093     4.02260
    -5.55993     4.08515
    -5.54893     3.77566
    -5.53793     3.17541
    -5.52693     2.42974
    -5.51493     1.69113
    -5.50393     1.07039
    -5.49293     0.61606
    -5.48193     0.32238
    -5.47093     0.15350
    -5.45993     0.06690
    -5.44893     0.02791
    -5.43693     0.01444
    -5.42593     0.01585
    -5.41493     0.02999
    -5.40393     0.06001
    -5.39293     0.11135
    -5.38193     0.18776
    -5.36993     0.28695
    -5.35893     0.39731
    -5.34793     0.49850
    -5.33693     0.56690
    -5.32593     0.58512
    -5.31493     0.55021
    -5.30393     0.47763
    -5.29193     0.39851
    -5.28093     0.35347
    -5.26993     0.38594
    -5.25893     0.53534
    -5.24793     0.82717
    -5.23693     1.25828
    -5.22493     1.78280
    -5.21393     2.31040
    -5.20293     2.72624
    -5.19193     2.93279
    -5.18093     2.89561
    -5.16993     2.66163
    -5.15793     2.34336
    -5.14693     2.06758
    -5.13593     1.91982
    -5.12493     1.91065
    -5.11393     1.97854
    -5.10293     2.02780
    -5.09193     1.97440
    -5.07993     1.78364
    -5.06893     1.47715
    -5.05793     1.11558
    -5.04693     0.76622
    -5.03593     0.47810
    -5.02493     0.27088
    -5.01293     0.13933
    -5.00193     0.06503
    -4.99093     0.02754
    -4.97993     0.01059
    -4.96893     0.00369
    -4.95793     0.00117
    -4.94693     0.00034
    -4.93493     0.00009
    -4.92393     0.00002
    -4.91293     0.00000
    -4.90193     0.00000
    -4.89093     0.00000
    -4.87993     0.00000
    -4.86793     0.00002
    -4.85693     0.00009
    -4.84593     0.00037
    -4.83493     0.00130
    -4.82393     0.00419
    -4.81293     0.01223
    -4.80093     0.03235
    -4.78993     0.07753
    -4.77893     0.16830
    -4.76793     0.33105
    -4.75693     0.58987
    -4.74593     0.95225
    -4.73493     1.39263
    -4.72293     1.84539
    -4.71193     2.21518
    -4.70093     2.40941
    -4.68993     2.37418
    -4.67893     2.11954
    -4.66793     1.71410
    -4.65593     1.25609
    -4.64493     0.83393
    -4.63393     0.50192
    -4.62293     0.27473
    -4.61193     0.13945
    -4.60093     0.07304
    -4.58993     0.05650
    -4.57793     0.08218
    -4.56693     0.15439
    -4.55593     0.28459
    -4.54493     0.48183
    -4.53393     0.74072
    -4.52293     1.03193
    -4.51093     1.30295
    -4.49993     1.49016
    -4.48893     1.54405
    -4.47793     1.45000
    -4.46693     1.23494
    -4.45593     0.95613
    -4.44393     0.67912
    -4.43293     0.45656
    -4.42193     0.31808
    -4.41093     0.27235
    -4.39993     0.31345
    -4.38893     0.42607
    -4.37793     0.58692
    -4.36593     0.76605
    -4.35493     0.93037
    -4.34393     1.05051
    -4.33293     1.10732
    -4.32193     1.09556
    -4.31093     1.02121
    -4.29893     0.89815
    -4.28793     0.74449
    -4.27693     0.58005
    -4.26593     0.42414
    -4.25493     0.29298
    -4.24393     0.19757
    -4.23293     0.14297
    -4.22093     0.12995
    -4.20993     0.15740
    -4.19893     0.22426
    -4.18793     0.32934
    -4.17693     0.46903
    -4.16593     0.63251
    -4.15393     0.79889
    -4.14293     0.93740
    -4.13193     1.01535
    -4.12093     1.01024
    -4.10993     0.91943
    -4.09893     0.76317
    -4.08793     0.57652
    -4.07593     0.39586
    -4.06493     0.24674
    -4.05393     0.13956
    -4.04293     0.07165
    -4.03193     0.03359
    -4.02093     0.01505
    -4.00893     0.00829
    -3.99793     0.00940
    -3.98693     0.01815
    -3.97593     0.03726
    -3.96493     0.07100
    -3.95393     0.12308
    -3.94193     0.19362
    -3.93093     0.27676
    -3.91993     0.36028
    -3.90893     0.42915
    -3.89793     0.47185
    -3.88693     0.48587
    -3.87593     0.47933
    -3.86393     0.46573
    -3.85293     0.45634
    -3.84193     0.45417
    -3.83093     0.45465
    -3.81993     0.45186
    -3.80893     0.44661
    -3.79693     0.45001
    -3.78593     0.47984
    -3.77493     0.55214
    -3.76393     0.67166
    -3.75293     0.82696
    -3.74193     0.99198
    -3.73093     1.13317
    -3.71893     1.21905
    -3.70793     1.22906
    -3.69693     1.15894
    -3.68593     1.02089
    -3.67493     0.83927
    -3.66393     0.64527
    -3.65193     0.46915
    -3.64093     0.33651
    -3.62993     0.26742
    -3.61893     0.27748
    -3.60793     0.37774
    -3.59693     0.57109
    -3.58493     0.84484
    -3.57393     1.16502
    -3.56293     1.47798
    -3.55193     1.72472
    -3.54093     1.86019
    -3.52993     1.87114
    -3.51893     1.77910
    -3.50693     1.62822
    -3.49593     1.46498
    -3.48493     1.32289
    -3.47393     1.21883
    -3.46293     1.15770
    -3.45193     1.14125
    -3.43993     1.17112
    -3.42893     1.24502
    -3.41793     1.35162
    -3.40693     1.46867
    -3.39593     1.56812
    -3.38493     1.62447
    -3.37393     1.62472
    -3.36193     1.57193
    -3.35093     1.48527
    -3.33993     1.39140
    -3.32893     1.31395
    -3.31793     1.26341
    -3.30693     1.23392
    -3.29493     1.20730
    -3.28393     1.16147
    -3.27293     1.08048
    -3.26193     0.95966
    -3.25093     0.80688
    -3.23993     0.63978
    -3.22893     0.48160
    -3.21693     0.35764
    -3.20593     0.29358
    -3.19493     0.31643
    -3.18393     0.45494
    -3.17293     0.73520
    -3.16193     1.16832
    -3.14993     1.73279
    -3.13893     2.36173
    -3.12793     2.94684
    -3.11693     3.36620
    -3.10593     3.52669
    -3.09493     3.40028
    -3.08293     3.03120
    -3.07193     2.51397
    -3.06093     1.95598
    -3.04993     1.44198
    -3.03893     1.02301
    -3.02793     0.72258
    -3.01693     0.55133
    -3.00493     0.51918
    -2.99393     0.63800
    -2.98293     0.91499
    -2.97193     1.33913
    -2.96093     1.86771
    -2.94993     2.42230
    -2.93793     2.90263
    -2.92693     3.21702
    -2.91593     3.31950
    -2.90493     3.23301
    -2.89393     3.04197
    -2.88293     2.85750
    -2.87193     2.77475
    -2.85993     2.84049
    -2.84893     3.04828
    -2.83793     3.35467
    -2.82693     3.70351
    -2.81593     4.03886
    -2.80493     4.31147
    -2.79293     4.47551
    -2.78193     4.48574
    -2.77093     4.30824
    -2.75993     3.93760
    -2.74893     3.40923
    -2.73793     2.80346
    -2.72593     2.22036
    -2.71493     1.75031
    -2.70393     1.44354
    -2.69293     1.29892
    -2.68193     1.27521
    -2.67093     1.31418
    -2.65993     1.36773
    -2.64793     1.41524
    -2.63693     1.46944
    -2.62593     1.56724
    -2.61493     1.74952
    -2.60393     2.03448
    -2.59293     2.39685
    -2.58093     2.76428
    -2.56993     3.03916
    -2.55893     3.13402
    -2.54793     3.00949
    -2.53693     2.68838
    -2.52593     2.24541
    -2.51493     1.77567
    -2.50293     1.35886
    -2.49193     1.04094
    -2.48093     0.83371
    -2.46993     0.72838
    -2.45893     0.71104
    -2.44793     0.77048
    -2.43593     0.89639
    -2.42493     1.07401
    -2.41393     1.28177
    -2.40293     1.49493
    -2.39193     1.69386
    -2.38093     1.86914
    -2.36993     2.01972
    -2.35793     2.14349
    -2.34693     2.23321
    -2.33593     2.27783
    -2.32493     2.27728
    -2.31393     2.24827
    -2.30293     2.22213
    -2.29093     2.22954
    -2.27993     2.28316
    -2.26893     2.37668
    -2.25793     2.49770
    -2.24693     2.64116
    -2.23593     2.81664
    -2.22393     3.03356
    -2.21293     3.28399
    -2.20193     3.53166
    -2.19093     3.71894
    -2.17993     3.79293
    -2.16893     3.73520
    -2.15793     3.57670
    -2.14593     3.39455
    -2.13493     3.28344
    -2.12393     3.31944
    -2.11293     3.53239
    -2.10193     3.89973
    -2.09093     4.35635
    -2.07893     4.81370
    -2.06793     5.17847
    -2.05693     5.36653
    -2.04593     5.31974
    -2.03493     5.02830
    -2.02393     4.54695
    -2.01293     3.99174
    -2.00093     3.50533
    -1.98993     3.20333
    -1.97893     3.12383
    -1.96793     3.21464
    -1.95693     3.35891
    -1.94593     3.43036
    -1.93393     3.34792
    -1.92293     3.10067
    -1.91193     2.74364
    -1.90093     2.36243
    -1.88993     2.03991
    -1.87893     1.82780
    -1.86693     1.73972
    -1.85593     1.75888
    -1.84493     1.85293
    -1.83393     1.98654
    -1.82293     2.12662
    -1.81193     2.24143
    -1.80093     2.30418
    -1.78893     2.29904
    -1.77793     2.22650
    -1.76693     2.10269
    -1.75593     1.95109
    -1.74493     1.78728
    -1.73393     1.61711
    -1.72193     1.43940
    -1.71093     1.25594
    -1.69993     1.07911
    -1.68893     0.93310
    -1.67793     0.84847
    -1.66693     0.85277
    -1.65593     0.95969
    -1.64393     1.16125
    -1.63293     1.42457
    -1.62193     1.69605
    -1.61093     1.91360
    -1.59993     2.02137
    -1.58893     1.98958
    -1.57693     1.82518
    -1.56593     1.57717
    -1.55493     1.32290
    -1.54393     1.14994
    -1.53293     1.13026
    -1.52193     1.29769
    -1.50993     1.63547
    -1.49893     2.07536
    -1.48793     2.51632
    -1.47693     2.85656
    -1.46593     3.02726
    -1.45493     3.01638
    -1.44393     2.86372
    -1.43193     2.64129
    -1.42093     2.42407
    -1.40993     2.26988
    -1.39893     2.21269
    -1.38793     2.26415
    -1.37693     2.41931
    -1.36493     2.65752
    -1.35393     2.95007
    -1.34293     3.26843
    -1.33193     3.58843
    -1.32093     3.89454
    -1.30993     4.17000
    -1.29893     4.39263
    -1.28693     4.52650
    -1.27593     4.52777
    -1.26493     4.36362
    -1.25393     4.03232
    -1.24293     3.57299
    -1.23193     3.05557
    -1.21993     2.54999
    -1.20893     2.10102
    -1.19793     1.71799
    -1.18693     1.38477
    -1.17593     1.08320
    -1.16493     0.80707
    -1.15393     0.56386
    -1.14193     0.36561
    -1.13093     0.21935
    -1.11993     0.12322
    -1.10893     0.06876
    -1.09793     0.04637
    -1.08693     0.04933
    -1.07493     0.07535
    -1.06393     0.12589
    -1.05293     0.20484
    -1.04193     0.31831
    -1.03093     0.47682
    -1.01993     0.69738
    -1.00793     1.00182
    -0.99693     1.40619
    -0.98593     1.90183
    -0.97493     2.43892
    -0.96393     2.92348
    -0.95293     3.24255
    -0.94193     3.30831
    -0.92993     3.09715
    -0.91893     2.66610
    -0.90793     2.13338
    -0.89693     1.63827
    -0.88593     1.29851
    -0.87493     1.18373
    -0.86293     1.30640
    -0.85193     1.62583
    -0.84093     2.06258
    -0.82993     2.51804
    -0.81893     2.90520
    -0.80793     3.16996
    -0.79693     3.30264
    -0.78493     3.32619
    -0.77393     3.27011
    -0.76293     3.15076
    -0.75193     2.97045
    -0.74093     2.72953
    -0.72993     2.44733
    -0.71793     2.16688
    -0.70693     1.94724
    -0.69593     1.84634
    -0.68493     1.90866
    -0.67393     2.16189
    -0.66293     2.61424
    -0.65093     3.24689
    -0.63993     4.00296
    -0.62893     4.78281
    -0.61793     5.45581
    -0.60693     5.88939
    -0.59593     5.98622
    -0.58493     5.71025
    -0.57293     5.09896
    -0.56193     4.25319
    -0.55093     3.31129
    -0.53993     2.41500
    -0.52893     1.67575
    -0.51793     1.15254
    -0.50593     0.84922
    -0.49493     0.72671
    -0.48393     0.72687
    -0.47293     0.79501
    -0.46193     0.89808
    -0.45093     1.03273
    -0.43993     1.22250
    -0.42793     1.50498
    -0.41693     1.91177
    -0.40593     2.44696
    -0.39493     3.07501
    -0.38393     3.72145
    -0.37293     4.29913
    -0.36093     4.74933
    -0.34993     5.07714
    -0.33893     5.36126
    -0.32793     5.71475
    -0.31693     6.21608
    -0.30593     6.84411
    -0.29493     7.46172
    -0.28293     7.86111
    -0.27193     7.85723
    -0.26093     7.37436
    -0.24993     6.48354
    -0.23893     5.36794
    -0.22793     4.24351
    -0.21593     3.27611
    -0.20493     2.53794
    -0.19393     2.01480
    -0.18293     1.65008
    -0.17193     1.39129
    -0.16093     1.21514
    -0.14893     1.12188
    -0.13793     1.11270
    -0.12693     1.17053
    -0.11593     1.25795
    -0.10493     1.33521
    -0.09393     1.38276
    -0.08293     1.41392
    -0.07093     1.46816
    -0.05993     1.58225
    -0.04893     1.76107
    -0.03793     1.96476
    -0.02693     2.12377
    -0.01593     2.17662
    -0.00393     2.10855
     0.00707     1.96876
     0.01807     1.85478
     0.02907     1.87138
     0.04007     2.08806
     0.05107     2.51318
     0.06207     3.09578
     0.07407     3.75005
     0.08507     4.38124
     0.09607     4.89890
     0.10707     5.22048
     0.11807     5.27441
     0.12907     5.01712
     0.14107     4.45971
     0.15207     3.68306
     0.16307     2.82028
     0.17407     2.01694
     0.18507     1.38358
     0.19607     0.96702
     0.20807     0.75085
     0.21907     0.67602
     0.23007     0.66917
     0.24107     0.66674
     0.25207     0.63006
     0.26307     0.54919
     0.27407     0.43663
     0.28607     0.31525
     0.29707     0.20640
     0.30807     0.12246
     0.31907     0.06584
     0.33007     0.03210
     0.34107     0.01427
     0.35307     0.00609
     0.36407     0.00347
     0.37507     0.00488
     0.38607     0.01151
     0.39707     0.02761
     0.40807     0.06082
     0.41907     0.12158
     0.43107     0.22025
     0.44207     0.36147
     0.45307     0.53741
     0.46407     0.72387
     0.47507     0.88346
     0.48607     0.97664
     0.49807     0.97820
     0.50907     0.88784
     0.52007     0.72993
     0.53107     0.54373
     0.54207     0.36715
     0.55307     0.22533
     0.56507     0.12755
     0.57607     0.07215
     0.58707     0.05462
     0.59807     0.07549
     0.60907     0.14473
     0.62007     0.28126
     0.63107     0.50565
     0.64307     0.82664
     0.65407     1.22494
     0.66507     1.64439
     0.67607     2.00039
     0.68707     2.20464
     0.69807     2.20120
     0.71007     1.99134
     0.72107     1.63222
     0.73207     1.21316
     0.74307     0.81953
     0.75407     0.50909
     0.76507     0.30455
     0.77607     0.20414
     0.78807     0.19611
     0.79907     0.26819
     0.81007     0.40778
     0.82107     0.59532
     0.83207     0.79878
     0.84307     0.97395
     0.85507     1.07661
     0.86607     1.07850
     0.87707     0.97889
     0.88807     0.80547
     0.89907     0.60158
     0.91007     0.41043
     0.92107     0.26086
     0.93307     0.16509
     0.94407     0.12152
     0.95507     0.12108
     0.96607     0.15136
     0.97707     0.19823
     0.98807     0.24641
     1.00007     0.28112
     1.01107     0.29161
     1.02207     0.27430
     1.03307     0.23383
     1.04407     0.18063
     1.05507     0.12646
     1.06707     0.08038
     1.07807     0.04675
     1.08907     0.02579
     1.10007     0.01547
     1.11107     0.01338
     1.12207     0.01777
     1.13307     0.02742
     1.14507     0.04108
     1.15607     0.05684
     1.16707     0.07197
     1.17807     0.08384
     1.18907     0.09109
     1.20007     0.09453
     1.21207     0.09702
     1.22307     0.10220
     1.23407     0.11256
     1.24507     0.12842
     1.25607     0.14824
     1.26707     0.17003
     1.27807     0.19255
     1.29007     0.21513
     1.30107     0.23640
     1.31207     0.25274
     1.32307     0.25895
     1.33407     0.25080
     1.34507     0.22814
     1.35707     0.19712
     1.36807     0.16941
     1.37907     0.15983
     1.39007     0.18262
     1.40107     0.24797
     1.41207     0.35844
     1.42407     0.50649
     1.43507     0.67442
     1.44607     0.83791
     1.45707     0.97373
     1.46807     1.06873
     1.47907     1.12607
     1.49007     1.16675
     1.50207     1.22568
     1.51307     1.34157
     1.52407     1.54376
     1.53507     1.83676
     1.54607     2.18957
     1.55707     2.53707
     1.56907     2.79836
     1.58007     2.90823
     1.59107     2.84446
     1.60207     2.63538
     1.61307     2.34345
     1.62407     2.03415
     1.63507     1.74933
     1.64707     1.49906
     1.65807     1.27185
     1.66907     1.05421
     1.68007     0.84564
     1.69107     0.66315
     1.70207     0.53490
     1.71407     0.49110
     1.72507     0.55712
     1.73607     0.74982
     1.74707     1.07298
     1.75807     1.50856
     1.76907     2.00800
     1.78007     2.48846
     1.79207     2.84646
     1.80307     2.99118
     1.81407     2.87933
     1.82507     2.53627
     1.83607     2.04937
     1.84707     1.53142
     1.85907     1.07943
     1.87007     0.74711
     1.88107     0.54111
     1.89207     0.43488
     1.90307     0.39304
     1.91407     0.39048
     1.92607     0.42197
     1.93707     0.50084
     1.94807     0.64971
     1.95907     0.88849
     1.97007     1.22353
     1.98107     1.64167
     1.99207     2.11006
     2.00407     2.58024
     2.01507     2.99855
     2.02607     3.31745
     2.03707     3.51162
     2.04807     3.58665
     2.05907     3.57929
     2.07107     3.54347
     2.08207     3.52810
     2.09307     3.55986
     2.10407     3.63891
     2.11507     3.75459
     2.12607     3.90289
     2.13707     4.09818
     2.14907     4.35757
     2.16007     4.67756
     2.17107     5.01237
     2.18207     5.26909
     2.19307     5.34559
     2.20407     5.16801
     2.21607     4.73153
     2.22707     4.10500
     2.23807     3.40048
     2.24907     2.73031
     2.26007     2.17075
     2.27107     1.74863
     2.28307     1.44888
     2.29407     1.23772
     2.30507     1.08477
     2.31607     0.97359
     2.32707     0.90178
     2.33807     0.87290
     2.34907     0.88734
     2.36107     0.94175
     2.37207     1.03429
     2.38307     1.17182
     2.39407     1.37060
     2.40507     1.64884
     2.41607     2.01251
     2.42807     2.44747
     2.43907     2.91007
     2.45007     3.33511
     2.46107     3.64806
     2.47207     3.78848
     2.48307     3.73287
     2.49407     3.50765
     2.50607     3.17701
     2.51707     2.81242
     2.52807     2.46333
     2.53907     2.14493
     2.55007     1.85319
     2.56107     1.58896
     2.57307     1.37655
     2.58407     1.25959
     2.59507     1.27839
     2.60607     1.44399
     2.61707     1.72218
     2.62807     2.03974
     2.63907     2.30819
     2.65107     2.45809
     2.66207     2.46173
     2.67307     2.34029
     2.68407     2.14999
     2.69507     1.95721
     2.70607     1.81491
     2.71807     1.74913
     2.72907     1.76093
     2.74007     1.84142
     2.75107     1.99118
     2.76207     2.22731
     2.77307     2.57104
     2.78507     3.01605
     2.79607     3.50316
     2.80707     3.91767
     2.81807     4.12842
     2.82907     4.04342
     2.84007     3.65600
     2.85107     3.05030
     2.86307     2.37239
     2.87407     1.77369
     2.88507     1.36866
     2.89607     1.21298
     2.90707     1.30116
     2.91807     1.57830
     2.93007     1.95543
     2.94107     2.32633
     2.95207     2.59039
     2.96307     2.67624
     2.97407     2.56232
     2.98507     2.28656
     2.99607     1.93616
     3.00807     1.62578
     3.01907     1.46577
     3.03007     1.53684
     3.04107     1.87420
     3.05207     2.46454
     3.06307     3.25401
     3.07507     4.16031
     3.08607     5.08138
     3.09707     5.90234
     3.10807     6.49948
     3.11907     6.75946
     3.13007     6.60612
     3.14207     6.03779
     3.15307     5.13544
     3.16407     4.04862
     3.17507     2.94926
     3.18607     1.98111
     3.19707     1.22574
     3.20807     0.69986
     3.22007     0.37281
     3.23107     0.19396
     3.24207     0.11579
     3.25307     0.10631
     3.26407     0.15111
     3.27507     0.24793
     3.28707     0.39683
     3.29807     0.58990
     3.30907     0.80450
     3.32007     1.00465
     3.33107     1.15261
     3.34207     1.22627
     3.35307     1.23397
     3.36507     1.21711
     3.37607     1.23624
     3.38707     1.34789
     3.39807     1.58159
     3.40907     1.92813
     3.42007     2.34448
     3.43207     2.76912
     3.44307     3.14193
     3.45407     3.41919
     3.46507     3.58047
     3.47607     3.62774
     3.48707     3.57664
     3.49907     3.44649
     3.51007     3.25511
     3.52107     3.01424
     3.53207     2.73912
     3.54307     2.45068
     3.55407     2.17758
     3.56507     1.94825
     3.57707     1.78103
     3.58807     1.67765
     3.59907     1.62710
     3.61007     1.61203
     3.62107     1.61685
     3.63207     1.62625
     3.64407     1.62386
     3.65507     1.59177
     3.66607     1.51803
     3.67707     1.40427
     3.68807     1.26678
     3.69907     1.12949
     3.71007     1.01270
     3.72207     0.92791
     3.73307     0.88093
     3.74407     0.88060
     3.75507     0.94597
     3.76607     1.10580
     3.77707     1.38938
     3.78907     1.81112
     3.80007     2.35561
     3.81107     2.97054
     3.82207     3.57547
     3.83307     4.08363
     3.84407     4.43506
     3.85507     4.61556
     3.86707     4.66619
     3.87807     4.65842
     3.88907     4.65549
     3.90007     4.67590
     3.91107     4.67917
     3.92207     4.58535
     3.93407     4.31397
     3.94507     3.83574
     3.95607     3.18795
     3.96707     2.46649
     3.97807     1.78654
     3.98907     1.24543
     4.00107     0.89889
     4.01207     0.75968
     4.02307     0.81094
     4.03407     1.02079
     4.04507     1.35069
     4.05607     1.75606
     4.06707     2.18361
     4.07907     2.57108
     4.09007     2.85377
     4.10107     2.97935
     4.11207     2.92166
     4.12307     2.69224
     4.13407     2.33966
     4.14607     1.94122
     4.15707     1.58234
     4.16807     1.33797
     4.17907     1.25664
     4.19007     1.35450
     4.20107     1.61895
     4.21207     2.01726
     4.22407     2.50516
     4.23507     3.02724
     4.24607     3.51934
     4.25707     3.90781
     4.26807     4.12030
     4.27907     4.10915
     4.29107     3.87158
     4.30207     3.46380
     4.31307     2.99085
     4.32407     2.57950
     4.33507     2.33345
     4.34607     2.29602
     4.35807     2.43413
     4.36907     2.65418
     4.38007     2.84184
     4.39107     2.91355
     4.40207     2.85228
     4.41307     2.71237
     4.42407     2.59290
     4.43607     2.59021
     4.44707     2.75221
     4.45807     3.05343
     4.46907     3.39945
     4.48007     3.65925
     4.49107     3.71675
     4.50307     3.51477
     4.51407     3.07532
     4.52507     2.48675
     4.53607     1.86734
     4.54707     1.32621
     4.55807     0.94148
     4.56907     0.75738
     4.58107     0.79302
     4.59207     1.04743
     4.60307     1.49412
     4.61407     2.06905
     4.62507     2.66650
     4.63607     3.15685
     4.64807     3.42246
     4.65907     3.40036
     4.67007     3.10555
     4.68107     2.62078
     4.69207     2.06296
     4.70307     1.53856
     4.71407     1.11659
     4.72607     0.82184
     4.73707     0.64744
     4.74807     0.57399
     4.75907     0.58538
     4.77007     0.67669
     4.78107     0.85378
     4.79307     1.12432
     4.80407     1.48485
     4.81507     1.90818
     4.82607     2.34122
     4.83707     2.71620
     4.84807     2.97773
     4.86007     3.10331
     4.87107     3.11250
     4.88207     3.05513
     4.89307     2.97686
     4.90407     2.89793
     4.91507     2.80594
     4.92607     2.67698
     4.93807     2.50472
     4.94907     2.31005
     4.96007     2.13371
     4.97107     2.00618
     4.98207     1.92921
     4.99307     1.87899
     5.00507     1.83261
     5.01607     1.79522
     5.02707     1.80918
     5.03807     1.93185
     5.04907     2.19669
     5.06007     2.57979
     5.07107     2.99274
     5.08307     3.31156
     5.09407     3.42803
     5.10507     3.29516
     5.11607     2.94380
     5.12707     2.46627
     5.13807     1.97447
     5.15007     1.55949
     5.16107     1.26953
     5.17207     1.11320
     5.18307     1.07821
     5.19407     1.15161
     5.20507     1.32970
     5.21707     1.61358
     5.22807     1.99422
     5.23907     2.43990
     5.25007     2.89358
     5.26107     3.28733
     5.27207     3.56394
     5.28307     3.69525
     5.29507     3.69004
     5.30607     3.58065
     5.31707     3.40939
     5.32807     3.21126
     5.33907     3.01056
     5.35007     2.82013
     5.36207     2.64751
     5.37307     2.50101
     5.38407     2.39434
     5.39507     2.34765
     5.40607     2.38238
     5.41707     2.51112
     5.42807     2.72276
     5.44007     2.97551
     5.45107     3.19832
     5.46207     3.31230
     5.47307     3.26105
     5.48407     3.03527
     5.49507     2.67699
     5.50707     2.25850
     5.51807     1.85407
     5.52907     1.51339
     5.54007     1.25708
     5.55107     1.08315
     5.56207     0.97888
     5.57407     0.92943
     5.58507     0.92271
     5.59607     0.95352
     5.60707     1.02522
     5.61807     1.14590
     5.62907     1.31856
     5.64007     1.53030
     5.65207     1.74916
     5.66307     1.93210
     5.67407     2.03919
     5.68507     2.04612
     5.69607     1.94802
     5.70707     1.75695
     5.71907     1.49675
     5.73007     1.19935
     5.74107     0.90010
     5.75207     0.63213
     5.76307     0.42084
     5.77407     0.27991
     5.78507     0.21153
     5.79707     0.20898
     5.80807     0.25878
     5.81907     0.34141
     5.83007     0.43209
     5.84107     0.50417
     5.85207     0.53575
     5.86407     0.51652
     5.87507     0.45138
     5.88607     0.35740
     5.89707     0.25641
     5.90807     0.16664
     5.91907     0.09812
     5.93007     0.05234
     5.94207     0.02530
     5.95307     0.01108
     5.96407     0.00439
     5.97507     0.00158
     5.98607     0.00051
     5.99707     0.00015
     6.00907     0.00004
     6.02007     0.00001
     6.03107     0.00000
     6.04207     0.00000
     6.05307     0.00000
     6.06407     0.00000
     6.07607     0.00000
     6.08707     0.00000
     6.09807     0.00000
     6.10907     0.00000
     6.12007     0.00000
     6.13107     0.00000
     6.14207     0.00000
     6.15407     0.00000
     6.16507     0.00000
     6.17607     0.00000
     6.18707     0.00000
     6.19807     0.00000
     6.20907     0.00000
     6.22107     0.00000
     6.23207     0.00000
     6.24307     0.00000
     6.25407     0.00000
     6.26507     0.00000
     6.27607     0.00000
     6.28707     0.00000
     6.29907     0.00000
     6.31007     0.00000
     6.32107     0.00000
     6.33207     0.00000
     6.34307     0.00000
     6.35407     0.00000
     6.36607     0.00000
     6.37707     0.00000
     6.38807     0.00000
     6.39907     0.00000
     6.41007     0.00000
     6.42107     0.00000
     6.43307     0.00000
     6.44407     0.00000
     6.45507     0.00000
     6.46607     0.00000
     6.47707     0.00000
     6.48807     0.00000
     6.49907     0.00000
     6.51107     0.00000
     6.52207     0.00000
     6.53307     0.00000
     6.54407     0.00000
     6.55507     0.00000
     6.56607     0.00000
     6.57807     0.00000
     6.58907     0.00000
     6.60007     0.00000
     6.61107     0.00000
     6.62207     0.00000
     6.63307     0.00000
     6.64407     0.00000
     6.65607     0.00000
     6.66707     0.00000
     6.67807     0.00000
     6.68907     0.00000
     6.70007     0.00000
     6.71107     0.00000
     6.72307     0.00000
     6.73407     0.00000
     6.74507     0.00000
     6.75607     0.00000
     6.76707     0.00000
     6.77807     0.00000
     6.78907     0.00000
     6.80107     0.00000
     6.81207     0.00000
     6.82307     0.00000
     6.83407     0.00000
     6.84507     0.00000
     6.85607     0.00000
     6.86807     0.00000
     6.87907     0.00000
     6.89007     0.00000
     6.90107     0.00000
     6.91207     0.00000
     6.92307     0.00000
     6.93507     0.00000
     6.94607     0.00000
     6.95707     0.00000
     6.96807     0.00000
     6.97907     0.00000
     6.99007     0.00000
     7.00107     0.00000
     7.01307     0.00000
     7.02407     0.00000
     7.03507     0.00000
     7.04607     0.00000
     7.05707     0.00000
     7.06807     0.00000
     7.08007     0.00000
     7.09107     0.00000
     7.10207     0.00000
     7.11307     0.00000
     7.12407     0.00000
     7.13507     0.00000
     7.14607     0.00000
     7.15807     0.00000
     7.16907     0.00000
     7.18007     0.00000
     7.19107     0.00000
     7.20207     0.00000
     7.21307     0.00000
     7.22507     0.00000
     7.23607     0.00000
     7.24707     0.00000
     7.25807     0.00000
     7.26907     0.00000
     7.28007     0.00000
     7.29207     0.00000
     7.30307     0.00000
     7.31407     0.00000
     7.32507     0.00000
     7.33607     0.00000
     7.34707     0.00000
     7.35807     0.00000
     7.37007     0.00000
