     #Energy 1-4&6-7&9-1
   -26.09793     0.00000
   -26.08693     0.00000
   -26.07593     0.00000
   -26.06493     0.00000
   -26.05293     0.00000
   -26.04193     0.00000
   -26.03093     0.00000
   -26.01993     0.00000
   -26.00893     0.00000
   -25.99793     0.00000
   -25.98693     0.00000
   -25.97493     0.00000
   -25.96393     0.00000
   -25.95293     0.00000
   -25.94193     0.00000
   -25.93093     0.00000
   -25.91993     0.00000
   -25.90793     0.00000
   -25.89693     0.00000
   -25.88593     0.00000
   -25.87493     0.00000
   -25.86393     0.00000
   -25.85293     0.00000
   -25.84193     0.00000
   -25.82993     0.00000
   -25.81893     0.00000
   -25.80793     0.00000
   -25.79693     0.00000
   -25.78593     0.00000
   -25.77493     0.00000
   -25.76293     0.00000
   -25.75193     0.00000
   -25.74093     0.00000
   -25.72993     0.00000
   -25.71893     0.00000
   -25.70793     0.00000
   -25.69593     0.00000
   -25.68493     0.00000
   -25.67393     0.00000
   -25.66293     0.00000
   -25.65193     0.00000
   -25.64093     0.00000
   -25.62993     0.00000
   -25.61793     0.00000
   -25.60693     0.00000
   -25.59593     0.00000
   -25.58493     0.00000
   -25.57393     0.00000
   -25.56293     0.00000
   -25.55093     0.00000
   -25.53993     0.00000
   -25.52893     0.00000
   -25.51793     0.00000
   -25.50693     0.00000
   -25.49593     0.00000
   -25.48493     0.00000
   -25.47293     0.00000
   -25.46193     0.00000
   -25.45093     0.00000
   -25.43993     0.00000
   -25.42893     0.00000
   -25.41793     0.00000
   -25.40593     0.00000
   -25.39493     0.00000
   -25.38393     0.00000
   -25.37293     0.00000
   -25.36193     0.00000
   -25.35093     0.00000
   -25.33993     0.00000
   -25.32793     0.00000
   -25.31693     0.00000
   -25.30593     0.00000
   -25.29493     0.00000
   -25.28393     0.00000
   -25.27293     0.00000
   -25.26093     0.00000
   -25.24993     0.00000
   -25.23893     0.00000
   -25.22793     0.00000
   -25.21693     0.00000
   -25.20593     0.00000
   -25.19393     0.00000
   -25.18293     0.00000
   -25.17193     0.00000
   -25.16093     0.00000
   -25.14993     0.00000
   -25.13893     0.00000
   -25.12793     0.00000
   -25.11593     0.00000
   -25.10493     0.00000
   -25.09393     0.00000
   -25.08293     0.00000
   -25.07193     0.00000
   -25.06093     0.00000
   -25.04893     0.00000
   -25.03793     0.00000
   -25.02693     0.00000
   -25.01593     0.00000
   -25.00493     0.00000
   -24.99393     0.00000
   -24.98293     0.00000
   -24.97093     0.00000
   -24.95993     0.00000
   -24.94893     0.00000
   -24.93793     0.00000
   -24.92693     0.00000
   -24.91593     0.00000
   -24.90393     0.00000
   -24.89293     0.00000
   -24.88193     0.00000
   -24.87093     0.00000
   -24.85993     0.00000
   -24.84893     0.00000
   -24.83693     0.00000
   -24.82593     0.00000
   -24.81493     0.00000
   -24.80393     0.00000
   -24.79293     0.00000
   -24.78193     0.00000
   -24.77093     0.00000
   -24.75893     0.00002
   -24.74793     0.00010
   -24.73693     0.00046
   -24.72593     0.00203
   -24.71493     0.00810
   -24.70393     0.02941
   -24.69193     0.09710
   -24.68093     0.29167
   -24.66993     0.79785
   -24.65893     1.98852
   -24.64793     4.52021
   -24.63693     9.38230
   -24.62593    17.80570
   -24.61393    30.95481
   -24.60293    49.39849
   -24.59193    72.56065
   -24.58093    98.42280
   -24.56993   123.77992
   -24.55893   145.05842
   -24.54693   159.50647
   -24.53593   166.10020
   -24.52493   166.21932
   -24.51393   163.15173
   -24.50293   161.21355
   -24.49193   164.34223
   -24.48093   174.87439
   -24.46893   192.74956
   -24.45793   215.68281
   -24.44693   239.88605
   -24.43593   261.38161
   -24.42493   277.08388
   -24.41393   285.65332
   -24.40193   287.76111
   -24.39093   285.63696
   -24.37993   282.50524
   -24.36893   281.54712
   -24.35793   285.04466
   -24.34693   293.81052
   -24.33493   307.16166
   -24.32393   323.00923
   -24.31293   338.60740
   -24.30193   351.26476
   -24.29093   359.07047
   -24.27993   361.69292
   -24.26893   360.21646
   -24.25693   356.88708
   -24.24593   354.06533
   -24.23493   353.33117
   -24.22393   354.81300
   -24.21293   357.22910
   -24.20193   358.54427
   -24.18993   356.75929
   -24.17893   350.64667
   -24.16793   339.76119
   -24.15693   324.21547
   -24.14593   304.30944
   -24.13493   280.20097
   -24.12393   252.23522
   -24.11193   221.02154
   -24.10093   187.79238
   -24.08993   154.08322
   -24.07893   121.62434
   -24.06793    92.07137
   -24.05693    66.70081
   -24.04493    46.25162
   -24.03393    30.85485
   -24.02293    20.00947
   -24.01193    12.83199
   -24.00093     8.29394
   -23.98993     5.51562
   -23.97793     3.92408
   -23.96693     3.33268
   -23.95593     3.94496
   -23.94493     6.34740
   -23.93393    11.46626
   -23.92293    20.43287
   -23.91193    34.28515
   -23.89993    53.50504
   -23.88893    77.51040
   -23.87793   104.30259
   -23.86693   130.52622
   -23.85593   152.09358
   -23.84493   165.24213
   -23.83293   167.74235
   -23.82193   159.42766
   -23.81093   142.41498
   -23.79993   119.98033
   -23.78893    95.63341
   -23.77793    72.26222
   -23.76693    51.74007
   -23.75493    35.00081
   -23.74393    22.25694
   -23.73293    13.22241
   -23.72193     7.29362
   -23.71093     3.71476
   -23.69993     1.73842
   -23.68793     0.74479
   -23.67693     0.29140
   -23.66593     0.10388
   -23.65493     0.03369
   -23.64393     0.00993
   -23.63293     0.00266
   -23.62093     0.00065
   -23.60993     0.00014
   -23.59893     0.00003
   -23.58793     0.00001
   -23.57693     0.00000
   -23.56593     0.00000
   -23.55493     0.00000
   -23.54293     0.00000
   -23.53193     0.00000
   -23.52093     0.00000
   -23.50993     0.00000
   -23.49893     0.00000
   -23.48793     0.00000
   -23.47593     0.00000
   -23.46493     0.00000
   -23.45393     0.00000
   -23.44293     0.00000
   -23.43193     0.00000
   -23.42093     0.00000
   -23.40993     0.00000
   -23.39793     0.00000
   -23.38693     0.00000
   -23.37593     0.00000
   -23.36493     0.00000
   -23.35393     0.00000
   -23.34293     0.00000
   -23.33093     0.00000
   -23.31993     0.00000
   -23.30893     0.00000
   -23.29793     0.00000
   -23.28693     0.00000
   -23.27593     0.00000
   -23.26493     0.00000
   -23.25293     0.00000
   -23.24193     0.00000
   -23.23093     0.00000
   -23.21993     0.00000
   -23.20893     0.00000
   -23.19793     0.00000
   -23.18593     0.00000
   -23.17493     0.00000
   -23.16393     0.00000
   -23.15293     0.00000
   -23.14193     0.00000
   -23.13093     0.00000
   -23.11893     0.00000
   -23.10793     0.00000
   -23.09693     0.00000
   -23.08593     0.00000
   -23.07493     0.00000
   -23.06393     0.00000
   -23.05293     0.00000
   -23.04093     0.00000
   -23.02993     0.00000
   -23.01893     0.00000
   -23.00793     0.00000
   -22.99693     0.00000
   -22.98593     0.00000
   -22.97393     0.00000
   -22.96293     0.00000
   -22.95193     0.00000
   -22.94093     0.00000
   -22.92993     0.00000
   -22.91893     0.00000
   -22.90793     0.00000
   -22.89593     0.00000
   -22.88493     0.00000
   -22.87393     0.00000
   -22.86293     0.00000
   -22.85193     0.00000
   -22.84093     0.00000
   -22.82893     0.00000
   -22.81793     0.00000
   -22.80693     0.00000
   -22.79593     0.00000
   -22.78493     0.00000
   -22.77393     0.00000
   -22.76193     0.00000
   -22.75093     0.00000
   -22.73993     0.00000
   -22.72893     0.00000
   -22.71793     0.00000
   -22.70693     0.00000
   -22.69593     0.00000
   -22.68393     0.00000
   -22.67293     0.00000
   -22.66193     0.00000
   -22.65093     0.00000
   -22.63993     0.00000
   -22.62893     0.00000
   -22.61693     0.00000
   -22.60593     0.00000
   -22.59493     0.00000
   -22.58393     0.00000
   -22.57293     0.00000
   -22.56193     0.00000
   -22.55093     0.00000
   -22.53893     0.00000
   -22.52793     0.00000
   -22.51693     0.00000
   -22.50593     0.00000
   -22.49493     0.00000
   -22.48393     0.00000
   -22.47193     0.00000
   -22.46093     0.00000
   -22.44993     0.00000
   -22.43893     0.00000
   -22.42793     0.00000
   -22.41693     0.00000
   -22.40593     0.00000
   -22.39393     0.00000
   -22.38293     0.00000
   -22.37193     0.00000
   -22.36093     0.00000
   -22.34993     0.00000
   -22.33893     0.00000
   -22.32693     0.00000
   -22.31593     0.00000
   -22.30493     0.00000
   -22.29393     0.00000
   -22.28293     0.00000
   -22.27193     0.00000
   -22.25993     0.00000
   -22.24893     0.00000
   -22.23793     0.00000
   -22.22693     0.00000
   -22.21593     0.00000
   -22.20493     0.00000
   -22.19393     0.00000
   -22.18193     0.00000
   -22.17093     0.00000
   -22.15993     0.00000
   -22.14893     0.00000
   -22.13793     0.00000
   -22.12693     0.00000
   -22.11493     0.00000
   -22.10393     0.00000
   -22.09293     0.00000
   -22.08193     0.00000
   -22.07093     0.00000
   -22.05993     0.00000
   -22.04893     0.00000
   -22.03693     0.00000
   -22.02593     0.00000
   -22.01493     0.00000
   -22.00393     0.00000
   -21.99293     0.00000
   -21.98193     0.00000
   -21.96993     0.00000
   -21.95893     0.00000
   -21.94793     0.00000
   -21.93693     0.00000
   -21.92593     0.00000
   -21.91493     0.00000
   -21.90293     0.00000
   -21.89193     0.00000
   -21.88093     0.00000
   -21.86993     0.00000
   -21.85893     0.00000
   -21.84793     0.00000
   -21.83693     0.00000
   -21.82493     0.00000
   -21.81393     0.00000
   -21.80293     0.00000
   -21.79193     0.00000
   -21.78093     0.00000
   -21.76993     0.00000
   -21.75793     0.00000
   -21.74693     0.00000
   -21.73593     0.00000
   -21.72493     0.00000
   -21.71393     0.00000
   -21.70293     0.00000
   -21.69193     0.00000
   -21.67993     0.00000
   -21.66893     0.00000
   -21.65793     0.00000
   -21.64693     0.00000
   -21.63593     0.00000
   -21.62493     0.00000
   -21.61293     0.00000
   -21.60193     0.00000
   -21.59093     0.00000
   -21.57993     0.00000
   -21.56893     0.00000
   -21.55793     0.00000
   -21.54593     0.00000
   -21.53493     0.00000
   -21.52393     0.00000
   -21.51293     0.00000
   -21.50193     0.00000
   -21.49093     0.00000
   -21.47993     0.00000
   -21.46793     0.00000
   -21.45693     0.00000
   -21.44593     0.00000
   -21.43493     0.00000
   -21.42393     0.00000
   -21.41293     0.00000
   -21.40093     0.00000
   -21.38993     0.00000
   -21.37893     0.00000
   -21.36793     0.00000
   -21.35693     0.00000
   -21.34593     0.00000
   -21.33493     0.00000
   -21.32293     0.00000
   -21.31193     0.00000
   -21.30093     0.00000
   -21.28993     0.00000
   -21.27893     0.00000
   -21.26793     0.00000
   -21.25593     0.00000
   -21.24493     0.00000
   -21.23393     0.00000
   -21.22293     0.00000
   -21.21193     0.00000
   -21.20093     0.00000
   -21.18993     0.00000
   -21.17793     0.00000
   -21.16693     0.00000
   -21.15593     0.00000
   -21.14493     0.00000
   -21.13393     0.00000
   -21.12293     0.00000
   -21.11093     0.00000
   -21.09993     0.00000
   -21.08893     0.00000
   -21.07793     0.00000
   -21.06693     0.00000
   -21.05593     0.00000
   -21.04393     0.00000
   -21.03293     0.00000
   -21.02193     0.00000
   -21.01093     0.00000
   -20.99993     0.00000
   -20.98893     0.00000
   -20.97793     0.00000
   -20.96593     0.00000
   -20.95493     0.00000
   -20.94393     0.00000
   -20.93293     0.00000
   -20.92193     0.00000
   -20.91093     0.00000
   -20.89893     0.00000
   -20.88793     0.00000
   -20.87693     0.00000
   -20.86593     0.00000
   -20.85493     0.00000
   -20.84393     0.00000
   -20.83293     0.00000
   -20.82093     0.00000
   -20.80993     0.00000
   -20.79893     0.00000
   -20.78793     0.00000
   -20.77693     0.00000
   -20.76593     0.00000
   -20.75393     0.00000
   -20.74293     0.00000
   -20.73193     0.00000
   -20.72093     0.00000
   -20.70993     0.00000
   -20.69893     0.00000
   -20.68693     0.00000
   -20.67593     0.00000
   -20.66493     0.00000
   -20.65393     0.00000
   -20.64293     0.00000
   -20.63193     0.00000
   -20.62093     0.00000
   -20.60893     0.00000
   -20.59793     0.00000
   -20.58693     0.00000
   -20.57593     0.00000
   -20.56493     0.00000
   -20.55393     0.00000
   -20.54193     0.00000
   -20.53093     0.00000
   -20.51993     0.00000
   -20.50893     0.00000
   -20.49793     0.00000
   -20.48693     0.00000
   -20.47593     0.00000
   -20.46393     0.00000
   -20.45293     0.00000
   -20.44193     0.00000
   -20.43093     0.00000
   -20.41993     0.00000
   -20.40893     0.00000
   -20.39693     0.00000
   -20.38593     0.00000
   -20.37493     0.00000
   -20.36393     0.00000
   -20.35293     0.00000
   -20.34193     0.00000
   -20.33093     0.00000
   -20.31893     0.00000
   -20.30793     0.00000
   -20.29693     0.00000
   -20.28593     0.00000
   -20.27493     0.00000
   -20.26393     0.00000
   -20.25193     0.00000
   -20.24093     0.00000
   -20.22993     0.00000
   -20.21893     0.00000
   -20.20793     0.00000
   -20.19693     0.00000
   -20.18493     0.00000
   -20.17393     0.00000
   -20.16293     0.00000
   -20.15193     0.00000
   -20.14093     0.00000
   -20.12993     0.00000
   -20.11893     0.00000
   -20.10693     0.00000
   -20.09593     0.00000
   -20.08493     0.00000
   -20.07393     0.00000
   -20.06293     0.00000
   -20.05193     0.00000
   -20.03993     0.00000
   -20.02893     0.00000
   -20.01793     0.00000
   -20.00693     0.00000
   -19.99593     0.00000
   -19.98493     0.00000
   -19.97393     0.00000
   -19.96193     0.00000
   -19.95093     0.00000
   -19.93993     0.00000
   -19.92893     0.00000
   -19.91793     0.00000
   -19.90693     0.00000
   -19.89493     0.00000
   -19.88393     0.00000
   -19.87293     0.00000
   -19.86193     0.00000
   -19.85093     0.00000
   -19.83993     0.00000
   -19.82793     0.00000
   -19.81693     0.00000
   -19.80593     0.00000
   -19.79493     0.00000
   -19.78393     0.00000
   -19.77293     0.00000
   -19.76193     0.00000
   -19.74993     0.00000
   -19.73893     0.00000
   -19.72793     0.00000
   -19.71693     0.00000
   -19.70593     0.00000
   -19.69493     0.00000
   -19.68293     0.00000
   -19.67193     0.00000
   -19.66093     0.00000
   -19.64993     0.00000
   -19.63893     0.00000
   -19.62793     0.00000
   -19.61693     0.00000
   -19.60493     0.00000
   -19.59393     0.00000
   -19.58293     0.00000
   -19.57193     0.00000
   -19.56093     0.00000
   -19.54993     0.00000
   -19.53793     0.00000
   -19.52693     0.00000
   -19.51593     0.00000
   -19.50493     0.00000
   -19.49393     0.00000
   -19.48293     0.00000
   -19.47193     0.00000
   -19.45993     0.00000
   -19.44893     0.00000
   -19.43793     0.00000
   -19.42693     0.00000
   -19.41593     0.00000
   -19.40493     0.00000
   -19.39293     0.00000
   -19.38193     0.00000
   -19.37093     0.00000
   -19.35993     0.00000
   -19.34893     0.00000
   -19.33793     0.00000
   -19.32593     0.00000
   -19.31493     0.00000
   -19.30393     0.00000
   -19.29293     0.00000
   -19.28193     0.00000
   -19.27093     0.00000
   -19.25993     0.00000
   -19.24793     0.00000
   -19.23693     0.00000
   -19.22593     0.00000
   -19.21493     0.00000
   -19.20393     0.00000
   -19.19293     0.00000
   -19.18093     0.00000
   -19.16993     0.00000
   -19.15893     0.00000
   -19.14793     0.00000
   -19.13693     0.00000
   -19.12593     0.00000
   -19.11493     0.00000
   -19.10293     0.00000
   -19.09193     0.00000
   -19.08093     0.00000
   -19.06993     0.00000
   -19.05893     0.00000
   -19.04793     0.00000
   -19.03593     0.00000
   -19.02493     0.00000
   -19.01393     0.00000
   -19.00293     0.00000
   -18.99193     0.00000
   -18.98093     0.00000
   -18.96893     0.00000
   -18.95793     0.00000
   -18.94693     0.00000
   -18.93593     0.00000
   -18.92493     0.00000
   -18.91393     0.00000
   -18.90293     0.00000
   -18.89093     0.00000
   -18.87993     0.00000
   -18.86893     0.00000
   -18.85793     0.00000
   -18.84693     0.00000
   -18.83593     0.00000
   -18.82393     0.00000
   -18.81293     0.00000
   -18.80193     0.00000
   -18.79093     0.00000
   -18.77993     0.00000
   -18.76893     0.00000
   -18.75793     0.00000
   -18.74593     0.00000
   -18.73493     0.00000
   -18.72393     0.00000
   -18.71293     0.00000
   -18.70193     0.00000
   -18.69093     0.00000
   -18.67893     0.00000
   -18.66793     0.00000
   -18.65693     0.00000
   -18.64593     0.00000
   -18.63493     0.00000
   -18.62393     0.00000
   -18.61193     0.00000
   -18.60093     0.00000
   -18.58993     0.00000
   -18.57893     0.00000
   -18.56793     0.00000
   -18.55693     0.00000
   -18.54593     0.00000
   -18.53393     0.00000
   -18.52293     0.00000
   -18.51193     0.00000
   -18.50093     0.00000
   -18.48993     0.00000
   -18.47893     0.00000
   -18.46693     0.00000
   -18.45593     0.00000
   -18.44493     0.00000
   -18.43393     0.00000
   -18.42293     0.00000
   -18.41193     0.00000
   -18.40093     0.00000
   -18.38893     0.00000
   -18.37793     0.00000
   -18.36693     0.00000
   -18.35593     0.00000
   -18.34493     0.00000
   -18.33393     0.00000
   -18.32193     0.00000
   -18.31093     0.00000
   -18.29993     0.00000
   -18.28893     0.00000
   -18.27793     0.00000
   -18.26693     0.00000
   -18.25593     0.00000
   -18.24393     0.00000
   -18.23293     0.00000
   -18.22193     0.00000
   -18.21093     0.00000
   -18.19993     0.00000
   -18.18893     0.00000
   -18.17693     0.00000
   -18.16593     0.00000
   -18.15493     0.00000
   -18.14393     0.00000
   -18.13293     0.00000
   -18.12193     0.00000
   -18.10993     0.00000
   -18.09893     0.00000
   -18.08793     0.00000
   -18.07693     0.00000
   -18.06593     0.00000
   -18.05493     0.00000
   -18.04393     0.00000
   -18.03193     0.00000
   -18.02093     0.00000
   -18.00993     0.00000
   -17.99893     0.00000
   -17.98793     0.00000
   -17.97693     0.00000
   -17.96493     0.00000
   -17.95393     0.00000
   -17.94293     0.00000
   -17.93193     0.00000
   -17.92093     0.00000
   -17.90993     0.00000
   -17.89893     0.00000
   -17.88693     0.00000
   -17.87593     0.00000
   -17.86493     0.00000
   -17.85393     0.00000
   -17.84293     0.00000
   -17.83193     0.00000
   -17.81993     0.00000
   -17.80893     0.00000
   -17.79793     0.00000
   -17.78693     0.00000
   -17.77593     0.00000
   -17.76493     0.00000
   -17.75293     0.00000
   -17.74193     0.00000
   -17.73093     0.00000
   -17.71993     0.00000
   -17.70893     0.00000
   -17.69793     0.00000
   -17.68693     0.00000
   -17.67493     0.00000
   -17.66393     0.00000
   -17.65293     0.00000
   -17.64193     0.00000
   -17.63093     0.00000
   -17.61993     0.00000
   -17.60793     0.00000
   -17.59693     0.00000
   -17.58593     0.00000
   -17.57493     0.00000
   -17.56393     0.00000
   -17.55293     0.00000
   -17.54193     0.00000
   -17.52993     0.00000
   -17.51893     0.00000
   -17.50793     0.00000
   -17.49693     0.00000
   -17.48593     0.00000
   -17.47493     0.00000
   -17.46293     0.00000
   -17.45193     0.00000
   -17.44093     0.00000
   -17.42993     0.00000
   -17.41893     0.00000
   -17.40793     0.00000
   -17.39693     0.00000
   -17.38493     0.00000
   -17.37393     0.00000
   -17.36293     0.00000
   -17.35193     0.00000
   -17.34093     0.00000
   -17.32993     0.00000
   -17.31793     0.00000
   -17.30693     0.00000
   -17.29593     0.00000
   -17.28493     0.00000
   -17.27393     0.00000
   -17.26293     0.00000
   -17.25093     0.00000
   -17.23993     0.00000
   -17.22893     0.00000
   -17.21793     0.00000
   -17.20693     0.00000
   -17.19593     0.00000
   -17.18493     0.00000
   -17.17293     0.00000
   -17.16193     0.00000
   -17.15093     0.00000
   -17.13993     0.00000
   -17.12893     0.00000
   -17.11793     0.00000
   -17.10593     0.00000
   -17.09493     0.00000
   -17.08393     0.00000
   -17.07293     0.00000
   -17.06193     0.00000
   -17.05093     0.00000
   -17.03993     0.00000
   -17.02793     0.00000
   -17.01693     0.00000
   -17.00593     0.00000
   -16.99493     0.00000
   -16.98393     0.00000
   -16.97293     0.00000
   -16.96093     0.00000
   -16.94993     0.00000
   -16.93893     0.00000
   -16.92793     0.00000
   -16.91693     0.00000
   -16.90593     0.00000
   -16.89393     0.00000
   -16.88293     0.00000
   -16.87193     0.00000
   -16.86093     0.00000
   -16.84993     0.00000
   -16.83893     0.00000
   -16.82793     0.00000
   -16.81593     0.00000
   -16.80493     0.00000
   -16.79393     0.00000
   -16.78293     0.00000
   -16.77193     0.00000
   -16.76093     0.00000
   -16.74893     0.00000
   -16.73793     0.00000
   -16.72693     0.00000
   -16.71593     0.00000
   -16.70493     0.00000
   -16.69393     0.00000
   -16.68293     0.00000
   -16.67093     0.00000
   -16.65993     0.00000
   -16.64893     0.00000
   -16.63793     0.00000
   -16.62693     0.00000
   -16.61593     0.00000
   -16.60393     0.00000
   -16.59293     0.00000
   -16.58193     0.00000
   -16.57093     0.00000
   -16.55993     0.00000
   -16.54893     0.00000
   -16.53693     0.00000
   -16.52593     0.00000
   -16.51493     0.00000
   -16.50393     0.00000
   -16.49293     0.00000
   -16.48193     0.00000
   -16.47093     0.00000
   -16.45893     0.00000
   -16.44793     0.00000
   -16.43693     0.00000
   -16.42593     0.00000
   -16.41493     0.00000
   -16.40393     0.00000
   -16.39193     0.00000
   -16.38093     0.00000
   -16.36993     0.00000
   -16.35893     0.00000
   -16.34793     0.00000
   -16.33693     0.00000
   -16.32593     0.00000
   -16.31393     0.00000
   -16.30293     0.00000
   -16.29193     0.00000
   -16.28093     0.00000
   -16.26993     0.00000
   -16.25893     0.00000
   -16.24693     0.00000
   -16.23593     0.00000
   -16.22493     0.00000
   -16.21393     0.00000
   -16.20293     0.00000
   -16.19193     0.00000
   -16.18093     0.00000
   -16.16893     0.00000
   -16.15793     0.00000
   -16.14693     0.00000
   -16.13593     0.00000
   -16.12493     0.00000
   -16.11393     0.00000
   -16.10193     0.00000
   -16.09093     0.00000
   -16.07993     0.00000
   -16.06893     0.00000
   -16.05793     0.00000
   -16.04693     0.00000
   -16.03493     0.00000
   -16.02393     0.00000
   -16.01293     0.00000
   -16.00193     0.00000
   -15.99093     0.00000
   -15.97993     0.00000
   -15.96893     0.00000
   -15.95693     0.00000
   -15.94593     0.00000
   -15.93493     0.00000
   -15.92393     0.00000
   -15.91293     0.00000
   -15.90193     0.00000
   -15.88993     0.00000
   -15.87893     0.00000
   -15.86793     0.00000
   -15.85693     0.00000
   -15.84593     0.00000
   -15.83493     0.00000
   -15.82393     0.00000
   -15.81193     0.00000
   -15.80093     0.00000
   -15.78993     0.00000
   -15.77893     0.00000
   -15.76793     0.00000
   -15.75693     0.00000
   -15.74493     0.00000
   -15.73393     0.00000
   -15.72293     0.00000
   -15.71193     0.00000
   -15.70093     0.00000
   -15.68993     0.00000
   -15.67793     0.00000
   -15.66693     0.00000
   -15.65593     0.00000
   -15.64493     0.00000
   -15.63393     0.00000
   -15.62293     0.00000
   -15.61193     0.00000
   -15.59993     0.00000
   -15.58893     0.00000
   -15.57793     0.00000
   -15.56693     0.00000
   -15.55593     0.00000
   -15.54493     0.00000
   -15.53293     0.00000
   -15.52193     0.00000
   -15.51093     0.00000
   -15.49993     0.00000
   -15.48893     0.00000
   -15.47793     0.00000
   -15.46693     0.00000
   -15.45493     0.00000
   -15.44393     0.00000
   -15.43293     0.00000
   -15.42193     0.00000
   -15.41093     0.00000
   -15.39993     0.00000
   -15.38793     0.00000
   -15.37693     0.00000
   -15.36593     0.00000
   -15.35493     0.00000
   -15.34393     0.00000
   -15.33293     0.00000
   -15.32193     0.00000
   -15.30993     0.00000
   -15.29893     0.00000
   -15.28793     0.00000
   -15.27693     0.00000
   -15.26593     0.00000
   -15.25493     0.00000
   -15.24293     0.00000
   -15.23193     0.00000
   -15.22093     0.00000
   -15.20993     0.00000
   -15.19893     0.00000
   -15.18793     0.00000
   -15.17593     0.00000
   -15.16493     0.00000
   -15.15393     0.00000
   -15.14293     0.00000
   -15.13193     0.00000
   -15.12093     0.00000
   -15.10993     0.00000
   -15.09793     0.00000
   -15.08693     0.00000
   -15.07593     0.00000
   -15.06493     0.00000
   -15.05393     0.00000
   -15.04293     0.00000
   -15.03093     0.00000
   -15.01993     0.00000
   -15.00893     0.00000
   -14.99793     0.00000
   -14.98693     0.00000
   -14.97593     0.00000
   -14.96493     0.00000
   -14.95293     0.00000
   -14.94193     0.00000
   -14.93093     0.00000
   -14.91993     0.00000
   -14.90893     0.00000
   -14.89793     0.00000
   -14.88593     0.00000
   -14.87493     0.00000
   -14.86393     0.00000
   -14.85293     0.00000
   -14.84193     0.00000
   -14.83093     0.00000
   -14.81893     0.00000
   -14.80793     0.00000
   -14.79693     0.00000
   -14.78593     0.00000
   -14.77493     0.00000
   -14.76393     0.00000
   -14.75293     0.00000
   -14.74093     0.00000
   -14.72993     0.00000
   -14.71893     0.00000
   -14.70793     0.00000
   -14.69693     0.00000
   -14.68593     0.00000
   -14.67393     0.00000
   -14.66293     0.00000
   -14.65193     0.00000
   -14.64093     0.00000
   -14.62993     0.00000
   -14.61893     0.00000
   -14.60793     0.00000
   -14.59593     0.00000
   -14.58493     0.00000
   -14.57393     0.00000
   -14.56293     0.00000
   -14.55193     0.00000
   -14.54093     0.00000
   -14.52893     0.00000
   -14.51793     0.00000
   -14.50693     0.00000
   -14.49593     0.00000
   -14.48493     0.00000
   -14.47393     0.00000
   -14.46293     0.00000
   -14.45093     0.00000
   -14.43993     0.00000
   -14.42893     0.00000
   -14.41793     0.00000
   -14.40693     0.00000
   -14.39593     0.00000
   -14.38393     0.00000
   -14.37293     0.00000
   -14.36193     0.00000
   -14.35093     0.00000
   -14.33993     0.00000
   -14.32893     0.00000
   -14.31693     0.00000
   -14.30593     0.00000
   -14.29493     0.00000
   -14.28393     0.00000
   -14.27293     0.00000
   -14.26193     0.00000
   -14.25093     0.00000
   -14.23893     0.00000
   -14.22793     0.00000
   -14.21693     0.00000
   -14.20593     0.00000
   -14.19493     0.00000
   -14.18393     0.00000
   -14.17193     0.00000
   -14.16093     0.00000
   -14.14993     0.00000
   -14.13893     0.00000
   -14.12793     0.00000
   -14.11693     0.00000
   -14.10593     0.00000
   -14.09393     0.00000
   -14.08293     0.00000
   -14.07193     0.00000
   -14.06093     0.00000
   -14.04993     0.00000
   -14.03893     0.00000
   -14.02693     0.00000
   -14.01593     0.00000
   -14.00493     0.00000
   -13.99393     0.00000
   -13.98293     0.00000
   -13.97193     0.00000
   -13.95993     0.00000
   -13.94893     0.00000
   -13.93793     0.00000
   -13.92693     0.00000
   -13.91593     0.00000
   -13.90493     0.00000
   -13.89393     0.00000
   -13.88193     0.00000
   -13.87093     0.00000
   -13.85993     0.00000
   -13.84893     0.00000
   -13.83793     0.00000
   -13.82693     0.00000
   -13.81493     0.00000
   -13.80393     0.00000
   -13.79293     0.00000
   -13.78193     0.00000
   -13.77093     0.00000
   -13.75993     0.00000
   -13.74893     0.00000
   -13.73693     0.00000
   -13.72593     0.00000
   -13.71493     0.00000
   -13.70393     0.00000
   -13.69293     0.00000
   -13.68193     0.00000
   -13.66993     0.00000
   -13.65893     0.00000
   -13.64793     0.00000
   -13.63693     0.00000
   -13.62593     0.00000
   -13.61493     0.00000
   -13.60293     0.00000
   -13.59193     0.00000
   -13.58093     0.00000
   -13.56993     0.00000
   -13.55893     0.00000
   -13.54793     0.00000
   -13.53693     0.00000
   -13.52493     0.00000
   -13.51393     0.00000
   -13.50293     0.00000
   -13.49193     0.00000
   -13.48093     0.00000
   -13.46993     0.00000
   -13.45793     0.00000
   -13.44693     0.00000
   -13.43593     0.00000
   -13.42493     0.00000
   -13.41393     0.00000
   -13.40293     0.00000
   -13.39193     0.00000
   -13.37993     0.00000
   -13.36893     0.00000
   -13.35793     0.00000
   -13.34693     0.00000
   -13.33593     0.00000
   -13.32493     0.00000
   -13.31293     0.00000
   -13.30193     0.00000
   -13.29093     0.00000
   -13.27993     0.00000
   -13.26893     0.00000
   -13.25793     0.00000
   -13.24693     0.00000
   -13.23493     0.00000
   -13.22393     0.00000
   -13.21293     0.00000
   -13.20193     0.00000
   -13.19093     0.00000
   -13.17993     0.00000
   -13.16793     0.00000
   -13.15693     0.00000
   -13.14593     0.00000
   -13.13493     0.00000
   -13.12393     0.00000
   -13.11293     0.00000
   -13.10093     0.00000
   -13.08993     0.00000
   -13.07893     0.00000
   -13.06793     0.00000
   -13.05693     0.00000
   -13.04593     0.00000
   -13.03493     0.00000
   -13.02293     0.00000
   -13.01193     0.00000
   -13.00093     0.00000
   -12.98993     0.00000
   -12.97893     0.00000
   -12.96793     0.00000
   -12.95593     0.00000
   -12.94493     0.00000
   -12.93393     0.00000
   -12.92293     0.00000
   -12.91193     0.00000
   -12.90093     0.00000
   -12.88993     0.00000
   -12.87793     0.00000
   -12.86693     0.00000
   -12.85593     0.00000
   -12.84493     0.00000
   -12.83393     0.00000
   -12.82293     0.00000
   -12.81093     0.00000
   -12.79993     0.00000
   -12.78893     0.00000
   -12.77793     0.00000
   -12.76693     0.00000
   -12.75593     0.00000
   -12.74393     0.00000
   -12.73293     0.00000
   -12.72193     0.00000
   -12.71093     0.00000
   -12.69993     0.00000
   -12.68893     0.00000
   -12.67793     0.00000
   -12.66593     0.00000
   -12.65493     0.00000
   -12.64393     0.00000
   -12.63293     0.00000
   -12.62193     0.00000
   -12.61093     0.00000
   -12.59893     0.00000
   -12.58793     0.00000
   -12.57693     0.00000
   -12.56593     0.00000
   -12.55493     0.00000
   -12.54393     0.00000
   -12.53293     0.00000
   -12.52093     0.00000
   -12.50993     0.00000
   -12.49893     0.00000
   -12.48793     0.00000
   -12.47693     0.00000
   -12.46593     0.00000
   -12.45393     0.00001
   -12.44293     0.00003
   -12.43193     0.00011
   -12.42093     0.00040
   -12.40993     0.00131
   -12.39893     0.00388
   -12.38793     0.01038
   -12.37593     0.02518
   -12.36493     0.05533
   -12.35393     0.11014
   -12.34293     0.19865
   -12.33193     0.32455
   -12.32093     0.48042
   -12.30893     0.64424
   -12.29793     0.78276
   -12.28693     0.86166
   -12.27593     0.85925
   -12.26493     0.77633
   -12.25393     0.63543
   -12.24193     0.47121
   -12.23093     0.31655
   -12.21993     0.19271
   -12.20893     0.10628
   -12.19793     0.05314
   -12.18693     0.02425
   -12.17593     0.01070
   -12.16393     0.00659
   -12.15293     0.01033
   -12.14193     0.02599
   -12.13093     0.06544
   -12.11993     0.15101
   -12.10893     0.31608
   -12.09693     0.59954
   -12.08593     1.03018
   -12.07493     1.60362
   -12.06393     2.26174
   -12.05293     2.88988
   -12.04193     3.34554
   -12.03093     3.50844
   -12.01893     3.33376
   -12.00793     2.86979
   -11.99693     2.23819
   -11.98593     1.58135
   -11.97493     1.01221
   -11.96393     0.58706
   -11.95193     0.30851
   -11.94093     0.14717
   -11.92993     0.06465
   -11.91893     0.02918
   -11.90793     0.02203
   -11.89693     0.03878
   -11.88493     0.08916
   -11.87393     0.19694
   -11.86293     0.39726
   -11.85193     0.72719
   -11.84093     1.20711
   -11.82993     1.81693
   -11.81893     2.47947
   -11.80693     3.06828
   -11.79593     3.44306
   -11.78493     3.50297
   -11.77393     3.23209
   -11.76293     2.70389
   -11.75193     2.05199
   -11.73993     1.41397
   -11.72893     0.88928
   -11.71793     0.52082
   -11.70693     0.30672
   -11.69593     0.22200
   -11.68493     0.23743
   -11.67393     0.32693
   -11.66193     0.46451
   -11.65093     0.61918
   -11.63993     0.75400
   -11.62893     0.83357
   -11.61793     0.83527
   -11.60693     0.75832
   -11.59493     0.62377
   -11.58393     0.46485
   -11.57293     0.31383
   -11.56193     0.19202
   -11.55093     0.10646
   -11.53993     0.05378
   -11.52793     0.02565
   -11.51693     0.01451
   -11.50593     0.01719
   -11.49493     0.03770
   -11.48393     0.08977
   -11.47293     0.19877
   -11.46193     0.40007
   -11.44993     0.72986
   -11.43893     1.20653
   -11.42793     1.80770
   -11.41693     2.45543
   -11.40593     3.02768
   -11.39493     3.39821
   -11.38293     3.49216
   -11.37193     3.33223
   -11.36093     3.03604
   -11.34993     2.77326
   -11.33893     2.68885
   -11.32793     2.83576
   -11.31693     3.15187
   -11.30493     3.48682
   -11.29393     3.66929
   -11.28293     3.58695
   -11.27193     3.23424
   -11.26093     2.71417
   -11.24993     2.19153
   -11.23793     1.82851
   -11.22693     1.73212
   -11.21593     1.92468
   -11.20493     2.34567
   -11.19393     2.87816
   -11.18293     3.39382
   -11.17193     3.80818
   -11.15993     4.11868
   -11.14893     4.40605
   -11.13793     4.78703
   -11.12693     5.33718
   -11.11593     6.02230
   -11.10493     6.68571
   -11.09293     7.10332
   -11.08193     7.08207
   -11.07093     6.54579
   -11.05993     5.57253
   -11.04893     4.35438
   -11.03793     3.12098
   -11.02593     2.06015
   -11.01493     1.27434
   -11.00393     0.78123
   -10.99293     0.54089
   -10.98193     0.48724
   -10.97093     0.54872
   -10.95993     0.65804
   -10.94793     0.75707
   -10.93693     0.80307
   -10.92593     0.77580
   -10.91493     0.67998
   -10.90393     0.54022
   -10.89293     0.38888
   -10.88093     0.25380
   -10.86993     0.15058
   -10.85893     0.08286
   -10.84793     0.04740
   -10.83693     0.04189
   -10.82593     0.07258
   -10.81493     0.16109
   -10.80293     0.34891
   -10.79193     0.69550
   -10.78093     1.26460
   -10.76993     2.09580
   -10.75893     3.16531
   -10.74793     4.36065
   -10.73593     5.48099
   -10.72493     6.29373
   -10.71393     6.61461
   -10.70293     6.38842
   -10.69193     5.71793
   -10.68093     4.82983
   -10.66893     3.99216
   -10.65793     3.43035
   -10.64693     3.27792
   -10.63593     3.56755
   -10.62493     4.25419
   -10.61393     5.24410
   -10.60293     6.41950
   -10.59093     7.65437
   -10.57993     8.81912
   -10.56893     9.77687
   -10.55793    10.38241
   -10.54693    10.49652
   -10.53593    10.02857
   -10.52393     8.98642
   -10.51293     7.49911
   -10.50193     5.79390
   -10.49093     4.12581
   -10.47993     2.69860
   -10.46893     1.61696
   -10.45793     0.88618
   -10.44593     0.44363
   -10.43493     0.20269
   -10.42393     0.08456
   -10.41293     0.03248
   -10.40193     0.01241
   -10.39093     0.00739
   -10.37893     0.01148
   -10.36793     0.02583
   -10.35693     0.05661
   -10.34593     0.11329
   -10.33493     0.20565
   -10.32393     0.33821
   -10.31293     0.50399
   -10.30093     0.68050
   -10.28993     0.83331
   -10.27893     0.92658
   -10.26793     0.94062
   -10.25693     0.88509
   -10.24593     0.80650
   -10.23393     0.78363
   -10.22293     0.92174
   -10.21193     1.33870
   -10.20093     2.14586
   -10.18993     3.41523
   -10.17893     5.13733
   -10.16693     7.18191
   -10.15593     9.29247
   -10.14493    11.13051
   -10.13393    12.37803
   -10.12293    12.84570
   -10.11193    12.54723
   -10.10093    11.70042
   -10.08893    10.63078
   -10.07793     9.64037
   -10.06693     8.90769
   -10.05593     8.45801
   -10.04493     8.20955
   -10.03393     8.04400
   -10.02193     7.85843
   -10.01093     7.57676
    -9.99993     7.14833
    -9.98893     6.54985
    -9.97793     5.79712
    -9.96693     4.94676
    -9.95593     4.08032
    -9.94393     3.27066
    -9.93293     2.56217
    -9.92193     1.96308
    -9.91093     1.46409
    -9.89993     1.05200
    -9.88893     0.72117
    -9.87693     0.47209
    -9.86593     0.30951
    -9.85493     0.24202
    -9.84393     0.28776
    -9.83293     0.47896
    -9.82193     0.85795
    -9.80993     1.45847
    -9.79893     2.27394
    -9.78793     3.23220
    -9.77693     4.19480
    -9.76593     4.99881
    -9.75493     5.53297
    -9.74393     5.79988
    -9.73193     5.93044
    -9.72093     6.12614
    -9.70993     6.55829
    -9.69893     7.28114
    -9.68793     8.19892
    -9.67693     9.10482
    -9.66493     9.76426
    -9.65393    10.00534
    -9.64293     9.77807
    -9.63193     9.16952
    -9.62093     8.36590
    -9.60993     7.58500
    -9.59893     6.99568
    -9.58693     6.66117
    -9.57593     6.52129
    -9.56493     6.42412
    -9.55393     6.20921
    -9.54293     5.77257
    -9.53193     5.11996
    -9.51993     4.36218
    -9.50893     3.64262
    -9.49793     3.07302
    -9.48693     2.68330
    -9.47593     2.42152
    -9.46493     2.19728
    -9.45293     1.93437
    -9.44193     1.60705
    -9.43093     1.24313
    -9.41993     0.90143
    -9.40893     0.64546
    -9.39793     0.52808
    -9.38693     0.58767
    -9.37493     0.85167
    -9.36393     1.33310
    -9.35293     2.01987
    -9.34193     2.86675
    -9.33093     3.79612
    -9.31993     4.71637
    -9.30793     5.54465
    -9.29693     6.21796
    -9.28593     6.68654
    -9.27493     6.90349
    -9.26393     6.82485
    -9.25293     6.42386
    -9.24193     5.71735
    -9.22993     4.77912
    -9.21893     3.72973
    -9.20793     2.70365
    -9.19693     1.81251
    -9.18593     1.11940
    -9.17493     0.63521
    -9.16293     0.33033
    -9.15193     0.15750
    -9.14093     0.06999
    -9.12993     0.03281
    -9.11893     0.02593
    -9.10793     0.04377
    -9.09693     0.09336
    -9.08493     0.19203
    -9.07393     0.36328
    -9.06293     0.62894
    -9.05193     0.99636
    -9.04093     1.44709
    -9.02993     1.93025
    -9.01793     2.37157
    -9.00693     2.69409
    -8.99593     2.84425
    -8.98493     2.80947
    -8.97393     2.61746
    -8.96293     2.31844
    -8.95093     1.96472
    -8.93993     1.59709
    -8.92893     1.24372
    -8.91793     0.92705
    -8.90693     0.66947
    -8.89593     0.49756
    -8.88493     0.44187
    -8.87293     0.53469
    -8.86193     0.80470
    -8.85093     1.26198
    -8.83993     1.87771
    -8.82893     2.56966
    -8.81793     3.20892
    -8.80593     3.65481
    -8.79493     3.80751
    -8.78393     3.64714
    -8.77293     3.23811
    -8.76193     2.69669
    -8.75093     2.14236
    -8.73993     1.66573
    -8.72793     1.32228
    -8.71693     1.14557
    -8.70593     1.15816
    -8.69493     1.36775
    -8.68393     1.75154
    -8.67293     2.24309
    -8.66093     2.74056
    -8.64993     3.13692
    -8.63893     3.36148
    -8.62793     3.40391
    -8.61693     3.30837
    -8.60593     3.13767
    -8.59393     2.93689
    -8.58293     2.72084
    -8.57193     2.48768
    -8.56093     2.24237
    -8.54993     2.01007
    -8.53893     1.82785
    -8.52793     1.73291
    -8.51593     1.75337
    -8.50493     1.90978
    -8.49393     2.21682
    -8.48293     2.66859
    -8.47193     3.21444
    -8.46093     3.74724
    -8.44893     4.12179
    -8.43793     4.20886
    -8.42693     3.95610
    -8.41593     3.41958
    -8.40493     2.74825
    -8.39393     2.12924
    -8.38293     1.72595
    -8.37093     1.63276
    -8.35993     1.85507
    -8.34893     2.31153
    -8.33793     2.85619
    -8.32693     3.31851
    -8.31593     3.56080
    -8.30393     3.52517
    -8.29293     3.25476
    -8.28193     2.86678
    -8.27093     2.49741
    -8.25993     2.24522
    -8.24893     2.14282
    -8.23793     2.16225
    -8.22593     2.24291
    -8.21493     2.32104
    -8.20393     2.34888
    -8.19293     2.29999
    -8.18193     2.16683
    -8.17093     1.95492
    -8.15893     1.68019
    -8.14793     1.36688
    -8.13693     1.04498
    -8.12593     0.74516
    -8.11493     0.49248
    -8.10393     0.29977
    -8.09193     0.16749
    -8.08093     0.08553
    -8.06993     0.03982
    -8.05893     0.01687
    -8.04793     0.00650
    -8.03693     0.00228
    -8.02593     0.00075
    -8.01393     0.00033
    -8.00293     0.00050
    -7.99193     0.00148
    -7.98093     0.00435
    -7.96993     0.01176
    -7.95893     0.02898
    -7.94693     0.06528
    -7.93593     0.13483
    -7.92493     0.25645
    -7.91393     0.45151
    -7.90293     0.73947
    -7.89193     1.13274
    -7.88093     1.62839
    -7.86893     2.19992
    -7.85793     2.78941
    -7.84693     3.30905
    -7.83593     3.65508
    -7.82493     3.74180
    -7.81393     3.53932
    -7.80193     3.09324
    -7.79093     2.51835
    -7.77993     1.95533
    -7.76893     1.52364
    -7.75793     1.28075
    -7.74693     1.21458
    -7.73493     1.25849
    -7.72393     1.32460
    -7.71293     1.33854
    -7.70193     1.26319
    -7.69093     1.10407
    -7.67993     0.89611
    -7.66893     0.68248
    -7.65693     0.49569
    -7.64593     0.35213
    -7.63493     0.25587
    -7.62393     0.20921
    -7.61293     0.22213
    -7.60193     0.31785
    -7.58993     0.53302
    -7.57893     0.91276
    -7.56793     1.49948
    -7.55693     2.31548
    -7.54593     3.34255
    -7.53493     4.50492
    -7.52393     5.66324
    -7.51193     6.63463
    -7.50093     7.23472
    -7.48993     7.33564
    -7.47893     6.91589
    -7.46793     6.07160
    -7.45693     4.98502
    -7.44493     3.87125
    -7.43393     2.92354
    -7.42293     2.28416
    -7.41193     2.03916
    -7.40093     2.22022
    -7.38993     2.80293
    -7.37893     3.70103
    -7.36693     4.76524
    -7.35593     5.80350
    -7.34493     6.62012
    -7.33393     7.06117
    -7.32293     7.04768
    -7.31193     6.59673
    -7.29993     5.81142
    -7.28893     4.86039
    -7.27793     3.93117
    -7.26693     3.18764
    -7.25593     2.72861
    -7.24493     2.58068
    -7.23293     2.71850
    -7.22193     3.10086
    -7.21093     3.69549
    -7.19993     4.47111
    -7.18893     5.36525
    -7.17793     6.25835
    -7.16693     6.98227
    -7.15493     7.37055
    -7.14393     7.32449
    -7.13293     6.85816
    -7.12193     6.09853
    -7.11093     5.24486
    -7.09993     4.51451
    -7.08793     4.08472
    -7.07693     4.05082
    -7.06593     4.39166
    -7.05493     4.96900
    -7.04393     5.56299
    -7.03293     5.94306
    -7.02193     5.95247
    -7.00993     5.55912
    -6.99893     4.85170
    -6.98793     3.99033
    -6.97693     3.13636
    -6.96593     2.40844
    -6.95493     1.87191
    -6.94293     1.55112
    -6.93193     1.44743
    -6.92093     1.54527
    -6.90993     1.81328
    -6.89893     2.20781
    -6.88793     2.68584
    -6.87593     3.21813
    -6.86493     3.78860
    -6.85393     4.37838
    -6.84293     4.94303
    -6.83193     5.40724
    -6.82093     5.67809
    -6.80993     5.68407
    -6.79793     5.40681
    -6.78693     4.89748
    -6.77593     4.27177
    -6.76493     3.67847
    -6.75393     3.25506
    -6.74293     3.07859
    -6.73093     3.13250
    -6.71993     3.30780
    -6.70893     3.44578
    -6.69793     3.40445
    -6.68693     3.11837
    -6.67593     2.62075
    -6.66493     2.01981
    -6.65293     1.44991
    -6.64193     1.02826
    -6.63093     0.83465
    -6.61993     0.91336
    -6.60893     1.28072
    -6.59793     1.92140
    -6.58593     2.77406
    -6.57493     3.71851
    -6.56393     4.58540
    -6.55293     5.19354
    -6.54193     5.40593
    -6.53093     5.17991
    -6.51893     4.58358
    -6.50793     3.77568
    -6.49693     2.95301
    -6.48593     2.29411
    -6.47493     1.91096
    -6.46393     1.82802
    -6.45293     1.98464
    -6.44093     2.26239
    -6.42993     2.53100
    -6.41893     2.69831
    -6.40793     2.74462
    -6.39693     2.72511
    -6.38593     2.72913
    -6.37393     2.82722
    -6.36293     3.02939
    -6.35193     3.28512
    -6.34093     3.52280
    -6.32993     3.69732
    -6.31893     3.81253
    -6.30793     3.89937
    -6.29593     3.97112
    -6.28493     3.99629
    -6.27393     3.90896
    -6.26293     3.65793
    -6.25193     3.25157
    -6.24093     2.76738
    -6.22893     2.31700
    -6.21793     1.99176
    -6.20693     1.81785
    -6.19593     1.75307
    -6.18493     1.71409
    -6.17393     1.62194
    -6.16293     1.43876
    -6.15093     1.17527
    -6.13993     0.87619
    -6.12893     0.59408
    -6.11793     0.36632
    -6.10693     0.20721
    -6.09593     0.11282
    -6.08393     0.07187
    -6.07293     0.07591
    -6.06193     0.12556
    -6.05093     0.23285
    -6.03993     0.42107
    -6.02893     0.72380
    -6.01693     1.18256
    -6.00593     1.83783
    -5.99493     2.71321
    -5.98393     3.78477
    -5.97293     4.95792
    -5.96193     6.06402
    -5.95093     6.89419
    -5.93893     7.27127
    -5.92793     7.11532
    -5.91693     6.47532
    -5.90593     5.50095
    -5.89493     4.38173
    -5.88393     3.28627
    -5.87193     2.32631
    -5.86093     1.55454
    -5.84993     0.97807
    -5.83893     0.57725
    -5.82793     0.31948
    -5.81693     0.16952
    -5.80593     0.09671
    -5.79393     0.07972
    -5.78293     0.10761
    -5.77193     0.17679
    -5.76093     0.28464
    -5.74993     0.42218
    -5.73893     0.56932
    -5.72693     0.69608
    -5.71593     0.77178
    -5.70493     0.77724
    -5.69393     0.71538
    -5.68293     0.61388
    -5.67193     0.52132
    -5.65993     0.49983
    -5.64893     0.61845
    -5.63793     0.94523
    -5.62693     1.53165
    -5.61593     2.38640
    -5.60493     3.44640
    -5.59393     4.56542
    -5.58193     5.53953
    -5.57093     6.17079
    -5.55993     6.34172
    -5.54893     6.05861
    -5.53793     5.43941
    -5.52693     4.64992
    -5.51493     3.83544
    -5.50393     3.07861
    -5.49293     2.40497
    -5.48193     1.81290
    -5.47093     1.30099
    -5.45993     0.87730
    -5.44893     0.55173
    -5.43693     0.32692
    -5.42593     0.19661
    -5.41493     0.15024
    -5.40393     0.18062
    -5.39293     0.28579
    -5.38193     0.46401
    -5.36993     0.70326
    -5.35893     0.97199
    -5.34793     1.21890
    -5.33693     1.38554
    -5.32593     1.42786
    -5.31493     1.33616
    -5.30393     1.14133
    -5.29193     0.90540
    -5.28093     0.70215
    -5.26993     0.59886
    -5.25893     0.64460
    -5.24793     0.86277
    -5.23693     1.24255
    -5.22493     1.73145
    -5.21393     2.23725
    -5.20293     2.65021
    -5.19193     2.88565
    -5.18093     2.92757
    -5.16993     2.84702
    -5.15793     2.77939
    -5.14693     2.86287
    -5.13593     3.16730
    -5.12493     3.64880
    -5.11393     4.15794
    -5.10293     4.49868
    -5.09193     4.51303
    -5.07993     4.14899
    -5.06893     3.47692
    -5.05793     2.64936
    -5.04693     1.83338
    -5.03593     1.15188
    -5.02493     0.65671
    -5.01293     0.33978
    -5.00193     0.15948
    -4.99093     0.06791
    -4.97993     0.02623
    -4.96893     0.00919
    -4.95793     0.00292
    -4.94693     0.00084
    -4.93493     0.00022
    -4.92393     0.00005
    -4.91293     0.00001
    -4.90193     0.00000
    -4.89093     0.00000
    -4.87993     0.00002
    -4.86793     0.00007
    -4.85693     0.00029
    -4.84593     0.00108
    -4.83493     0.00359
    -4.82393     0.01092
    -4.81293     0.03013
    -4.80093     0.07558
    -4.78993     0.17229
    -4.77893     0.35690
    -4.76793     0.67180
    -4.75693     1.14902
    -4.74593     1.78553
    -4.73493     2.52062
    -4.72293     3.23231
    -4.71193     3.76468
    -4.70093     3.98265
    -4.68993     3.82485
    -4.67893     3.33553
    -4.66793     2.64046
    -4.65593     1.89736
    -4.64493     1.23748
    -4.63393     0.73303
    -4.62293     0.39615
    -4.61193     0.20086
    -4.60093     0.11076
    -4.58993     0.09986
    -4.57793     0.16292
    -4.56693     0.31556
    -4.55593     0.58488
    -4.54493     0.99113
    -4.53393     1.52386
    -4.52293     2.12324
    -4.51093     2.68049
    -4.49993     3.06569
    -4.48893     3.17676
    -4.47793     2.98293
    -4.46693     2.54001
    -4.45593     1.96487
    -4.44393     1.39154
    -4.43293     0.92654
    -4.42193     0.62965
    -4.41093     0.51892
    -4.39993     0.58735
    -4.38893     0.81752
    -4.37793     1.18712
    -4.36593     1.66812
    -4.35493     2.22320
    -4.34393     2.80128
    -4.33293     3.33644
    -4.32193     3.74860
    -4.31093     3.95698
    -4.29893     3.90506
    -4.28793     3.58531
    -4.27693     3.05736
    -4.26593     2.43243
    -4.25493     1.84461
    -4.24393     1.41467
    -4.23293     1.22201
    -4.22093     1.29340
    -4.20993     1.59949
    -4.19893     2.06322
    -4.18793     2.57384
    -4.17693     3.01563
    -4.16593     3.29555
    -4.15393     3.36655
    -4.14293     3.22907
    -4.13193     2.91952
    -4.12093     2.49292
    -4.10993     2.00591
    -4.09893     1.51479
    -4.08793     1.06706
    -4.07593     0.69677
    -4.06493     0.41924
    -4.05393     0.23143
    -4.04293     0.11688
    -4.03193     0.05427
    -4.02093     0.02438
    -4.00893     0.01405
    -3.99793     0.01717
    -3.98693     0.03408
    -3.97593     0.07032
    -3.96493     0.13436
    -3.95393     0.23385
    -3.94193     0.37073
    -3.93093     0.53773
    -3.91993     0.71942
    -3.90893     0.90080
    -3.89793     1.07893
    -3.88693     1.27024
    -3.87593     1.50368
    -3.86393     1.79908
    -3.85293     2.14228
    -3.84193     2.47542
    -3.83093     2.71771
    -3.81993     2.80603
    -3.80893     2.73864
    -3.79693     2.58838
    -3.78593     2.47929
    -3.77493     2.53690
    -3.76393     2.83654
    -3.75293     3.37513
    -3.74193     4.07078
    -3.73093     4.78744
    -3.71893     5.36980
    -3.70793     5.68146
    -3.69693     5.63812
    -3.68593     5.22822
    -3.67493     4.51799
    -3.66393     3.63938
    -3.65193     2.75437
    -3.64093     2.02490
    -3.62993     1.58545
    -3.61893     1.53148
    -3.60793     1.91234
    -3.59693     2.71787
    -3.58493     3.85717
    -3.57393     5.14854
    -3.56293     6.34091
    -3.55193     7.18244
    -3.54093     7.50346
    -3.52993     7.27584
    -3.51893     6.61831
    -3.50693     5.73597
    -3.49593     4.83741
    -3.48493     4.07511
    -3.47393     3.53004
    -3.46293     3.22687
    -3.45193     3.16300
    -3.43993     3.32211
    -3.42893     3.67137
    -3.41793     4.14988
    -3.40693     4.67226
    -3.39593     5.14224
    -3.38493     5.47934
    -3.37393     5.64547
    -3.36193     5.65579
    -3.35093     5.57544
    -3.33993     5.49290
    -3.32893     5.47988
    -3.31793     5.55435
    -3.30693     5.67044
    -3.29493     5.72972
    -3.28393     5.62635
    -3.27293     5.28701
    -3.26193     4.70282
    -3.25093     3.92898
    -3.23993     3.07068
    -3.22893     2.24909
    -3.21693     1.57329
    -3.20593     1.12924
    -3.19493     0.98077
    -3.18393     1.18189
    -3.17293     1.77700
    -3.16193     2.77969
    -3.14993     4.13300
    -3.13893     5.67411
    -3.12793     7.13953
    -3.11693     8.22449
    -3.10593     8.68766
    -3.09493     8.44124
    -3.08293     7.57870
    -3.07193     6.32601
    -3.06093     4.95088
    -3.04993     3.67623
    -3.03893     2.64543
    -3.02793     1.93616
    -3.01693     1.59155
    -3.00493     1.64436
    -2.99393     2.11553
    -2.98293     2.99141
    -2.97193     4.19286
    -2.96093     5.56105
    -2.94993     6.87308
    -2.93793     7.89661
    -2.92693     8.46255
    -2.91593     8.52394
    -2.90493     8.17115
    -2.89393     7.59390
    -2.88293     7.01008
    -2.87193     6.60176
    -2.85993     6.47820
    -2.84893     6.67440
    -2.83793     7.16765
    -2.82693     7.89472
    -2.81593     8.74668
    -2.80493     9.56888
    -2.79293    10.17451
    -2.78193    10.37468
    -2.77093    10.04200
    -2.75993     9.16256
    -2.74893     7.85720
    -2.73793     6.35527
    -2.72593     4.92103
    -2.71493     3.77094
    -2.70393     3.01330
    -2.69293     2.63955
    -2.68193     2.55900
    -2.67093     2.65751
    -2.65993     2.84925
    -2.64793     3.10508
    -2.63693     3.44810
    -2.62593     3.92902
    -2.61493     4.58247
    -2.60393     5.39664
    -2.59293     6.28980
    -2.58093     7.12357
    -2.56993     7.74348
    -2.55893     8.02929
    -2.54793     7.94784
    -2.53693     7.56379
    -2.52593     7.01224
    -2.51493     6.44488
    -2.50293     5.96578
    -2.49193     5.61406
    -2.48093     5.37775
    -2.46993     5.24285
    -2.45893     5.21885
    -2.44793     5.33363
    -2.43593     5.59294
    -2.42493     5.94861
    -2.41393     6.30228
    -2.40293     6.53784
    -2.39193     6.58171
    -2.38093     6.43164
    -2.36993     6.14949
    -2.35793     5.81875
    -2.34693     5.50619
    -2.33593     5.24272
    -2.32493     5.04862
    -2.31393     4.94799
    -2.30293     4.97821
    -2.29093     5.16227
    -2.27993     5.48650
    -2.26893     5.88992
    -2.25793     6.28806
    -2.24693     6.60445
    -2.23593     6.79675
    -2.22393     6.85852
    -2.21293     6.81283
    -2.20193     6.69467
    -2.19093     6.54041
    -2.17993     6.37578
    -2.16893     6.21864
    -2.15793     6.09377
    -2.14593     6.04894
    -2.13493     6.16199
    -2.12393     6.52417
    -2.11293     7.20913
    -2.10193     8.23448
    -2.09093     9.53858
    -2.07893    10.96736
    -2.06793    12.28823
    -2.05693    13.22806
    -2.04593    13.53908
    -2.03493    13.09856
    -2.02393    11.97933
    -2.01293    10.46037
    -2.00093     8.93750
    -1.98993     7.78254
    -1.97893     7.20340
    -1.96793     7.18540
    -1.95693     7.52490
    -1.94593     7.93116
    -1.93393     8.14137
    -1.92293     7.99703
    -1.91193     7.47195
    -1.90093     6.65452
    -1.88993     5.69813
    -1.87893     4.77445
    -1.86693     4.02520
    -1.85593     3.53753
    -1.84493     3.33678
    -1.83393     3.39494
    -1.82293     3.64669
    -1.81193     4.00877
    -1.80093     4.40321
    -1.78893     4.77386
    -1.77793     5.08821
    -1.76693     5.32217
    -1.75593     5.44122
    -1.74493     5.39125
    -1.73393     5.12879
    -1.72193     4.65573
    -1.71093     4.04447
    -1.69993     3.43403
    -1.68893     2.98743
    -1.67793     2.84321
    -1.66693     3.06849
    -1.65593     3.63586
    -1.64393     4.42462
    -1.63293     5.25321
    -1.62193     5.92252
    -1.61093     6.27181
    -1.59993     6.21449
    -1.58893     5.75584
    -1.57693     4.99119
    -1.56593     4.07813
    -1.55493     3.20591
    -1.54393     2.55438
    -1.53293     2.25915
    -1.52193     2.38390
    -1.50993     2.90933
    -1.49893     3.73513
    -1.48793     4.70253
    -1.47693     5.63064
    -1.46593     6.35631
    -1.45493     6.77376
    -1.44393     6.84859
    -1.43193     6.62016
    -1.42093     6.18769
    -1.40993     5.68515
    -1.39893     5.24617
    -1.38793     4.97502
    -1.37693     4.92193
    -1.36493     5.07769
    -1.35393     5.39819
    -1.34293     5.83714
    -1.33193     6.36823
    -1.32093     6.98599
    -1.30993     7.67364
    -1.29893     8.37068
    -1.28693     8.95352
    -1.27593     9.26119
    -1.26493     9.15499
    -1.25393     8.59384
    -1.24293     7.66214
    -1.23193     6.54933
    -1.21993     5.47405
    -1.20893     4.60413
    -1.19793     4.01011
    -1.18693     3.66522
    -1.17593     3.48830
    -1.16493     3.37746
    -1.15393     3.24354
    -1.14193     3.02415
    -1.13093     2.69230
    -1.11993     2.26089
    -1.10893     1.77995
    -1.09793     1.31825
    -1.08693     0.94374
    -1.07493     0.70624
    -1.06393     0.62997
    -1.05293     0.71437
    -1.04193     0.94155
    -1.03093     1.28321
    -1.01993     1.70820
    -1.00793     2.18921
    -0.99693     2.70353
    -0.98593     3.22641
    -0.97493     3.71693
    -0.96393     4.11055
    -0.95293     4.32406
    -0.94193     4.28842
    -0.92993     3.98414
    -0.91893     3.46769
    -0.90793     2.86678
    -0.89693     2.34910
    -0.88593     2.07376
    -0.87493     2.14844
    -0.86293     2.59632
    -0.85193     3.34144
    -0.84093     4.21757
    -0.82993     5.00861
    -0.81893     5.51234
    -0.80793     5.61036
    -0.79693     5.30378
    -0.78493     4.70303
    -0.77393     3.96878
    -0.76293     3.24944
    -0.75193     2.63671
    -0.74093     2.16266
    -0.72993     1.82322
    -0.71793     1.60475
    -0.70693     1.50049
    -0.69593     1.51050
    -0.68493     1.63900
    -0.67393     1.89252
    -0.66293     2.27754
    -0.65093     2.79338
    -0.63993     3.41852
    -0.62893     4.09668
    -0.61793     4.73307
    -0.60693     5.20805
    -0.59593     5.40856
    -0.58493     5.26318
    -0.57293     4.77501
    -0.56193     4.02383
    -0.55093     3.14547
    -0.53993     2.29035
    -0.52893     1.57919
    -0.51793     1.07634
    -0.50593     0.78704
    -0.49493     0.67259
    -0.48393     0.67645
    -0.47293     0.74899
    -0.46193     0.86560
    -0.45093     1.03438
    -0.43993     1.29080
    -0.42793     1.67948
    -0.41693     2.22565
    -0.40593     2.90779
    -0.39493     3.64428
    -0.38393     4.30760
    -0.37293     4.76907
    -0.36093     4.95588
    -0.34993     4.89020
    -0.33893     4.68615
    -0.32793     4.49878
    -0.31693     4.44690
    -0.30593     4.55636
    -0.29493     4.75027
    -0.28293     4.89454
    -0.27193     4.87169
    -0.26093     4.64247
    -0.24993     4.26271
    -0.23893     3.84816
    -0.22793     3.50881
    -0.21593     3.29148
    -0.20493     3.16178
    -0.19393     3.03464
    -0.18293     2.83146
    -0.17193     2.52855
    -0.16093     2.16888
    -0.14893     1.83340
    -0.13793     1.59362
    -0.12693     1.47439
    -0.11593     1.44536
    -0.10493     1.44390
    -0.09393     1.40890
    -0.08293     1.31093
    -0.07093     1.15918
    -0.05993     0.98883
    -0.04893     0.83683
    -0.03793     0.72415
    -0.02693     0.65213
    -0.01593     0.61379
    -0.00393     0.60999
     0.00707     0.65943
     0.01807     0.79577
     0.02907     1.05183
     0.04007     1.43961
     0.05107     1.93743
     0.06207     2.48993
     0.07407     3.02551
     0.08507     3.47551
     0.09607     3.78674
     0.10707     3.92230
     0.11807     3.85869
     0.12907     3.58970
     0.14107     3.13772
     0.15207     2.56396
     0.16307     1.95790
     0.17407     1.41479
     0.18507     1.00603
     0.19607     0.75906
     0.20807     0.65706
     0.21907     0.65160
     0.23007     0.68262
     0.24107     0.69778
     0.25207     0.66613
     0.26307     0.58285
     0.27407     0.46400
     0.28607     0.33521
     0.29707     0.21948
     0.30807     0.13024
     0.31907     0.07003
     0.33007     0.03413
     0.34107     0.01515
     0.35307     0.00639
     0.36407     0.00340
     0.37507     0.00435
     0.38607     0.00998
     0.39707     0.02384
     0.40807     0.05251
     0.41907     0.10497
     0.43107     0.19014
     0.44207     0.31207
     0.45307     0.46394
     0.46407     0.62494
     0.47507     0.76260
     0.48607     0.84318
     0.49807     0.84456
     0.50907     0.76646
     0.52007     0.63015
     0.53107     0.46936
     0.54207     0.31683
     0.55307     0.19400
     0.56507     0.10844
     0.57607     0.05734
     0.58707     0.03390
     0.59807     0.03298
     0.60907     0.05415
     0.62007     0.10170
     0.63107     0.18173
     0.64307     0.29675
     0.65407     0.43967
     0.66507     0.59032
     0.67607     0.71806
     0.68707     0.79137
     0.69807     0.79012
     0.71007     0.71476
     0.72107     0.58581
     0.73207     0.43513
     0.74307     0.29320
     0.75407     0.18004
     0.76507     0.10276
     0.77607     0.05879
     0.78807     0.04141
     0.79907     0.04376
     0.81007     0.06019
     0.82107     0.08559
     0.83207     0.11410
     0.84307     0.13893
     0.85507     0.15358
     0.86607     0.15396
     0.87707     0.14022
     0.88807     0.11682
     0.89907     0.09128
     0.91007     0.07236
     0.92107     0.06885
     0.93307     0.08918
     0.94407     0.14062
     0.95507     0.22709
     0.96607     0.34504
     0.97707     0.48005
     0.98807     0.60685
     1.00007     0.69552
     1.01107     0.72235
     1.02207     0.67971
     1.03307     0.57950
     1.04407     0.44773
     1.05507     0.31378
     1.06707     0.20039
     1.07807     0.11911
     1.08907     0.07200
     1.10007     0.05661
     1.11107     0.07059
     1.12207     0.11346
     1.13307     0.18469
     1.14507     0.27987
     1.15607     0.38721
     1.16707     0.48837
     1.17807     0.56370
     1.18907     0.60144
     1.20007     0.60385
     1.21207     0.58755
     1.22307     0.57522
     1.23407     0.58449
     1.24507     0.61987
     1.25607     0.67339
     1.26707     0.73224
     1.27807     0.78682
     1.29007     0.83343
     1.30107     0.87028
     1.31207     0.89086
     1.32307     0.88319
     1.33407     0.83617
     1.34507     0.74981
     1.35707     0.64220
     1.36807     0.54848
     1.37907     0.51252
     1.39007     0.57501
     1.40107     0.76149
     1.41207     1.07189
     1.42407     1.47466
     1.43507     1.90905
     1.44607     2.29930
     1.45707     2.57785
     1.46807     2.70819
     1.47907     2.69473
     1.49007     2.57773
     1.50207     2.41665
     1.51307     2.27130
     1.52407     2.19121
     1.53507     2.21124
     1.54607     2.34859
     1.55707     2.59976
     1.56907     2.93720
     1.58007     3.31116
     1.59107     3.66073
     1.60207     3.92656
     1.61307     4.06525
     1.62407     4.05425
     1.63507     3.89035
     1.64707     3.58496
     1.65807     3.16394
     1.66907     2.67290
     1.68007     2.18041
     1.69107     1.77283
     1.70207     1.53657
     1.71407     1.53680
     1.72507     1.79913
     1.73607     2.30080
     1.74707     2.97284
     1.75807     3.70760
     1.76907     4.37635
     1.78007     4.84718
     1.79207     5.01661
     1.80307     4.83607
     1.81407     4.33204
     1.82507     3.60282
     1.83607     2.79053
     1.84707     2.03630
     1.85907     1.44050
     1.87007     1.04214
     1.88107     0.82380
     1.89207     0.73601
     1.90307     0.72875
     1.91407     0.77662
     1.92607     0.89036
     1.93707     1.11131
     1.94807     1.49225
     1.95907     2.07252
     1.97007     2.85616
     1.98107     3.80164
     1.99207     4.82330
     2.00407     5.80742
     2.01507     6.63690
     2.02607     7.22026
     2.03707     7.52293
     2.04807     7.58504
     2.05907     7.51519
     2.07107     7.45640
     2.08207     7.52841
     2.09307     7.78096
     2.10407     8.17824
     2.11507     8.62838
     2.12607     9.04359
     2.13707     9.38318
     2.14907     9.66033
     2.16007     9.89801
     2.17107    10.06993
     2.18207    10.07584
     2.19307     9.77893
     2.20407     9.08388
     2.21607     8.01084
     2.22707     6.71305
     2.23807     5.42106
     2.24907     4.34980
     2.26007     3.61976
     2.27107     3.22431
     2.28307     3.05713
     2.29407     2.97673
     2.30507     2.87439
     2.31607     2.70995
     2.32707     2.50762
     2.33807     2.31984
     2.34907     2.18706
     2.36107     2.12271
     2.37207     2.12791
     2.38307     2.22113
     2.39407     2.45619
     2.40507     2.91224
     2.41607     3.65676
     2.42807     4.70068
     2.43907     5.96453
     2.45007     7.28094
     2.46107     8.43371
     2.47207     9.22878
     2.48307     9.56407
     2.49407     9.46497
     2.50607     9.05487
     2.51707     8.48141
     2.52807     7.83803
     2.53907     7.13987
     2.55007     6.36259
     2.56107     5.51536
     2.57307     4.68273
     2.58407     4.01161
     2.59507     3.63860
     2.60607     3.61405
     2.61707     3.86111
     2.62807     4.19861
     2.63907     4.41578
     2.65107     4.36509
     2.66207     4.02063
     2.67307     3.48433
     2.68407     2.93351
     2.69507     2.54077
     2.70607     2.40902
     2.71807     2.54596
     2.72907     2.88887
     2.74007     3.36062
     2.75107     3.92519
     2.76207     4.60749
     2.77307     5.45632
     2.78507     6.46797
     2.79607     7.52451
     2.80707     8.38955
     2.81807     8.79178
     2.82907     8.54811
     2.84007     7.65640
     2.85107     6.30539
     2.86307     4.79998
     2.87407     3.44774
     2.88507     2.46951
     2.89607     1.96435
     2.90707     1.91933
     2.91807     2.24071
     2.93007     2.78432
     2.94107     3.37946
     2.95207     3.85694
     2.96307     4.08471
     2.97407     4.00403
     2.98507     3.65303
     2.99607     3.15910
     3.00807     2.70470
     3.01907     2.47199
     3.03007     2.59479
     3.04107     3.12911
     3.05207     4.05050
     3.06307     5.27157
     3.07507     6.66729
     3.08607     8.08878
     3.09707     9.36739
     3.10807    10.31548
     3.11907    10.74970
     3.13007    10.53871
     3.14207     9.66732
     3.15307     8.25794
     3.16407     6.55208
     3.17507     4.83455
     3.18607     3.34589
     3.19707     2.22271
     3.20807     1.48739
     3.22007     1.07763
     3.23107     0.89703
     3.24207     0.86259
     3.25307     0.93393
     3.26407     1.11628
     3.27507     1.43975
     3.28707     1.91980
     3.29807     2.52288
     3.30907     3.15047
     3.32007     3.66234
     3.33107     3.93111
     3.34207     3.90147
     3.35307     3.62527
     3.36507     3.24785
     3.37607     2.95292
     3.38707     2.89518
     3.39807     3.15084
     3.40907     3.70427
     3.42007     4.47173
     3.43207     5.33951
     3.44307     6.19898
     3.45407     6.96454
     3.46507     7.57319
     3.47607     7.98150
     3.48707     8.16049
     3.49907     8.09856
     3.51007     7.80986
     3.52107     7.33798
     3.53207     6.75298
     3.54307     6.14250
     3.55407     5.59116
     3.56507     5.15982
     3.57707     4.87174
     3.58807     4.71186
     3.59907     4.64251
     3.61007     4.62313
     3.62107     4.62194
     3.63207     4.61107
     3.64407     4.55428
     3.65507     4.41055
     3.66607     4.14981
     3.67707     3.77762
     3.68807     3.34100
     3.69907     2.91089
     3.71007     2.55258
     3.72207     2.30589
     3.73307     2.18749
     3.74407     2.20813
     3.75507     2.39017
     3.76607     2.77020
     3.77707     3.38349
     3.78907     4.23499
     3.80007     5.27099
     3.81107     6.36925
     3.82207     7.36373
     3.83307     8.09402
     3.84407     8.47715
     3.85507     8.54378
     3.86707     8.43028
     3.87807     8.31803
     3.88907     8.34155
     3.90007     8.51681
     3.91107     8.72422
     3.92207     8.75568
     3.93407     8.41591
     3.94507     7.61717
     3.95607     6.42373
     3.96707     5.02572
     3.97807     3.66164
     3.98907     2.53773
     4.00107     1.78036
     4.01207     1.43397
     4.02307     1.48843
     4.03407     1.90691
     4.04507     2.63598
     4.05607     3.59728
     4.06707     4.67434
     4.07907     5.70943
     4.09007     6.52606
     4.10107     6.97137
     4.11207     6.95950
     4.12307     6.50160
     4.13407     5.70654
     4.14607     4.75999
     4.15707     3.87284
     4.16807     3.23506
     4.17907     2.97417
     4.19007     3.13409
     4.20107     3.67633
     4.21207     4.49764
     4.22407     5.45754
     4.23507     6.40087
     4.24607     7.18347
     4.25707     7.68539
     4.26807     7.82536
     4.27907     7.57468
     4.29107     6.96612
     4.30207     6.09739
     4.31307     5.11918
     4.32407     4.20711
     4.33507     3.51478
     4.34607     3.12725
     4.35807     3.03710
     4.36907     3.15450
     4.38007     3.35361
     4.39107     3.53242
     4.40207     3.66177
     4.41307     3.79706
     4.42407     4.04909
     4.43607     4.52250
     4.44707     5.25028
     4.45807     6.15161
     4.46907     7.03898
     4.48007     7.67345
     4.49107     7.85386
     4.50307     7.49472
     4.51407     6.65699
     4.52507     5.51578
     4.53607     4.29562
     4.54707     3.19576
     4.55807     2.35896
     4.56907     1.87019
     4.58107     1.77503
     4.59207     2.08875
     4.60307     2.78302
     4.61407     3.76181
     4.62507     4.85024
     4.63607     5.82036
     4.64807     6.45519
     4.65907     6.62250
     4.67007     6.32088
     4.68107     5.66746
     4.69207     4.84288
     4.70307     4.01354
     4.71407     3.28678
     4.72607     2.70389
     4.73707     2.26799
     4.74807     1.97922
     4.75907     1.85473
     4.77007     1.92767
     4.78107     2.23094
     4.79307     2.77239
     4.80407     3.51468
     4.81507     4.36666
     4.82607     5.19890
     4.83707     5.87852
     4.84807     6.31935
     4.86007     6.50856
     4.87107     6.50866
     4.88207     6.41653
     4.89307     6.30732
     4.90407     6.19549
     4.91507     6.04138
     4.92607     5.79458
     4.93807     5.45302
     4.94907     5.07436
     4.96007     4.75009
     4.97107     4.54006
     4.98207     4.43218
     4.99307     4.35718
     5.00507     4.25137
     5.01607     4.12321
     5.02707     4.07529
     5.03807     4.25528
     5.04907     4.76569
     5.06007     5.58098
     5.07107     6.52454
     5.08307     7.32768
     5.09407     7.74552
     5.10507     7.66708
     5.11607     7.16168
     5.12707     6.43977
     5.13807     5.75072
     5.15007     5.27789
     5.16107     5.08411
     5.17207     5.12294
     5.18307     5.29747
     5.19407     5.52219
     5.20507     5.76243
     5.21707     6.02921
     5.22807     6.34669
     5.23907     6.71454
     5.25007     7.08835
     5.26107     7.39822
     5.27207     7.57845
     5.28307     7.60157
     5.29507     7.48318
     5.30607     7.25723
     5.31707     6.95285
     5.32807     6.57803
     5.33907     6.12721
     5.35007     5.60124
     5.36207     5.02394
     5.37307     4.45237
     5.38407     3.97197
     5.39507     3.68122
     5.40607     3.66352
     5.41707     3.95649
     5.42807     4.52190
     5.44007     5.23830
     5.45107     5.91814
     5.46207     6.36345
     5.47307     6.43290
     5.48407     6.09495
     5.49507     5.43484
     5.50707     4.60952
     5.51807     3.78407
     5.52907     3.07522
     5.54007     2.53626
     5.55107     2.16931
     5.56207     1.94950
     5.57407     1.84407
     5.58507     1.82437
     5.59607     1.87582
     5.60707     2.00175
     5.61807     2.21681
     5.62907     2.52786
     5.64007     2.91315
     5.65207     3.31535
     5.66307     3.65636
     5.67407     3.86331
     5.68507     3.89097
     5.69607     3.72783
     5.70707     3.39125
     5.71907     2.91954
     5.73007     2.36659
     5.74107     1.79671
     5.75207     1.27408
     5.76307     0.85022
     5.77407     0.55450
     5.78507     0.39253
     5.79707     0.35113
     5.80807     0.40427
     5.81907     0.51683
     5.83007     0.64723
     5.84107     0.75277
     5.85207     0.79913
     5.86407     0.77024
     5.87507     0.67305
     5.88607     0.53291
     5.89707     0.38231
     5.90807     0.24846
     5.91907     0.14630
     5.93007     0.07805
     5.94207     0.03772
     5.95307     0.01651
     5.96407     0.00655
     5.97507     0.00235
     5.98607     0.00077
     5.99707     0.00023
     6.00907     0.00006
     6.02007     0.00001
     6.03107     0.00000
     6.04207     0.00000
     6.05307     0.00000
     6.06407     0.00000
     6.07607     0.00000
     6.08707     0.00000
     6.09807     0.00000
     6.10907     0.00000
     6.12007     0.00000
     6.13107     0.00000
     6.14207     0.00000
     6.15407     0.00000
     6.16507     0.00000
     6.17607     0.00000
     6.18707     0.00000
     6.19807     0.00000
     6.20907     0.00000
     6.22107     0.00000
     6.23207     0.00000
     6.24307     0.00000
     6.25407     0.00000
     6.26507     0.00000
     6.27607     0.00000
     6.28707     0.00000
     6.29907     0.00000
     6.31007     0.00000
     6.32107     0.00000
     6.33207     0.00000
     6.34307     0.00000
     6.35407     0.00000
     6.36607     0.00000
     6.37707     0.00000
     6.38807     0.00000
     6.39907     0.00000
     6.41007     0.00000
     6.42107     0.00000
     6.43307     0.00000
     6.44407     0.00000
     6.45507     0.00000
     6.46607     0.00000
     6.47707     0.00000
     6.48807     0.00000
     6.49907     0.00000
     6.51107     0.00000
     6.52207     0.00000
     6.53307     0.00000
     6.54407     0.00000
     6.55507     0.00000
     6.56607     0.00000
     6.57807     0.00000
     6.58907     0.00000
     6.60007     0.00000
     6.61107     0.00000
     6.62207     0.00000
     6.63307     0.00000
     6.64407     0.00000
     6.65607     0.00000
     6.66707     0.00000
     6.67807     0.00000
     6.68907     0.00000
     6.70007     0.00000
     6.71107     0.00000
     6.72307     0.00000
     6.73407     0.00000
     6.74507     0.00000
     6.75607     0.00000
     6.76707     0.00000
     6.77807     0.00000
     6.78907     0.00000
     6.80107     0.00000
     6.81207     0.00000
     6.82307     0.00000
     6.83407     0.00000
     6.84507     0.00000
     6.85607     0.00000
     6.86807     0.00000
     6.87907     0.00000
     6.89007     0.00000
     6.90107     0.00000
     6.91207     0.00000
     6.92307     0.00000
     6.93507     0.00000
     6.94607     0.00000
     6.95707     0.00000
     6.96807     0.00000
     6.97907     0.00000
     6.99007     0.00000
     7.00107     0.00000
     7.01307     0.00000
     7.02407     0.00000
     7.03507     0.00000
     7.04607     0.00000
     7.05707     0.00000
     7.06807     0.00000
     7.08007     0.00000
     7.09107     0.00000
     7.10207     0.00000
     7.11307     0.00000
     7.12407     0.00000
     7.13507     0.00000
     7.14607     0.00000
     7.15807     0.00000
     7.16907     0.00000
     7.18007     0.00000
     7.19107     0.00000
     7.20207     0.00000
     7.21307     0.00000
     7.22507     0.00000
     7.23607     0.00000
     7.24707     0.00000
     7.25807     0.00000
     7.26907     0.00000
     7.28007     0.00000
     7.29207     0.00000
     7.30307     0.00000
     7.31407     0.00000
     7.32507     0.00000
     7.33607     0.00000
     7.34707     0.00000
     7.35807     0.00000
     7.37007     0.00000
