     #Energy   12&18_all
   -26.09793     0.00000
   -26.08693     0.00000
   -26.07593     0.00000
   -26.06493     0.00000
   -26.05293     0.00000
   -26.04193     0.00000
   -26.03093     0.00000
   -26.01993     0.00000
   -26.00893     0.00000
   -25.99793     0.00000
   -25.98693     0.00000
   -25.97493     0.00000
   -25.96393     0.00000
   -25.95293     0.00000
   -25.94193     0.00000
   -25.93093     0.00000
   -25.91993     0.00000
   -25.90793     0.00000
   -25.89693     0.00000
   -25.88593     0.00000
   -25.87493     0.00000
   -25.86393     0.00000
   -25.85293     0.00000
   -25.84193     0.00000
   -25.82993     0.00000
   -25.81893     0.00000
   -25.80793     0.00000
   -25.79693     0.00000
   -25.78593     0.00000
   -25.77493     0.00000
   -25.76293     0.00000
   -25.75193     0.00000
   -25.74093     0.00000
   -25.72993     0.00000
   -25.71893     0.00000
   -25.70793     0.00000
   -25.69593     0.00000
   -25.68493     0.00000
   -25.67393     0.00000
   -25.66293     0.00000
   -25.65193     0.00000
   -25.64093     0.00000
   -25.62993     0.00000
   -25.61793     0.00000
   -25.60693     0.00000
   -25.59593     0.00000
   -25.58493     0.00000
   -25.57393     0.00000
   -25.56293     0.00000
   -25.55093     0.00000
   -25.53993     0.00000
   -25.52893     0.00000
   -25.51793     0.00000
   -25.50693     0.00000
   -25.49593     0.00000
   -25.48493     0.00000
   -25.47293     0.00000
   -25.46193     0.00000
   -25.45093     0.00000
   -25.43993     0.00000
   -25.42893     0.00000
   -25.41793     0.00000
   -25.40593     0.00000
   -25.39493     0.00000
   -25.38393     0.00000
   -25.37293     0.00000
   -25.36193     0.00000
   -25.35093     0.00000
   -25.33993     0.00000
   -25.32793     0.00000
   -25.31693     0.00000
   -25.30593     0.00000
   -25.29493     0.00000
   -25.28393     0.00000
   -25.27293     0.00000
   -25.26093     0.00000
   -25.24993     0.00000
   -25.23893     0.00000
   -25.22793     0.00000
   -25.21693     0.00000
   -25.20593     0.00000
   -25.19393     0.00000
   -25.18293     0.00000
   -25.17193     0.00000
   -25.16093     0.00000
   -25.14993     0.00000
   -25.13893     0.00000
   -25.12793     0.00000
   -25.11593     0.00000
   -25.10493     0.00000
   -25.09393     0.00000
   -25.08293     0.00000
   -25.07193     0.00000
   -25.06093     0.00000
   -25.04893     0.00000
   -25.03793     0.00000
   -25.02693     0.00000
   -25.01593     0.00000
   -25.00493     0.00000
   -24.99393     0.00000
   -24.98293     0.00000
   -24.97093     0.00000
   -24.95993     0.00000
   -24.94893     0.00000
   -24.93793     0.00000
   -24.92693     0.00000
   -24.91593     0.00000
   -24.90393     0.00000
   -24.89293     0.00000
   -24.88193     0.00000
   -24.87093     0.00000
   -24.85993     0.00000
   -24.84893     0.00000
   -24.83693     0.00000
   -24.82593     0.00000
   -24.81493     0.00000
   -24.80393     0.00000
   -24.79293     0.00000
   -24.78193     0.00000
   -24.77093     0.00000
   -24.75893     0.00001
   -24.74793     0.00005
   -24.73693     0.00023
   -24.72593     0.00103
   -24.71493     0.00409
   -24.70393     0.01481
   -24.69193     0.04871
   -24.68093     0.14574
   -24.66993     0.39694
   -24.65893     0.98429
   -24.64793     2.22449
   -24.63693     4.58488
   -24.62593     8.62616
   -24.61393    14.83809
   -24.60293    23.36898
   -24.59193    33.76098
   -24.58093    44.85576
   -24.56993    54.97611
   -24.55893    62.40954
   -24.54693    66.00929
   -24.53593    65.53147
   -24.52493    61.87933
   -24.51393    56.60570
   -24.50293    51.46246
   -24.49193    47.81431
   -24.48093    46.32553
   -24.46893    46.88601
   -24.45793    48.83127
   -24.44693    51.23464
   -24.43593    53.22447
   -24.42493    54.17832
   -24.41393    53.76503
   -24.40193    52.03782
   -24.39093    49.24309
   -24.37993    45.83740
   -24.36893    42.32225
   -24.35793    39.13700
   -24.34693    36.57780
   -24.33493    34.79851
   -24.32393    33.81872
   -24.31293    33.57789
   -24.30193    33.96741
   -24.29093    34.83993
   -24.27993    36.00236
   -24.26893    37.19994
   -24.25693    38.14904
   -24.24593    38.55006
   -24.23493    38.13517
   -24.22393    36.70440
   -24.21293    34.17459
   -24.20193    30.63249
   -24.18993    26.32803
   -24.17893    21.63843
   -24.16793    16.97865
   -24.15693    12.72275
   -24.14593     9.10772
   -24.13493     6.24096
   -24.12393     4.10080
   -24.11193     2.58947
   -24.10093     1.57623
   -24.08993     0.92874
   -24.07893     0.53192
   -24.06793     0.29776
   -24.05693     0.16341
   -24.04493     0.08784
   -24.03393     0.04599
   -24.02293     0.02321
   -24.01193     0.01116
   -24.00093     0.00505
   -23.98993     0.00214
   -23.97793     0.00084
   -23.96693     0.00031
   -23.95593     0.00010
   -23.94493     0.00004
   -23.93393     0.00001
   -23.92293     0.00001
   -23.91193     0.00001
   -23.89993     0.00002
   -23.88893     0.00003
   -23.87793     0.00004
   -23.86693     0.00004
   -23.85593     0.00005
   -23.84493     0.00005
   -23.83293     0.00005
   -23.82193     0.00005
   -23.81093     0.00004
   -23.79993     0.00003
   -23.78893     0.00002
   -23.77793     0.00001
   -23.76693     0.00001
   -23.75493     0.00001
   -23.74393     0.00000
   -23.73293     0.00000
   -23.72193     0.00000
   -23.71093     0.00000
   -23.69993     0.00000
   -23.68793     0.00000
   -23.67693     0.00000
   -23.66593     0.00000
   -23.65493     0.00000
   -23.64393     0.00000
   -23.63293     0.00000
   -23.62093     0.00000
   -23.60993     0.00000
   -23.59893     0.00000
   -23.58793     0.00000
   -23.57693     0.00000
   -23.56593     0.00000
   -23.55493     0.00000
   -23.54293     0.00000
   -23.53193     0.00000
   -23.52093     0.00000
   -23.50993     0.00000
   -23.49893     0.00000
   -23.48793     0.00000
   -23.47593     0.00000
   -23.46493     0.00000
   -23.45393     0.00000
   -23.44293     0.00000
   -23.43193     0.00000
   -23.42093     0.00000
   -23.40993     0.00000
   -23.39793     0.00000
   -23.38693     0.00000
   -23.37593     0.00000
   -23.36493     0.00000
   -23.35393     0.00000
   -23.34293     0.00000
   -23.33093     0.00000
   -23.31993     0.00000
   -23.30893     0.00000
   -23.29793     0.00000
   -23.28693     0.00000
   -23.27593     0.00000
   -23.26493     0.00000
   -23.25293     0.00000
   -23.24193     0.00000
   -23.23093     0.00000
   -23.21993     0.00000
   -23.20893     0.00000
   -23.19793     0.00000
   -23.18593     0.00000
   -23.17493     0.00000
   -23.16393     0.00000
   -23.15293     0.00000
   -23.14193     0.00000
   -23.13093     0.00000
   -23.11893     0.00000
   -23.10793     0.00000
   -23.09693     0.00000
   -23.08593     0.00000
   -23.07493     0.00000
   -23.06393     0.00000
   -23.05293     0.00000
   -23.04093     0.00000
   -23.02993     0.00000
   -23.01893     0.00000
   -23.00793     0.00000
   -22.99693     0.00000
   -22.98593     0.00000
   -22.97393     0.00000
   -22.96293     0.00000
   -22.95193     0.00000
   -22.94093     0.00000
   -22.92993     0.00000
   -22.91893     0.00000
   -22.90793     0.00000
   -22.89593     0.00000
   -22.88493     0.00000
   -22.87393     0.00000
   -22.86293     0.00000
   -22.85193     0.00000
   -22.84093     0.00000
   -22.82893     0.00000
   -22.81793     0.00000
   -22.80693     0.00000
   -22.79593     0.00000
   -22.78493     0.00000
   -22.77393     0.00000
   -22.76193     0.00000
   -22.75093     0.00000
   -22.73993     0.00000
   -22.72893     0.00000
   -22.71793     0.00000
   -22.70693     0.00000
   -22.69593     0.00000
   -22.68393     0.00000
   -22.67293     0.00000
   -22.66193     0.00000
   -22.65093     0.00000
   -22.63993     0.00000
   -22.62893     0.00000
   -22.61693     0.00000
   -22.60593     0.00000
   -22.59493     0.00000
   -22.58393     0.00000
   -22.57293     0.00000
   -22.56193     0.00000
   -22.55093     0.00000
   -22.53893     0.00000
   -22.52793     0.00000
   -22.51693     0.00000
   -22.50593     0.00000
   -22.49493     0.00000
   -22.48393     0.00000
   -22.47193     0.00000
   -22.46093     0.00000
   -22.44993     0.00000
   -22.43893     0.00000
   -22.42793     0.00000
   -22.41693     0.00000
   -22.40593     0.00000
   -22.39393     0.00000
   -22.38293     0.00000
   -22.37193     0.00000
   -22.36093     0.00000
   -22.34993     0.00000
   -22.33893     0.00000
   -22.32693     0.00000
   -22.31593     0.00000
   -22.30493     0.00000
   -22.29393     0.00000
   -22.28293     0.00000
   -22.27193     0.00000
   -22.25993     0.00000
   -22.24893     0.00000
   -22.23793     0.00000
   -22.22693     0.00000
   -22.21593     0.00000
   -22.20493     0.00000
   -22.19393     0.00000
   -22.18193     0.00000
   -22.17093     0.00000
   -22.15993     0.00000
   -22.14893     0.00000
   -22.13793     0.00000
   -22.12693     0.00000
   -22.11493     0.00000
   -22.10393     0.00000
   -22.09293     0.00000
   -22.08193     0.00000
   -22.07093     0.00000
   -22.05993     0.00000
   -22.04893     0.00000
   -22.03693     0.00000
   -22.02593     0.00000
   -22.01493     0.00000
   -22.00393     0.00000
   -21.99293     0.00000
   -21.98193     0.00000
   -21.96993     0.00000
   -21.95893     0.00000
   -21.94793     0.00000
   -21.93693     0.00000
   -21.92593     0.00000
   -21.91493     0.00000
   -21.90293     0.00000
   -21.89193     0.00000
   -21.88093     0.00000
   -21.86993     0.00000
   -21.85893     0.00000
   -21.84793     0.00000
   -21.83693     0.00000
   -21.82493     0.00000
   -21.81393     0.00000
   -21.80293     0.00000
   -21.79193     0.00000
   -21.78093     0.00000
   -21.76993     0.00000
   -21.75793     0.00000
   -21.74693     0.00000
   -21.73593     0.00000
   -21.72493     0.00000
   -21.71393     0.00000
   -21.70293     0.00000
   -21.69193     0.00000
   -21.67993     0.00000
   -21.66893     0.00000
   -21.65793     0.00000
   -21.64693     0.00000
   -21.63593     0.00000
   -21.62493     0.00000
   -21.61293     0.00000
   -21.60193     0.00000
   -21.59093     0.00000
   -21.57993     0.00000
   -21.56893     0.00000
   -21.55793     0.00000
   -21.54593     0.00000
   -21.53493     0.00000
   -21.52393     0.00000
   -21.51293     0.00000
   -21.50193     0.00000
   -21.49093     0.00000
   -21.47993     0.00000
   -21.46793     0.00000
   -21.45693     0.00000
   -21.44593     0.00000
   -21.43493     0.00000
   -21.42393     0.00000
   -21.41293     0.00000
   -21.40093     0.00000
   -21.38993     0.00000
   -21.37893     0.00000
   -21.36793     0.00000
   -21.35693     0.00000
   -21.34593     0.00000
   -21.33493     0.00000
   -21.32293     0.00000
   -21.31193     0.00000
   -21.30093     0.00000
   -21.28993     0.00000
   -21.27893     0.00000
   -21.26793     0.00000
   -21.25593     0.00000
   -21.24493     0.00000
   -21.23393     0.00000
   -21.22293     0.00000
   -21.21193     0.00000
   -21.20093     0.00000
   -21.18993     0.00000
   -21.17793     0.00000
   -21.16693     0.00000
   -21.15593     0.00000
   -21.14493     0.00000
   -21.13393     0.00000
   -21.12293     0.00000
   -21.11093     0.00000
   -21.09993     0.00000
   -21.08893     0.00000
   -21.07793     0.00000
   -21.06693     0.00000
   -21.05593     0.00000
   -21.04393     0.00000
   -21.03293     0.00000
   -21.02193     0.00000
   -21.01093     0.00000
   -20.99993     0.00000
   -20.98893     0.00000
   -20.97793     0.00000
   -20.96593     0.00000
   -20.95493     0.00000
   -20.94393     0.00000
   -20.93293     0.00000
   -20.92193     0.00000
   -20.91093     0.00000
   -20.89893     0.00000
   -20.88793     0.00000
   -20.87693     0.00000
   -20.86593     0.00000
   -20.85493     0.00000
   -20.84393     0.00000
   -20.83293     0.00000
   -20.82093     0.00000
   -20.80993     0.00000
   -20.79893     0.00000
   -20.78793     0.00000
   -20.77693     0.00000
   -20.76593     0.00000
   -20.75393     0.00000
   -20.74293     0.00000
   -20.73193     0.00000
   -20.72093     0.00000
   -20.70993     0.00000
   -20.69893     0.00000
   -20.68693     0.00000
   -20.67593     0.00000
   -20.66493     0.00000
   -20.65393     0.00000
   -20.64293     0.00000
   -20.63193     0.00000
   -20.62093     0.00000
   -20.60893     0.00000
   -20.59793     0.00000
   -20.58693     0.00000
   -20.57593     0.00000
   -20.56493     0.00000
   -20.55393     0.00000
   -20.54193     0.00000
   -20.53093     0.00000
   -20.51993     0.00000
   -20.50893     0.00000
   -20.49793     0.00000
   -20.48693     0.00000
   -20.47593     0.00000
   -20.46393     0.00000
   -20.45293     0.00000
   -20.44193     0.00000
   -20.43093     0.00000
   -20.41993     0.00000
   -20.40893     0.00000
   -20.39693     0.00000
   -20.38593     0.00000
   -20.37493     0.00000
   -20.36393     0.00000
   -20.35293     0.00000
   -20.34193     0.00000
   -20.33093     0.00000
   -20.31893     0.00000
   -20.30793     0.00000
   -20.29693     0.00000
   -20.28593     0.00000
   -20.27493     0.00000
   -20.26393     0.00000
   -20.25193     0.00000
   -20.24093     0.00000
   -20.22993     0.00000
   -20.21893     0.00000
   -20.20793     0.00000
   -20.19693     0.00000
   -20.18493     0.00000
   -20.17393     0.00000
   -20.16293     0.00000
   -20.15193     0.00000
   -20.14093     0.00000
   -20.12993     0.00000
   -20.11893     0.00000
   -20.10693     0.00000
   -20.09593     0.00000
   -20.08493     0.00000
   -20.07393     0.00000
   -20.06293     0.00000
   -20.05193     0.00000
   -20.03993     0.00000
   -20.02893     0.00000
   -20.01793     0.00000
   -20.00693     0.00000
   -19.99593     0.00000
   -19.98493     0.00000
   -19.97393     0.00000
   -19.96193     0.00000
   -19.95093     0.00000
   -19.93993     0.00000
   -19.92893     0.00000
   -19.91793     0.00000
   -19.90693     0.00000
   -19.89493     0.00000
   -19.88393     0.00000
   -19.87293     0.00000
   -19.86193     0.00000
   -19.85093     0.00000
   -19.83993     0.00000
   -19.82793     0.00000
   -19.81693     0.00000
   -19.80593     0.00000
   -19.79493     0.00000
   -19.78393     0.00000
   -19.77293     0.00000
   -19.76193     0.00000
   -19.74993     0.00000
   -19.73893     0.00000
   -19.72793     0.00000
   -19.71693     0.00000
   -19.70593     0.00000
   -19.69493     0.00000
   -19.68293     0.00000
   -19.67193     0.00000
   -19.66093     0.00000
   -19.64993     0.00000
   -19.63893     0.00000
   -19.62793     0.00000
   -19.61693     0.00000
   -19.60493     0.00000
   -19.59393     0.00000
   -19.58293     0.00000
   -19.57193     0.00000
   -19.56093     0.00000
   -19.54993     0.00000
   -19.53793     0.00000
   -19.52693     0.00000
   -19.51593     0.00000
   -19.50493     0.00000
   -19.49393     0.00000
   -19.48293     0.00000
   -19.47193     0.00000
   -19.45993     0.00000
   -19.44893     0.00000
   -19.43793     0.00000
   -19.42693     0.00000
   -19.41593     0.00000
   -19.40493     0.00000
   -19.39293     0.00000
   -19.38193     0.00000
   -19.37093     0.00000
   -19.35993     0.00000
   -19.34893     0.00000
   -19.33793     0.00000
   -19.32593     0.00000
   -19.31493     0.00000
   -19.30393     0.00000
   -19.29293     0.00000
   -19.28193     0.00000
   -19.27093     0.00000
   -19.25993     0.00000
   -19.24793     0.00000
   -19.23693     0.00000
   -19.22593     0.00000
   -19.21493     0.00000
   -19.20393     0.00000
   -19.19293     0.00000
   -19.18093     0.00000
   -19.16993     0.00000
   -19.15893     0.00000
   -19.14793     0.00000
   -19.13693     0.00000
   -19.12593     0.00000
   -19.11493     0.00000
   -19.10293     0.00000
   -19.09193     0.00000
   -19.08093     0.00000
   -19.06993     0.00000
   -19.05893     0.00000
   -19.04793     0.00000
   -19.03593     0.00000
   -19.02493     0.00000
   -19.01393     0.00000
   -19.00293     0.00000
   -18.99193     0.00000
   -18.98093     0.00000
   -18.96893     0.00000
   -18.95793     0.00000
   -18.94693     0.00000
   -18.93593     0.00000
   -18.92493     0.00000
   -18.91393     0.00000
   -18.90293     0.00000
   -18.89093     0.00000
   -18.87993     0.00000
   -18.86893     0.00000
   -18.85793     0.00000
   -18.84693     0.00000
   -18.83593     0.00000
   -18.82393     0.00000
   -18.81293     0.00000
   -18.80193     0.00000
   -18.79093     0.00000
   -18.77993     0.00000
   -18.76893     0.00000
   -18.75793     0.00000
   -18.74593     0.00000
   -18.73493     0.00000
   -18.72393     0.00000
   -18.71293     0.00000
   -18.70193     0.00000
   -18.69093     0.00000
   -18.67893     0.00000
   -18.66793     0.00000
   -18.65693     0.00000
   -18.64593     0.00000
   -18.63493     0.00000
   -18.62393     0.00000
   -18.61193     0.00000
   -18.60093     0.00000
   -18.58993     0.00000
   -18.57893     0.00000
   -18.56793     0.00000
   -18.55693     0.00000
   -18.54593     0.00000
   -18.53393     0.00000
   -18.52293     0.00000
   -18.51193     0.00000
   -18.50093     0.00000
   -18.48993     0.00000
   -18.47893     0.00000
   -18.46693     0.00000
   -18.45593     0.00000
   -18.44493     0.00000
   -18.43393     0.00000
   -18.42293     0.00000
   -18.41193     0.00000
   -18.40093     0.00000
   -18.38893     0.00000
   -18.37793     0.00000
   -18.36693     0.00000
   -18.35593     0.00000
   -18.34493     0.00000
   -18.33393     0.00000
   -18.32193     0.00000
   -18.31093     0.00000
   -18.29993     0.00000
   -18.28893     0.00000
   -18.27793     0.00000
   -18.26693     0.00000
   -18.25593     0.00000
   -18.24393     0.00000
   -18.23293     0.00000
   -18.22193     0.00000
   -18.21093     0.00000
   -18.19993     0.00000
   -18.18893     0.00000
   -18.17693     0.00000
   -18.16593     0.00000
   -18.15493     0.00000
   -18.14393     0.00000
   -18.13293     0.00000
   -18.12193     0.00000
   -18.10993     0.00000
   -18.09893     0.00000
   -18.08793     0.00000
   -18.07693     0.00000
   -18.06593     0.00000
   -18.05493     0.00000
   -18.04393     0.00000
   -18.03193     0.00000
   -18.02093     0.00000
   -18.00993     0.00000
   -17.99893     0.00000
   -17.98793     0.00000
   -17.97693     0.00000
   -17.96493     0.00000
   -17.95393     0.00000
   -17.94293     0.00000
   -17.93193     0.00000
   -17.92093     0.00000
   -17.90993     0.00000
   -17.89893     0.00000
   -17.88693     0.00000
   -17.87593     0.00000
   -17.86493     0.00000
   -17.85393     0.00000
   -17.84293     0.00000
   -17.83193     0.00000
   -17.81993     0.00000
   -17.80893     0.00000
   -17.79793     0.00000
   -17.78693     0.00000
   -17.77593     0.00000
   -17.76493     0.00000
   -17.75293     0.00000
   -17.74193     0.00000
   -17.73093     0.00000
   -17.71993     0.00000
   -17.70893     0.00000
   -17.69793     0.00000
   -17.68693     0.00000
   -17.67493     0.00000
   -17.66393     0.00000
   -17.65293     0.00000
   -17.64193     0.00000
   -17.63093     0.00000
   -17.61993     0.00000
   -17.60793     0.00000
   -17.59693     0.00000
   -17.58593     0.00000
   -17.57493     0.00000
   -17.56393     0.00000
   -17.55293     0.00000
   -17.54193     0.00000
   -17.52993     0.00000
   -17.51893     0.00000
   -17.50793     0.00000
   -17.49693     0.00000
   -17.48593     0.00000
   -17.47493     0.00000
   -17.46293     0.00000
   -17.45193     0.00000
   -17.44093     0.00000
   -17.42993     0.00000
   -17.41893     0.00000
   -17.40793     0.00000
   -17.39693     0.00000
   -17.38493     0.00000
   -17.37393     0.00000
   -17.36293     0.00000
   -17.35193     0.00000
   -17.34093     0.00000
   -17.32993     0.00000
   -17.31793     0.00000
   -17.30693     0.00000
   -17.29593     0.00000
   -17.28493     0.00000
   -17.27393     0.00000
   -17.26293     0.00000
   -17.25093     0.00000
   -17.23993     0.00000
   -17.22893     0.00000
   -17.21793     0.00000
   -17.20693     0.00000
   -17.19593     0.00000
   -17.18493     0.00000
   -17.17293     0.00000
   -17.16193     0.00000
   -17.15093     0.00000
   -17.13993     0.00000
   -17.12893     0.00000
   -17.11793     0.00000
   -17.10593     0.00000
   -17.09493     0.00000
   -17.08393     0.00000
   -17.07293     0.00000
   -17.06193     0.00000
   -17.05093     0.00000
   -17.03993     0.00000
   -17.02793     0.00000
   -17.01693     0.00000
   -17.00593     0.00000
   -16.99493     0.00000
   -16.98393     0.00000
   -16.97293     0.00000
   -16.96093     0.00000
   -16.94993     0.00000
   -16.93893     0.00000
   -16.92793     0.00000
   -16.91693     0.00000
   -16.90593     0.00000
   -16.89393     0.00000
   -16.88293     0.00000
   -16.87193     0.00000
   -16.86093     0.00000
   -16.84993     0.00000
   -16.83893     0.00000
   -16.82793     0.00000
   -16.81593     0.00000
   -16.80493     0.00000
   -16.79393     0.00000
   -16.78293     0.00000
   -16.77193     0.00000
   -16.76093     0.00000
   -16.74893     0.00000
   -16.73793     0.00000
   -16.72693     0.00000
   -16.71593     0.00000
   -16.70493     0.00000
   -16.69393     0.00000
   -16.68293     0.00000
   -16.67093     0.00000
   -16.65993     0.00000
   -16.64893     0.00000
   -16.63793     0.00000
   -16.62693     0.00000
   -16.61593     0.00000
   -16.60393     0.00000
   -16.59293     0.00000
   -16.58193     0.00000
   -16.57093     0.00000
   -16.55993     0.00000
   -16.54893     0.00000
   -16.53693     0.00000
   -16.52593     0.00000
   -16.51493     0.00000
   -16.50393     0.00000
   -16.49293     0.00000
   -16.48193     0.00000
   -16.47093     0.00000
   -16.45893     0.00000
   -16.44793     0.00000
   -16.43693     0.00000
   -16.42593     0.00000
   -16.41493     0.00000
   -16.40393     0.00000
   -16.39193     0.00000
   -16.38093     0.00000
   -16.36993     0.00000
   -16.35893     0.00000
   -16.34793     0.00000
   -16.33693     0.00000
   -16.32593     0.00000
   -16.31393     0.00000
   -16.30293     0.00000
   -16.29193     0.00000
   -16.28093     0.00000
   -16.26993     0.00000
   -16.25893     0.00000
   -16.24693     0.00000
   -16.23593     0.00000
   -16.22493     0.00000
   -16.21393     0.00000
   -16.20293     0.00000
   -16.19193     0.00000
   -16.18093     0.00000
   -16.16893     0.00000
   -16.15793     0.00000
   -16.14693     0.00000
   -16.13593     0.00000
   -16.12493     0.00000
   -16.11393     0.00000
   -16.10193     0.00000
   -16.09093     0.00000
   -16.07993     0.00000
   -16.06893     0.00000
   -16.05793     0.00000
   -16.04693     0.00000
   -16.03493     0.00000
   -16.02393     0.00000
   -16.01293     0.00000
   -16.00193     0.00000
   -15.99093     0.00000
   -15.97993     0.00000
   -15.96893     0.00000
   -15.95693     0.00000
   -15.94593     0.00000
   -15.93493     0.00000
   -15.92393     0.00000
   -15.91293     0.00000
   -15.90193     0.00000
   -15.88993     0.00000
   -15.87893     0.00000
   -15.86793     0.00000
   -15.85693     0.00000
   -15.84593     0.00000
   -15.83493     0.00000
   -15.82393     0.00000
   -15.81193     0.00000
   -15.80093     0.00000
   -15.78993     0.00000
   -15.77893     0.00000
   -15.76793     0.00000
   -15.75693     0.00000
   -15.74493     0.00000
   -15.73393     0.00000
   -15.72293     0.00000
   -15.71193     0.00000
   -15.70093     0.00000
   -15.68993     0.00000
   -15.67793     0.00000
   -15.66693     0.00000
   -15.65593     0.00000
   -15.64493     0.00000
   -15.63393     0.00000
   -15.62293     0.00000
   -15.61193     0.00000
   -15.59993     0.00000
   -15.58893     0.00000
   -15.57793     0.00000
   -15.56693     0.00000
   -15.55593     0.00000
   -15.54493     0.00000
   -15.53293     0.00000
   -15.52193     0.00000
   -15.51093     0.00000
   -15.49993     0.00000
   -15.48893     0.00000
   -15.47793     0.00000
   -15.46693     0.00000
   -15.45493     0.00000
   -15.44393     0.00000
   -15.43293     0.00000
   -15.42193     0.00000
   -15.41093     0.00000
   -15.39993     0.00000
   -15.38793     0.00000
   -15.37693     0.00000
   -15.36593     0.00000
   -15.35493     0.00000
   -15.34393     0.00000
   -15.33293     0.00000
   -15.32193     0.00000
   -15.30993     0.00000
   -15.29893     0.00000
   -15.28793     0.00000
   -15.27693     0.00000
   -15.26593     0.00000
   -15.25493     0.00000
   -15.24293     0.00000
   -15.23193     0.00000
   -15.22093     0.00000
   -15.20993     0.00000
   -15.19893     0.00000
   -15.18793     0.00000
   -15.17593     0.00000
   -15.16493     0.00000
   -15.15393     0.00000
   -15.14293     0.00000
   -15.13193     0.00000
   -15.12093     0.00000
   -15.10993     0.00000
   -15.09793     0.00000
   -15.08693     0.00000
   -15.07593     0.00000
   -15.06493     0.00000
   -15.05393     0.00000
   -15.04293     0.00000
   -15.03093     0.00000
   -15.01993     0.00000
   -15.00893     0.00000
   -14.99793     0.00000
   -14.98693     0.00000
   -14.97593     0.00000
   -14.96493     0.00000
   -14.95293     0.00000
   -14.94193     0.00000
   -14.93093     0.00000
   -14.91993     0.00000
   -14.90893     0.00000
   -14.89793     0.00000
   -14.88593     0.00000
   -14.87493     0.00000
   -14.86393     0.00000
   -14.85293     0.00000
   -14.84193     0.00000
   -14.83093     0.00000
   -14.81893     0.00000
   -14.80793     0.00000
   -14.79693     0.00000
   -14.78593     0.00000
   -14.77493     0.00000
   -14.76393     0.00000
   -14.75293     0.00000
   -14.74093     0.00000
   -14.72993     0.00000
   -14.71893     0.00000
   -14.70793     0.00000
   -14.69693     0.00000
   -14.68593     0.00000
   -14.67393     0.00000
   -14.66293     0.00000
   -14.65193     0.00000
   -14.64093     0.00000
   -14.62993     0.00000
   -14.61893     0.00000
   -14.60793     0.00000
   -14.59593     0.00000
   -14.58493     0.00000
   -14.57393     0.00000
   -14.56293     0.00000
   -14.55193     0.00000
   -14.54093     0.00000
   -14.52893     0.00000
   -14.51793     0.00000
   -14.50693     0.00000
   -14.49593     0.00000
   -14.48493     0.00000
   -14.47393     0.00000
   -14.46293     0.00000
   -14.45093     0.00000
   -14.43993     0.00000
   -14.42893     0.00000
   -14.41793     0.00000
   -14.40693     0.00000
   -14.39593     0.00000
   -14.38393     0.00000
   -14.37293     0.00000
   -14.36193     0.00000
   -14.35093     0.00000
   -14.33993     0.00000
   -14.32893     0.00000
   -14.31693     0.00000
   -14.30593     0.00000
   -14.29493     0.00000
   -14.28393     0.00000
   -14.27293     0.00000
   -14.26193     0.00000
   -14.25093     0.00000
   -14.23893     0.00000
   -14.22793     0.00000
   -14.21693     0.00000
   -14.20593     0.00000
   -14.19493     0.00000
   -14.18393     0.00000
   -14.17193     0.00000
   -14.16093     0.00000
   -14.14993     0.00000
   -14.13893     0.00000
   -14.12793     0.00000
   -14.11693     0.00000
   -14.10593     0.00000
   -14.09393     0.00000
   -14.08293     0.00000
   -14.07193     0.00000
   -14.06093     0.00000
   -14.04993     0.00000
   -14.03893     0.00000
   -14.02693     0.00000
   -14.01593     0.00000
   -14.00493     0.00000
   -13.99393     0.00000
   -13.98293     0.00000
   -13.97193     0.00000
   -13.95993     0.00000
   -13.94893     0.00000
   -13.93793     0.00000
   -13.92693     0.00000
   -13.91593     0.00000
   -13.90493     0.00000
   -13.89393     0.00000
   -13.88193     0.00000
   -13.87093     0.00000
   -13.85993     0.00000
   -13.84893     0.00000
   -13.83793     0.00000
   -13.82693     0.00000
   -13.81493     0.00000
   -13.80393     0.00000
   -13.79293     0.00000
   -13.78193     0.00000
   -13.77093     0.00000
   -13.75993     0.00000
   -13.74893     0.00000
   -13.73693     0.00000
   -13.72593     0.00000
   -13.71493     0.00000
   -13.70393     0.00000
   -13.69293     0.00000
   -13.68193     0.00000
   -13.66993     0.00000
   -13.65893     0.00000
   -13.64793     0.00000
   -13.63693     0.00000
   -13.62593     0.00000
   -13.61493     0.00000
   -13.60293     0.00000
   -13.59193     0.00000
   -13.58093     0.00000
   -13.56993     0.00000
   -13.55893     0.00000
   -13.54793     0.00000
   -13.53693     0.00000
   -13.52493     0.00000
   -13.51393     0.00000
   -13.50293     0.00000
   -13.49193     0.00000
   -13.48093     0.00000
   -13.46993     0.00000
   -13.45793     0.00000
   -13.44693     0.00000
   -13.43593     0.00000
   -13.42493     0.00000
   -13.41393     0.00000
   -13.40293     0.00000
   -13.39193     0.00000
   -13.37993     0.00000
   -13.36893     0.00000
   -13.35793     0.00000
   -13.34693     0.00000
   -13.33593     0.00000
   -13.32493     0.00000
   -13.31293     0.00000
   -13.30193     0.00000
   -13.29093     0.00000
   -13.27993     0.00000
   -13.26893     0.00000
   -13.25793     0.00000
   -13.24693     0.00000
   -13.23493     0.00000
   -13.22393     0.00000
   -13.21293     0.00000
   -13.20193     0.00000
   -13.19093     0.00000
   -13.17993     0.00000
   -13.16793     0.00000
   -13.15693     0.00000
   -13.14593     0.00000
   -13.13493     0.00000
   -13.12393     0.00000
   -13.11293     0.00000
   -13.10093     0.00000
   -13.08993     0.00000
   -13.07893     0.00000
   -13.06793     0.00000
   -13.05693     0.00000
   -13.04593     0.00000
   -13.03493     0.00000
   -13.02293     0.00000
   -13.01193     0.00000
   -13.00093     0.00000
   -12.98993     0.00000
   -12.97893     0.00000
   -12.96793     0.00000
   -12.95593     0.00000
   -12.94493     0.00000
   -12.93393     0.00000
   -12.92293     0.00000
   -12.91193     0.00000
   -12.90093     0.00000
   -12.88993     0.00000
   -12.87793     0.00000
   -12.86693     0.00000
   -12.85593     0.00000
   -12.84493     0.00000
   -12.83393     0.00000
   -12.82293     0.00000
   -12.81093     0.00000
   -12.79993     0.00000
   -12.78893     0.00000
   -12.77793     0.00000
   -12.76693     0.00000
   -12.75593     0.00000
   -12.74393     0.00000
   -12.73293     0.00000
   -12.72193     0.00000
   -12.71093     0.00000
   -12.69993     0.00000
   -12.68893     0.00000
   -12.67793     0.00000
   -12.66593     0.00000
   -12.65493     0.00000
   -12.64393     0.00000
   -12.63293     0.00000
   -12.62193     0.00000
   -12.61093     0.00000
   -12.59893     0.00000
   -12.58793     0.00000
   -12.57693     0.00000
   -12.56593     0.00000
   -12.55493     0.00000
   -12.54393     0.00000
   -12.53293     0.00000
   -12.52093     0.00000
   -12.50993     0.00000
   -12.49893     0.00000
   -12.48793     0.00000
   -12.47693     0.00000
   -12.46593     0.00000
   -12.45393     0.00000
   -12.44293     0.00001
   -12.43193     0.00003
   -12.42093     0.00010
   -12.40993     0.00031
   -12.39893     0.00092
   -12.38793     0.00246
   -12.37593     0.00598
   -12.36493     0.01314
   -12.35393     0.02615
   -12.34293     0.04715
   -12.33193     0.07705
   -12.32093     0.11405
   -12.30893     0.15294
   -12.29793     0.18582
   -12.28693     0.20464
   -12.27593     0.20404
   -12.26493     0.18429
   -12.25393     0.15086
   -12.24193     0.11187
   -12.23093     0.07515
   -12.21993     0.04575
   -12.20893     0.02523
   -12.19793     0.01261
   -12.18693     0.00576
   -12.17593     0.00254
   -12.16393     0.00156
   -12.15293     0.00245
   -12.14193     0.00616
   -12.13093     0.01550
   -12.11993     0.03577
   -12.10893     0.07486
   -12.09693     0.14199
   -12.08593     0.24392
   -12.07493     0.37977
   -12.06393     0.53569
   -12.05293     0.68451
   -12.04193     0.79238
   -12.03093     0.83091
   -12.01893     0.78954
   -12.00793     0.67965
   -11.99693     0.53001
   -11.98593     0.37450
   -11.97493     0.23966
   -11.96393     0.13903
   -11.95193     0.07307
   -11.94093     0.03486
   -11.92993     0.01531
   -11.91893     0.00691
   -11.90793     0.00521
   -11.89693     0.00917
   -11.88493     0.02108
   -11.87393     0.04655
   -11.86293     0.09390
   -11.85193     0.17190
   -11.84093     0.28545
   -11.82993     0.42954
   -11.81893     0.58614
   -11.80693     0.72554
   -11.79593     0.81413
   -11.78493     0.82832
   -11.77393     0.76421
   -11.76293     0.63921
   -11.75193     0.48487
   -11.73993     0.33361
   -11.72893     0.20819
   -11.71793     0.11801
   -11.70693     0.06114
   -11.69593     0.02969
   -11.68493     0.01481
   -11.67393     0.00942
   -11.66193     0.00886
   -11.65093     0.01032
   -11.63993     0.01214
   -11.62893     0.01331
   -11.61793     0.01332
   -11.60693     0.01208
   -11.59493     0.00994
   -11.58393     0.00741
   -11.57293     0.00500
   -11.56193     0.00306
   -11.55093     0.00170
   -11.53993     0.00086
   -11.52793     0.00041
   -11.51693     0.00024
   -11.50593     0.00029
   -11.49493     0.00066
   -11.48393     0.00157
   -11.47293     0.00347
   -11.46193     0.00699
   -11.44993     0.01276
   -11.43893     0.02116
   -11.42793     0.03193
   -11.41693     0.04412
   -11.40593     0.05660
   -11.39493     0.06931
   -11.38293     0.08504
   -11.37193     0.11068
   -11.36093     0.15672
   -11.34993     0.23386
   -11.33893     0.34762
   -11.32793     0.49084
   -11.31693     0.64204
   -11.30493     0.76821
   -11.29393     0.83624
   -11.28293     0.82644
   -11.27193     0.74081
   -11.26093     0.60309
   -11.24993     0.44739
   -11.23793     0.30546
   -11.22693     0.19736
   -11.21593     0.12941
   -11.20493     0.09802
   -11.19393     0.09664
   -11.18293     0.12171
   -11.17193     0.17657
   -11.15993     0.27143
   -11.14893     0.41947
   -11.13793     0.62749
   -11.12693     0.88697
   -11.11593     1.16712
   -11.10493     1.41745
   -11.09293     1.58213
   -11.08193     1.61923
   -11.07093     1.51744
   -11.05993     1.30151
   -11.04893     1.02107
   -11.03793     0.73311
   -11.02593     0.48332
   -11.01493     0.29626
   -11.00393     0.17593
   -10.99293     0.11284
   -10.98193     0.09139
   -10.97093     0.09551
   -10.95993     0.11102
   -10.94793     0.12644
   -10.93693     0.13371
   -10.92593     0.12906
   -10.91493     0.11309
   -10.90393     0.08983
   -10.89293     0.06467
   -10.88093     0.04219
   -10.86993     0.02503
   -10.85893     0.01374
   -10.84793     0.00773
   -10.83693     0.00646
   -10.82593     0.01052
   -10.81493     0.02249
   -10.80293     0.04722
   -10.79193     0.09111
   -10.78093     0.15978
   -10.76993     0.25445
   -10.75893     0.36754
   -10.74793     0.48198
   -10.73593     0.57411
   -10.72493     0.62108
   -10.71393     0.61082
   -10.70293     0.54655
   -10.69193     0.44659
   -10.68093     0.33647
   -10.66893     0.24094
   -10.65793     0.17862
   -10.64693     0.16116
   -10.63593     0.19495
   -10.62493     0.28323
   -10.61393     0.42552
   -10.60293     0.61524
   -10.59093     0.83707
   -10.57993     1.06614
   -10.56893     1.27138
   -10.55793     1.42117
   -10.54693     1.49005
   -10.53593     1.46471
   -10.52393     1.34766
   -10.51293     1.15734
   -10.50193     0.92439
   -10.49093     0.68419
   -10.47993     0.46745
   -10.46893     0.29395
   -10.45793     0.16954
   -10.44593     0.08951
   -10.43493     0.04318
   -10.42393     0.01901
   -10.41293     0.00763
   -10.40193     0.00282
   -10.39093     0.00104
   -10.37893     0.00060
   -10.36793     0.00087
   -10.35693     0.00177
   -10.34593     0.00352
   -10.33493     0.00638
   -10.32393     0.01050
   -10.31293     0.01565
   -10.30093     0.02117
   -10.28993     0.02606
   -10.27893     0.02944
   -10.26793     0.03131
   -10.25693     0.03336
   -10.24593     0.03994
   -10.23393     0.05871
   -10.22293     0.10101
   -10.21193     0.18103
   -10.20093     0.31300
   -10.18993     0.50629
   -10.17893     0.75926
   -10.16693     1.05488
   -10.15593     1.36097
   -10.14493     1.63622
   -10.13393     1.84309
   -10.12293     1.96120
   -10.11193     1.99558
   -10.10093     1.97627
   -10.08893     1.94447
   -10.07793     1.93399
   -10.06693     1.95607
   -10.05593     1.99589
   -10.04493     2.02443
   -10.03393     2.01457
   -10.02193     1.95190
   -10.01093     1.83496
    -9.99993     1.66885
    -9.98893     1.46090
    -9.97793     1.22209
    -9.96693     0.96915
    -9.95593     0.72463
    -9.94393     0.51007
    -9.93293     0.33961
    -9.92193     0.21626
    -9.91093     0.13379
    -9.89993     0.08157
    -9.88893     0.04935
    -9.87693     0.02971
    -9.86593     0.01840
    -9.85493     0.01358
    -9.84393     0.01518
    -9.83293     0.02447
    -9.82193     0.04348
    -9.80993     0.07389
    -9.79893     0.11556
    -9.78793     0.16514
    -9.77693     0.21626
    -9.76593     0.26163
    -9.75493     0.29684
    -9.74393     0.32333
    -9.73193     0.34849
    -9.72093     0.38215
    -9.70993     0.43046
    -9.69893     0.49242
    -9.68793     0.55753
    -9.67693     0.61032
    -9.66493     0.63534
    -9.65393     0.62337
    -9.64293     0.57438
    -9.63193     0.49798
    -9.62093     0.41027
    -9.60993     0.32827
    -9.59893     0.26432
    -9.58693     0.22289
    -9.57593     0.20012
    -9.56493     0.18689
    -9.55393     0.17372
    -9.54293     0.15455
    -9.53193     0.12848
    -9.51993     0.09872
    -9.50893     0.06995
    -9.49793     0.04599
    -9.48693     0.02851
    -9.47593     0.01716
    -9.46493     0.01047
    -9.45293     0.00672
    -9.44193     0.00467
    -9.43093     0.00370
    -9.41993     0.00387
    -9.40893     0.00591
    -9.39793     0.01130
    -9.38693     0.02229
    -9.37493     0.04192
    -9.36393     0.07361
    -9.35293     0.12065
    -9.34193     0.18544
    -9.33093     0.26864
    -9.31993     0.36807
    -9.30793     0.47721
    -9.29693     0.58439
    -9.28593     0.67317
    -9.27493     0.72605
    -9.26393     0.73032
    -9.25293     0.68278
    -9.24193     0.59212
    -9.22993     0.47568
    -9.21893     0.35386
    -9.20793     0.24363
    -9.19693     0.15511
    -9.18593     0.09128
    -9.17493     0.04956
    -9.16293     0.02479
    -9.15193     0.01141
    -9.14093     0.00484
    -9.12993     0.00197
    -9.11893     0.00101
    -9.10793     0.00122
    -9.09693     0.00270
    -9.08493     0.00627
    -9.07393     0.01352
    -9.06293     0.02652
    -9.05193     0.04730
    -9.04093     0.07659
    -9.02993     0.11257
    -9.01793     0.15013
    -9.00693     0.18166
    -8.99593     0.19937
    -8.98493     0.19843
    -8.97393     0.17910
    -8.96293     0.14658
    -8.95093     0.10878
    -8.93993     0.07324
    -8.92893     0.04485
    -8.91793     0.02525
    -8.90693     0.01381
    -8.89593     0.00907
    -8.88493     0.00995
    -8.87293     0.01634
    -8.86193     0.02882
    -8.85093     0.04789
    -8.83993     0.07290
    -8.82893     0.10122
    -8.81793     0.12865
    -8.80593     0.15042
    -8.79493     0.16311
    -8.78393     0.16584
    -8.77293     0.16012
    -8.76193     0.14887
    -8.75093     0.13512
    -8.73993     0.12181
    -8.72793     0.11246
    -8.71693     0.11196
    -8.70593     0.12615
    -8.69493     0.16025
    -8.68393     0.21653
    -8.67293     0.29345
    -8.66093     0.38638
    -8.64993     0.49076
    -8.63893     0.60337
    -8.62793     0.72098
    -8.61693     0.83566
    -8.60593     0.93113
    -8.59393     0.98439
    -8.58293     0.97451
    -8.57193     0.89420
    -8.56093     0.75485
    -8.54993     0.58484
    -8.53893     0.41834
    -8.52793     0.28411
    -8.51593     0.19968
    -8.50493     0.17047
    -8.49393     0.19293
    -8.48293     0.25634
    -8.47193     0.34345
    -8.46093     0.43167
    -8.44893     0.49688
    -8.43793     0.52054
    -8.42693     0.49645
    -8.41593     0.43406
    -8.40493     0.35561
    -8.39393     0.28804
    -8.38293     0.25547
    -8.37093     0.27210
    -8.35993     0.33861
    -8.34893     0.44102
    -8.33793     0.55272
    -8.32693     0.64163
    -8.31593     0.68028
    -8.30393     0.65573
    -8.29293     0.57506
    -8.28193     0.46100
    -8.27093     0.34247
    -8.25993     0.24355
    -8.24893     0.17721
    -8.23793     0.14339
    -8.22593     0.13322
    -8.21493     0.13407
    -8.20393     0.13450
    -8.19293     0.12743
    -8.18193     0.11119
    -8.17093     0.08848
    -8.15893     0.06394
    -8.14793     0.04191
    -8.13693     0.02492
    -8.12593     0.01343
    -8.11493     0.00656
    -8.10393     0.00291
    -8.09193     0.00117
    -8.08093     0.00043
    -8.06993     0.00014
    -8.05893     0.00004
    -8.04793     0.00001
    -8.03693     0.00000
    -8.02593     0.00000
    -8.01393     0.00000
    -8.00293     0.00000
    -7.99193     0.00000
    -7.98093     0.00002
    -7.96993     0.00007
    -7.95893     0.00022
    -7.94693     0.00068
    -7.93593     0.00194
    -7.92493     0.00503
    -7.91393     0.01187
    -7.90293     0.02547
    -7.89193     0.04965
    -7.88093     0.08782
    -7.86893     0.14091
    -7.85793     0.20497
    -7.84693     0.27035
    -7.83593     0.32318
    -7.82493     0.35012
    -7.81393     0.34397
    -7.80193     0.30657
    -7.79093     0.24838
    -7.77993     0.18385
    -7.76893     0.12596
    -7.75793     0.08221
    -7.74693     0.05405
    -7.73493     0.03860
    -7.72393     0.03116
    -7.71293     0.02743
    -7.70193     0.02457
    -7.69093     0.02140
    -7.67993     0.01785
    -7.66893     0.01437
    -7.65693     0.01148
    -7.64593     0.00974
    -7.63493     0.01000
    -7.62393     0.01401
    -7.61293     0.02498
    -7.60193     0.04813
    -7.58993     0.09067
    -7.57893     0.16104
    -7.56793     0.26697
    -7.55693     0.41239
    -7.54593     0.59375
    -7.53493     0.79720
    -7.52393     0.99731
    -7.51193     1.16076
    -7.50093     1.25435
    -7.48993     1.25536
    -7.47893     1.16115
    -7.46793     0.99137
    -7.45693     0.78140
    -7.44493     0.57185
    -7.43393     0.39639
    -7.42293     0.27688
    -7.41193     0.22231
    -7.40093     0.23241
    -7.38993     0.29976
    -7.37893     0.41076
    -7.36693     0.54433
    -7.35593     0.67417
    -7.34493     0.77308
    -7.33393     0.82027
    -7.32293     0.80741
    -7.31193     0.74140
    -7.29993     0.64093
    -7.28893     0.53211
    -7.27793     0.43960
    -7.26693     0.38170
    -7.25593     0.36709
    -7.24493     0.39684
    -7.23293     0.46924
    -7.22193     0.58425
    -7.21093     0.74469
    -7.19993     0.94862
    -7.18893     1.18073
    -7.17793     1.40520
    -7.16693     1.57256
    -7.15493     1.63672
    -7.14393     1.57607
    -7.13293     1.40486
    -7.12193     1.16901
    -7.11093     0.92960
    -7.09993     0.74372
    -7.08793     0.64955
    -7.07693     0.66080
    -7.06593     0.76567
    -7.05493     0.92978
    -7.04393     1.10405
    -7.03293     1.23533
    -7.02193     1.28270
    -7.00993     1.22935
    -6.99893     1.08634
    -6.98793     0.88719
    -6.97693     0.67283
    -6.96593     0.47901
    -6.95493     0.32740
    -6.94293     0.22559
    -6.93193     0.17150
    -6.92093     0.15917
    -6.90993     0.18298
    -6.89893     0.23993
    -6.88793     0.32977
    -6.87593     0.45245
    -6.86493     0.60367
    -6.85393     0.76954
    -6.84293     0.92503
    -6.83193     1.03933
    -6.82093     1.08438
    -6.80993     1.04773
    -6.79793     0.93738
    -6.78693     0.77906
    -6.77593     0.60806
    -6.76493     0.45664
    -6.75393     0.34655
    -6.74293     0.28453
    -6.73093     0.26320
    -6.71993     0.26604
    -6.70893     0.27352
    -6.69793     0.26983
    -6.68693     0.24747
    -6.67593     0.20823
    -6.66493     0.16033
    -6.65293     0.11436
    -6.64193     0.07925
    -6.63093     0.06069
    -6.61993     0.06117
    -6.60893     0.08080
    -6.59793     0.11739
    -6.58593     0.16580
    -6.57493     0.21764
    -6.56393     0.26215
    -6.55293     0.28902
    -6.54193     0.29181
    -6.53093     0.27032
    -6.51893     0.23079
    -6.50793     0.18358
    -6.49693     0.13982
    -6.48593     0.10829
    -6.47493     0.09355
    -6.46393     0.09550
    -6.45293     0.11021
    -6.44093     0.13179
    -6.42993     0.15501
    -6.41893     0.17813
    -6.40793     0.20439
    -6.39693     0.24046
    -6.38593     0.29220
    -6.37393     0.35926
    -6.36293     0.43152
    -6.35193     0.49172
    -6.34093     0.52184
    -6.32993     0.51124
    -6.31893     0.46253
    -6.30793     0.38885
    -6.29593     0.30798
    -6.28493     0.23467
    -6.27393     0.17646
    -6.26293     0.13465
    -6.25193     0.10726
    -6.24093     0.09212
    -6.22893     0.08784
    -6.21793     0.09280
    -6.20693     0.10385
    -6.19593     0.11594
    -6.18493     0.12339
    -6.17393     0.12189
    -6.16293     0.11036
    -6.15093     0.09100
    -6.13993     0.06813
    -6.12893     0.04628
    -6.11793     0.02854
    -6.10693     0.01610
    -6.09593     0.00863
    -6.08393     0.00522
    -6.07293     0.00513
    -6.06193     0.00841
    -6.05093     0.01622
    -6.03993     0.03112
    -6.02893     0.05735
    -6.01693     0.10087
    -6.00593     0.16842
    -5.99493     0.26503
    -5.98393     0.38981
    -5.97293     0.53210
    -5.96193     0.67003
    -5.95093     0.77504
    -5.93893     0.82173
    -5.92793     0.79720
    -5.91693     0.70770
    -5.90593     0.57489
    -5.89493     0.42803
    -5.88393     0.29240
    -5.87193     0.18374
    -5.86093     0.10644
    -5.84993     0.05700
    -5.83893     0.02834
    -5.82793     0.01326
    -5.81693     0.00622
    -5.80593     0.00378
    -5.79393     0.00426
    -5.78293     0.00717
    -5.77193     0.01259
    -5.76093     0.02058
    -5.74993     0.03061
    -5.73893     0.04131
    -5.72693     0.05055
    -5.71593     0.05614
    -5.70493     0.05685
    -5.69393     0.05322
    -5.68293     0.04810
    -5.67193     0.04661
    -5.65993     0.05584
    -5.64893     0.08435
    -5.63793     0.14049
    -5.62693     0.22941
    -5.61593     0.34861
    -5.60493     0.48432
    -5.59393     0.61233
    -5.58193     0.70329
    -5.57093     0.73412
    -5.55993     0.69693
    -5.54893     0.60255
    -5.53793     0.47583
    -5.52693     0.34463
    -5.51493     0.23043
    -5.50393     0.14385
    -5.49293     0.08511
    -5.48193     0.04862
    -5.47093     0.02728
    -5.45993     0.01530
    -5.44893     0.00896
    -5.43693     0.00653
    -5.42593     0.00779
    -5.41493     0.01385
    -5.40393     0.02689
    -5.39293     0.04943
    -5.38193     0.08318
    -5.36993     0.12707
    -5.35893     0.17591
    -5.34793     0.22066
    -5.33693     0.25081
    -5.32593     0.25830
    -5.31493     0.24119
    -5.30393     0.20456
    -5.29193     0.15851
    -5.28093     0.11441
    -5.26993     0.08136
    -5.25893     0.06458
    -5.24793     0.06523
    -5.23693     0.08111
    -5.22493     0.10735
    -5.21393     0.13740
    -5.20293     0.16478
    -5.19193     0.18598
    -5.18093     0.20313
    -5.16993     0.22495
    -5.15793     0.26390
    -5.14693     0.33024
    -5.13593     0.42495
    -5.12493     0.53509
    -5.11393     0.63601
    -5.10293     0.69893
    -5.09193     0.70340
    -5.07993     0.64485
    -5.06893     0.53774
    -5.05793     0.40730
    -5.04693     0.28014
    -5.03593     0.17495
    -5.02493     0.09916
    -5.01293     0.05101
    -5.00193     0.02382
    -4.99093     0.01009
    -4.97993     0.00388
    -4.96893     0.00135
    -4.95793     0.00043
    -4.94693     0.00012
    -4.93493     0.00003
    -4.92393     0.00001
    -4.91293     0.00000
    -4.90193     0.00000
    -4.89093     0.00000
    -4.87993     0.00000
    -4.86793     0.00000
    -4.85693     0.00001
    -4.84593     0.00004
    -4.83493     0.00013
    -4.82393     0.00041
    -4.81293     0.00117
    -4.80093     0.00300
    -4.78993     0.00699
    -4.77893     0.01478
    -4.76793     0.02838
    -4.75693     0.04945
    -4.74593     0.07823
    -4.73493     0.11234
    -4.72293     0.14636
    -4.71193     0.17305
    -4.70093     0.18561
    -4.68993     0.18062
    -4.67893     0.15941
    -4.66793     0.12762
    -4.65593     0.09265
    -4.64493     0.06103
    -4.63393     0.03656
    -4.62293     0.02024
    -4.61193     0.01134
    -4.60093     0.00894
    -4.58993     0.01344
    -4.57793     0.02736
    -4.56693     0.05550
    -4.55593     0.10364
    -4.54493     0.17588
    -4.53393     0.27039
    -4.52293     0.37683
    -4.51093     0.47567
    -4.49993     0.54402
    -4.48893     0.56379
    -4.47793     0.52919
    -4.46693     0.45025
    -4.45593     0.34729
    -4.44393     0.24337
    -4.43293     0.15600
    -4.42193     0.09410
    -4.41093     0.05861
    -4.39993     0.04636
    -4.38893     0.05377
    -4.37793     0.07875
    -4.36593     0.12063
    -4.35493     0.17863
    -4.34393     0.24937
    -4.33293     0.32484
    -4.32193     0.39235
    -4.31093     0.43712
    -4.29893     0.44779
    -4.28793     0.42036
    -4.27693     0.36200
    -4.26593     0.28711
    -4.25493     0.21326
    -4.24393     0.15541
    -4.23293     0.12262
    -4.22093     0.11713
    -4.20993     0.13529
    -4.19893     0.16908
    -4.18793     0.20806
    -4.17693     0.24179
    -4.16593     0.26230
    -4.15393     0.26573
    -4.14293     0.25248
    -4.13193     0.22597
    -4.12093     0.19093
    -4.10993     0.15215
    -4.09893     0.11394
    -4.08793     0.07972
    -4.07593     0.05178
    -4.06493     0.03104
    -4.05393     0.01709
    -4.04293     0.00863
    -4.03193     0.00405
    -4.02093     0.00196
    -4.00893     0.00152
    -3.99793     0.00252
    -3.98693     0.00543
    -3.97593     0.01137
    -3.96493     0.02180
    -3.95393     0.03809
    -3.94193     0.06079
    -3.93093     0.08930
    -3.91993     0.12219
    -3.90893     0.15901
    -3.89793     0.20195
    -3.88693     0.25681
    -3.87593     0.33016
    -3.86393     0.42449
    -3.85293     0.53247
    -3.84193     0.63533
    -3.83093     0.71001
    -3.81993     0.73825
    -3.80893     0.71916
    -3.79693     0.67054
    -3.78593     0.62321
    -3.77493     0.60776
    -3.76393     0.64262
    -3.75293     0.72862
    -3.74193     0.85014
    -3.73093     0.98239
    -3.71893     1.09689
    -3.70793     1.16710
    -3.69693     1.17435
    -3.68593     1.11062
    -3.67493     0.98111
    -3.66393     0.80784
    -3.65193     0.62207
    -3.64093     0.45838
    -3.62993     0.34685
    -3.61893     0.30786
    -3.60793     0.35012
    -3.59693     0.46893
    -3.58493     0.64440
    -3.57393     0.84143
    -3.56293     1.01537
    -3.55193     1.12405
    -3.54093     1.14151
    -3.52993     1.06715
    -3.51893     0.92534
    -3.50693     0.75438
    -3.49593     0.59027
    -3.48493     0.45861
    -3.47393     0.37079
    -3.46293     0.32747
    -3.45193     0.32311
    -3.43993     0.34904
    -3.42893     0.39452
    -3.41793     0.44727
    -3.40693     0.49527
    -3.39593     0.53002
    -3.38493     0.54893
    -3.37393     0.55591
    -3.36193     0.55971
    -3.35093     0.57119
    -3.33993     0.60029
    -3.32893     0.65411
    -3.31793     0.73410
    -3.30693     0.83438
    -3.29493     0.94035
    -3.28393     1.02752
    -3.27293     1.06971
    -3.26193     1.04723
    -3.25093     0.95400
    -3.23993     0.80376
    -3.22893     0.62434
    -3.21693     0.44897
    -3.20593     0.30662
    -3.19493     0.21597
    -3.18393     0.18679
    -3.17293     0.22223
    -3.16193     0.32042
    -3.14993     0.47253
    -3.13893     0.65935
    -3.12793     0.85024
    -3.11693     1.00822
    -3.10593     1.10196
    -3.09493     1.11446
    -3.08293     1.04896
    -3.07193     0.92563
    -3.06093     0.77216
    -3.04993     0.61530
    -3.03893     0.47733
    -3.02793     0.37650
    -3.01693     0.32770
    -3.00493     0.34144
    -2.99393     0.41984
    -2.98293     0.55181
    -2.97193     0.71019
    -2.96093     0.85804
    -2.94993     0.95711
    -2.93793     0.98308
    -2.92693     0.93402
    -2.91593     0.82999
    -2.90493     0.70147
    -2.89393     0.57950
    -2.88293     0.48312
    -2.87193     0.42071
    -2.85993     0.39268
    -2.84893     0.39792
    -2.83793     0.43640
    -2.82693     0.50730
    -2.81593     0.60411
    -2.80493     0.71066
    -2.79293     0.80292
    -2.78193     0.85422
    -2.77093     0.84540
    -2.75993     0.77357
    -2.74893     0.65241
    -2.73793     0.50695
    -2.72593     0.36514
    -2.71493     0.24751
    -2.70393     0.16351
    -2.69293     0.11238
    -2.68193     0.08754
    -2.67093     0.08173
    -2.65993     0.09046
    -2.64793     0.11359
    -2.63693     0.15427
    -2.62593     0.21605
    -2.61493     0.29917
    -2.60393     0.39760
    -2.59293     0.49856
    -2.58093     0.58648
    -2.56993     0.64938
    -2.55893     0.68526
    -2.54793     0.70579
    -2.53693     0.73063
    -2.52593     0.77880
    -2.51493     0.85766
    -2.50293     0.95767
    -2.49193     1.05674
    -2.48093     1.13319
    -2.46993     1.17562
    -2.45893     1.19059
    -2.44793     1.19453
    -2.43593     1.20222
    -2.42493     1.21693
    -2.41393     1.22989
    -2.40293     1.22699
    -2.39193     1.19866
    -2.38093     1.14820
    -2.36993     1.08613
    -2.35793     1.02228
    -2.34693     0.95965
    -2.33593     0.89319
    -2.32493     0.81663
    -2.31393     0.73071
    -2.30293     0.64800
    -2.29093     0.58872
    -2.27993     0.57281
    -2.26893     0.60908
    -2.25793     0.69043
    -2.24693     0.79332
    -2.23593     0.88718
    -2.22393     0.94480
    -2.21293     0.95418
    -2.20193     0.92389
    -2.19093     0.87569
    -2.17993     0.83415
    -2.16893     0.81240
    -2.15793     0.81024
    -2.14593     0.82007
    -2.13493     0.83575
    -2.12393     0.85970
    -2.11293     0.90332
    -2.10193     0.97758
    -2.09093     1.08693
    -2.07893     1.22065
    -2.06793     1.35408
    -2.05693     1.45458
    -2.04593     1.49054
    -2.03493     1.44463
    -2.02393     1.32268
    -2.01293     1.15583
    -2.00093     0.98869
    -1.98993     0.86581
    -1.97893     0.81392
    -1.96793     0.83634
    -1.95693     0.91351
    -1.94593     1.01350
    -1.93393     1.10256
    -1.92293     1.15235
    -1.91193     1.14700
    -1.90093     1.08401
    -1.88993     0.97406
    -1.87893     0.83798
    -1.86693     0.69981
    -1.85593     0.58049
    -1.84493     0.49332
    -1.83393     0.44296
    -1.82293     0.42780
    -1.81193     0.44348
    -1.80093     0.48561
    -1.78893     0.55044
    -1.77793     0.63259
    -1.76693     0.72226
    -1.75593     0.80161
    -1.74493     0.84966
    -1.73393     0.84976
    -1.72193     0.79702
    -1.71093     0.70351
    -1.69993     0.59627
    -1.68893     0.50775
    -1.67793     0.46557
    -1.66693     0.48486
    -1.65593     0.56441
    -1.64393     0.68741
    -1.63293     0.82659
    -1.62193     0.94924
    -1.61093     1.02707
    -1.59993     1.04091
    -1.58893     0.98513
    -1.57693     0.87082
    -1.56593     0.72128
    -1.55493     0.56815
    -1.54393     0.44304
    -1.53293     0.37117
    -1.52193     0.36563
    -1.50993     0.42597
    -1.49893     0.53892
    -1.48793     0.68164
    -1.47693     0.82545
    -1.46593     0.94128
    -1.45493     1.00486
    -1.44393     1.00274
    -1.43193     0.93629
    -1.42093     0.82265
    -1.40993     0.69032
    -1.39893     0.57003
    -1.38793     0.48620
    -1.37693     0.44966
    -1.36493     0.45854
    -1.35393     0.50371
    -1.34293     0.57561
    -1.33193     0.66839
    -1.32093     0.77856
    -1.30993     0.90115
    -1.29893     1.02362
    -1.28693     1.12422
    -1.27593     1.17855
    -1.26493     1.16660
    -1.25393     1.08568
    -1.24293     0.95298
    -1.23193     0.80228
    -1.21993     0.67353
    -1.20893     0.59775
    -1.19793     0.58783
    -1.18693     0.63464
    -1.17593     0.71329
    -1.16493     0.78876
    -1.15393     0.83074
    -1.14193     0.81869
    -1.13093     0.74976
    -1.11993     0.63494
    -1.10893     0.49691
    -1.09793     0.35978
    -1.08693     0.24320
    -1.07493     0.15822
    -1.06393     0.10681
    -1.05293     0.08423
    -1.04193     0.08243
    -1.03093     0.09313
    -1.01993     0.11001
    -1.00793     0.13017
    -0.99693     0.15407
    -0.98593     0.18380
    -0.97493     0.22028
    -0.96393     0.26051
    -0.95293     0.29683
    -0.94193     0.31937
    -0.92993     0.32043
    -0.91893     0.29884
    -0.90793     0.26172
    -0.89693     0.22254
    -0.88593     0.19669
    -0.87493     0.19623
    -0.86293     0.22567
    -0.85193     0.28016
    -0.84093     0.34605
    -0.82993     0.40495
    -0.81893     0.43950
    -0.80793     0.43953
    -0.79693     0.40543
    -0.78493     0.34718
    -0.77393     0.27941
    -0.76293     0.21549
    -0.75193     0.16320
    -0.74093     0.12407
    -0.72993     0.09572
    -0.71793     0.07480
    -0.70693     0.05947
    -0.69593     0.04991
    -0.68493     0.04800
    -0.67393     0.05623
    -0.66293     0.07701
    -0.65093     0.11218
    -0.63993     0.16223
    -0.62893     0.22523
    -0.61793     0.29528
    -0.60693     0.36216
    -0.59593     0.41252
    -0.58493     0.43393
    -0.57293     0.41979
    -0.56193     0.37261
    -0.55093     0.30374
    -0.53993     0.22894
    -0.52893     0.16289
    -0.51793     0.11484
    -0.50593     0.08713
    -0.49493     0.07651
    -0.48393     0.07704
    -0.47293     0.08338
    -0.46193     0.09329
    -0.45093     0.10912
    -0.43993     0.13706
    -0.42793     0.18444
    -0.41693     0.25523
    -0.40593     0.34563
    -0.39493     0.44174
    -0.38393     0.52327
    -0.37293     0.56931
    -0.36093     0.56822
    -0.34993     0.52187
    -0.33893     0.44533
    -0.32793     0.36111
    -0.31693     0.28866
    -0.30593     0.23928
    -0.29493     0.21397
    -0.28293     0.20651
    -0.27193     0.20887
    -0.26093     0.21568
    -0.24993     0.22619
    -0.23893     0.24270
    -0.22793     0.26666
    -0.21593     0.29514
    -0.20493     0.32001
    -0.19393     0.33099
    -0.18293     0.32096
    -0.17193     0.28998
    -0.16093     0.24592
    -0.14893     0.20067
    -0.13793     0.16488
    -0.12693     0.14350
    -0.11593     0.13482
    -0.10493     0.13245
    -0.09393     0.12917
    -0.08293     0.12028
    -0.07093     0.10509
    -0.05993     0.08618
    -0.04893     0.06733
    -0.03793     0.05163
    -0.02693     0.04055
    -0.01593     0.03431
    -0.00393     0.03300
     0.00707     0.03747
     0.01807     0.04924
     0.02907     0.06978
     0.04007     0.09905
     0.05107     0.13477
     0.06207     0.17239
     0.07407     0.20642
     0.08507     0.23210
     0.09607     0.24645
     0.10707     0.24840
     0.11807     0.23810
     0.12907     0.21673
     0.14107     0.18667
     0.15207     0.15191
     0.16307     0.11792
     0.17407     0.09029
     0.18507     0.07327
     0.19607     0.06821
     0.20807     0.07328
     0.21907     0.08391
     0.23007     0.09430
     0.24107     0.09921
     0.25207     0.09575
     0.26307     0.08411
     0.27407     0.06706
     0.28607     0.04848
     0.29707     0.03175
     0.30807     0.01884
     0.31907     0.01013
     0.33007     0.00494
     0.34107     0.00220
     0.35307     0.00094
     0.36407     0.00054
     0.37507     0.00076
     0.38607     0.00181
     0.39707     0.00434
     0.40807     0.00956
     0.41907     0.01911
     0.43107     0.03462
     0.44207     0.05683
     0.45307     0.08447
     0.46407     0.11379
     0.47507     0.13884
     0.48607     0.15352
     0.49807     0.15377
     0.50907     0.13956
     0.52007     0.11473
     0.53107     0.08546
     0.54207     0.05768
     0.55307     0.03529
     0.56507     0.01965
     0.57607     0.01015
     0.58707     0.00541
     0.59807     0.00414
     0.60907     0.00576
     0.62007     0.01036
     0.63107     0.01835
     0.64307     0.02992
     0.65407     0.04433
     0.66507     0.05952
     0.67607     0.07238
     0.68707     0.07979
     0.69807     0.07964
     0.71007     0.07205
     0.72107     0.05905
     0.73207     0.04386
     0.74307     0.02955
     0.75407     0.01814
     0.76507     0.01032
     0.77607     0.00585
     0.78807     0.00403
     0.79907     0.00414
     0.81007     0.00563
     0.82107     0.00798
     0.83207     0.01062
     0.84307     0.01294
     0.85507     0.01430
     0.86607     0.01437
     0.87707     0.01316
     0.88807     0.01122
     0.89907     0.00946
     0.91007     0.00916
     0.92107     0.01196
     0.93307     0.01981
     0.94407     0.03471
     0.95507     0.05794
     0.96607     0.08883
     0.97707     0.12391
     0.98807     0.15674
     1.00007     0.17967
     1.01107     0.18662
     1.02207     0.17560
     1.03307     0.14971
     1.04407     0.11567
     1.05507     0.08104
     1.06707     0.05173
     1.07807     0.03066
     1.08907     0.01832
     1.10007     0.01399
     1.11107     0.01694
     1.12207     0.02691
     1.13307     0.04364
     1.14507     0.06603
     1.15607     0.09112
     1.16707     0.11442
     1.17807     0.13085
     1.18907     0.13704
     1.20007     0.13282
     1.21207     0.12142
     1.22307     0.10787
     1.23407     0.09668
     1.24507     0.08986
     1.25607     0.08666
     1.26707     0.08490
     1.27807     0.08245
     1.29007     0.07833
     1.30107     0.07282
     1.31207     0.06658
     1.32307     0.06006
     1.33407     0.05358
     1.34507     0.04790
     1.35707     0.04509
     1.36807     0.04874
     1.37907     0.06360
     1.39007     0.09417
     1.40107     0.14281
     1.41207     0.20762
     1.42407     0.28162
     1.43507     0.35345
     1.44607     0.41087
     1.45707     0.44418
     1.46807     0.44973
     1.47907     0.42988
     1.49007     0.39189
     1.50207     0.34589
     1.51307     0.30142
     1.52407     0.26766
     1.53507     0.25119
     1.54607     0.25532
     1.55707     0.27924
     1.56907     0.31818
     1.58007     0.36457
     1.59107     0.41041
     1.60207     0.44899
     1.61307     0.47573
     1.62407     0.48799
     1.63507     0.48391
     1.64707     0.46259
     1.65807     0.42527
     1.66907     0.37771
     1.68007     0.33174
     1.69107     0.30431
     1.70207     0.31318
     1.71407     0.37107
     1.72507     0.48030
     1.73607     0.62960
     1.74707     0.79538
     1.75807     0.94637
     1.76907     1.05197
     1.78007     1.08918
     1.79207     1.04992
     1.80307     0.94197
     1.81407     0.78561
     1.82507     0.60859
     1.83607     0.43759
     1.84707     0.29245
     1.85907     0.18286
     1.87007     0.10946
     1.88107     0.06678
     1.89207     0.04759
     1.90307     0.04654
     1.91407     0.06219
     1.92607     0.09707
     1.93707     0.15609
     1.94807     0.24322
     1.95907     0.35810
     1.97007     0.49361
     1.98107     0.63562
     1.99207     0.76597
     2.00407     0.86761
     2.01507     0.92919
     2.02607     0.94976
     2.03707     0.93909
     2.04807     0.91490
     2.05907     0.89784
     2.07107     0.90465
     2.08207     0.94311
     2.09307     1.00926
     2.10407     1.09135
     2.11507     1.17548
     2.12607     1.25382
     2.13707     1.32743
     2.14907     1.40341
     2.16007     1.48576
     2.17107     1.56594
     2.18207     1.61962
     2.19307     1.61561
     2.20407     1.53149
     2.21607     1.36733
     2.22707     1.15015
     2.23807     0.92383
     2.24907     0.73004
     2.26007     0.59389
     2.27107     0.51610
     2.28307     0.47768
     2.29407     0.45171
     2.30507     0.41613
     2.31607     0.36154
     2.32707     0.29161
     2.33807     0.21780
     2.34907     0.15254
     2.36107     0.10462
     2.37207     0.07857
     2.38307     0.07732
     2.39407     0.10518
     2.40507     0.16951
     2.41607     0.27930
     2.42807     0.44075
     2.43907     0.65135
     2.45007     0.89557
     2.46107     1.14616
     2.47207     1.37074
     2.48307     1.54448
     2.49407     1.65845
     2.50607     1.71696
     2.51707     1.73047
     2.52807     1.70219
     2.53907     1.62621
     2.55007     1.49556
     2.56107     1.31681
     2.57307     1.11705
     2.58407     0.93754
     2.59507     0.81629
     2.60607     0.77026
     2.61707     0.78734
     2.62807     0.83172
     2.63907     0.85980
     2.65107     0.84037
     2.66207     0.76568
     2.67307     0.65317
     2.68407     0.53504
     2.69507     0.44313
     2.70607     0.39674
     2.71807     0.39823
     2.72907     0.43711
     2.74007     0.49958
     2.75107     0.57795
     2.76207     0.67412
     2.77307     0.79440
     2.78507     0.93844
     2.79607     1.08956
     2.80707     1.21425
     2.81807     1.27301
     2.82907     1.23904
     2.84007     1.11110
     2.85107     0.91551
     2.86307     0.69523
     2.87407     0.49422
     2.88507     0.34491
     2.89607     0.26288
     2.90707     0.24890
     2.91807     0.29289
     2.93007     0.37722
     2.94107     0.47834
     2.95207     0.56962
     2.96307     0.62643
     2.97407     0.63345
     2.98507     0.59018
     2.99607     0.51185
     3.00807     0.42407
     3.01907     0.35344
     3.03007     0.31949
     3.04107     0.32995
     3.05207     0.38168
     3.06307     0.46423
     3.07507     0.56358
     3.08607     0.66378
     3.09707     0.74759
     3.10807     0.79817
     3.11907     0.80049
     3.13007     0.74979
     3.14207     0.65298
     3.15307     0.52812
     3.16407     0.39979
     3.17507     0.29060
     3.18607     0.21503
     3.19707     0.17675
     3.20807     0.16972
     3.22007     0.18155
     3.23107     0.19816
     3.24207     0.20833
     3.25307     0.20714
     3.26407     0.19658
     3.27507     0.18346
     3.28707     0.17493
     3.29807     0.17452
     3.30907     0.18031
     3.32007     0.18654
     3.33107     0.18771
     3.34207     0.18247
     3.35307     0.17558
     3.36507     0.17659
     3.37607     0.19619
     3.38707     0.24192
     3.39807     0.31504
     3.40907     0.41003
     3.42007     0.51632
     3.43207     0.62163
     3.44307     0.71533
     3.45407     0.79020
     3.46507     0.84277
     3.47607     0.87440
     3.48707     0.88796
     3.49907     0.88709
     3.51007     0.87500
     3.52107     0.85464
     3.53207     0.82954
     3.54307     0.80673
     3.55407     0.79477
     3.56507     0.79986
     3.57707     0.82180
     3.58807     0.85096
     3.59907     0.87279
     3.61007     0.87415
     3.62107     0.84990
     3.63207     0.80387
     3.64407     0.74371
     3.65507     0.67720
     3.66607     0.60879
     3.67707     0.54145
     3.68807     0.47899
     3.69907     0.42587
     3.71007     0.38568
     3.72207     0.35979
     3.73307     0.34789
     3.74407     0.35020
     3.75507     0.36969
     3.76607     0.41216
     3.77707     0.48389
     3.78907     0.58695
     3.80007     0.71449
     3.81107     0.84873
     3.82207     0.96531
     3.83307     1.03982
     3.84407     1.05992
     3.85507     1.03103
     3.86707     0.97277
     3.87807     0.91230
     3.88907     0.87132
     3.90007     0.85760
     3.91107     0.86256
     3.92207     0.86449
     3.93407     0.84015
     3.94507     0.77455
     3.95607     0.66781
     3.96707     0.53493
     3.97807     0.39905
     3.98907     0.28280
     4.00107     0.20205
     4.01207     0.16436
     4.02307     0.17087
     4.03407     0.21890
     4.04507     0.30300
     4.05607     0.41387
     4.06707     0.53697
     4.07907     0.65230
     4.09007     0.73797
     4.10107     0.77601
     4.11207     0.75727
     4.12307     0.68571
     4.13407     0.57712
     4.14607     0.45441
     4.15707     0.34142
     4.16807     0.25738
     4.17907     0.21408
     4.19007     0.21551
     4.20107     0.25920
     4.21207     0.33749
     4.22407     0.43869
     4.23507     0.54782
     4.24607     0.64832
     4.25707     0.72456
     4.26807     0.76443
     4.27907     0.76212
     4.29107     0.71883
     4.30207     0.64400
     4.31307     0.55310
     4.32407     0.46458
     4.33507     0.39483
     4.34607     0.35286
     4.35807     0.33771
     4.36907     0.33984
     4.38007     0.34686
     4.39107     0.35028
     4.40207     0.35085
     4.41307     0.35880
     4.42407     0.38933
     4.43607     0.45517
     4.44707     0.55912
     4.45807     0.69018
     4.46907     0.82549
     4.48007     0.93679
     4.49107     1.00003
     4.50307     1.00339
     4.51407     0.94931
     4.52507     0.85083
     4.53607     0.72749
     4.54707     0.59684
     4.55807     0.47398
     4.56907     0.37087
     4.58107     0.29751
     4.59207     0.26176
     4.60307     0.26717
     4.61407     0.31048
     4.62507     0.38080
     4.63607     0.46138
     4.64807     0.53398
     4.65907     0.58423
     4.67007     0.60550
     4.68107     0.59929
     4.69207     0.57254
     4.70307     0.53303
     4.71407     0.48686
     4.72607     0.43778
     4.73707     0.38947
     4.74807     0.34747
     4.75907     0.31978
     4.77007     0.31533
     4.78107     0.34136
     4.79307     0.40048
     4.80407     0.48797
     4.81507     0.59093
     4.82607     0.69060
     4.83707     0.76792
     4.84807     0.81001
     4.86007     0.81584
     4.87107     0.79510
     4.88207     0.76378
     4.89307     0.73499
     4.90407     0.71380
     4.91507     0.69730
     4.92607     0.68025
     4.93807     0.66178
     4.94907     0.64705
     4.96007     0.64439
     4.97107     0.65624
     4.98207     0.67572
     4.99307     0.68904
     5.00507     0.68683
     5.01607     0.67325
     5.02707     0.66996
     5.03807     0.70594
     5.04907     0.80313
     5.06007     0.95976
     5.07107     1.14610
     5.08307     1.31306
     5.09407     1.41280
     5.10507     1.42116
     5.11607     1.34705
     5.12707     1.22641
     5.13807     1.10299
     5.15007     1.00633
     5.16107     0.94261
     5.17207     0.89879
     5.18307     0.85731
     5.19407     0.80890
     5.20507     0.75805
     5.21707     0.71756
     5.22807     0.69947
     5.23907     0.70757
     5.25007     0.73658
     5.26107     0.77615
     5.27207     0.81658
     5.28307     0.85142
     5.29507     0.87659
     5.30607     0.88791
     5.31707     0.87982
     5.32807     0.84699
     5.33907     0.78730
     5.35007     0.70432
     5.36207     0.60786
     5.37307     0.51226
     5.38407     0.43344
     5.39507     0.38539
     5.40607     0.37670
     5.41707     0.40845
     5.42807     0.47289
     5.44007     0.55467
     5.45107     0.63377
     5.46207     0.69062
     5.47307     0.71204
     5.48407     0.69483
     5.49507     0.64593
     5.50707     0.57766
     5.51807     0.50183
     5.52907     0.42568
     5.54007     0.35205
     5.55107     0.28200
     5.56207     0.21729
     5.57407     0.16100
     5.58507     0.11621
     5.59607     0.08497
     5.60707     0.06788
     5.61807     0.06528
     5.62907     0.07823
     5.64007     0.10879
     5.65207     0.15899
     5.66307     0.22853
     5.67407     0.31206
     5.68507     0.39768
     5.69607     0.46835
     5.70707     0.50667
     5.71907     0.50169
     5.73007     0.45344
     5.74107     0.37355
     5.75207     0.28055
     5.76307     0.19263
     5.77407     0.12241
     5.78507     0.07492
     5.79707     0.04887
     5.80807     0.03942
     5.81907     0.04057
     5.83007     0.04660
     5.84107     0.05268
     5.85207     0.05544
     5.86407     0.05330
     5.87507     0.04654
     5.88607     0.03684
     5.89707     0.02642
     5.90807     0.01717
     5.91907     0.01011
     5.93007     0.00539
     5.94207     0.00261
     5.95307     0.00114
     5.96407     0.00045
     5.97507     0.00016
     5.98607     0.00005
     5.99707     0.00002
     6.00907     0.00000
     6.02007     0.00000
     6.03107     0.00000
     6.04207     0.00000
     6.05307     0.00000
     6.06407     0.00000
     6.07607     0.00000
     6.08707     0.00000
     6.09807     0.00000
     6.10907     0.00000
     6.12007     0.00000
     6.13107     0.00000
     6.14207     0.00000
     6.15407     0.00000
     6.16507     0.00000
     6.17607     0.00000
     6.18707     0.00000
     6.19807     0.00000
     6.20907     0.00000
     6.22107     0.00000
     6.23207     0.00000
     6.24307     0.00000
     6.25407     0.00000
     6.26507     0.00000
     6.27607     0.00000
     6.28707     0.00000
     6.29907     0.00000
     6.31007     0.00000
     6.32107     0.00000
     6.33207     0.00000
     6.34307     0.00000
     6.35407     0.00000
     6.36607     0.00000
     6.37707     0.00000
     6.38807     0.00000
     6.39907     0.00000
     6.41007     0.00000
     6.42107     0.00000
     6.43307     0.00000
     6.44407     0.00000
     6.45507     0.00000
     6.46607     0.00000
     6.47707     0.00000
     6.48807     0.00000
     6.49907     0.00000
     6.51107     0.00000
     6.52207     0.00000
     6.53307     0.00000
     6.54407     0.00000
     6.55507     0.00000
     6.56607     0.00000
     6.57807     0.00000
     6.58907     0.00000
     6.60007     0.00000
     6.61107     0.00000
     6.62207     0.00000
     6.63307     0.00000
     6.64407     0.00000
     6.65607     0.00000
     6.66707     0.00000
     6.67807     0.00000
     6.68907     0.00000
     6.70007     0.00000
     6.71107     0.00000
     6.72307     0.00000
     6.73407     0.00000
     6.74507     0.00000
     6.75607     0.00000
     6.76707     0.00000
     6.77807     0.00000
     6.78907     0.00000
     6.80107     0.00000
     6.81207     0.00000
     6.82307     0.00000
     6.83407     0.00000
     6.84507     0.00000
     6.85607     0.00000
     6.86807     0.00000
     6.87907     0.00000
     6.89007     0.00000
     6.90107     0.00000
     6.91207     0.00000
     6.92307     0.00000
     6.93507     0.00000
     6.94607     0.00000
     6.95707     0.00000
     6.96807     0.00000
     6.97907     0.00000
     6.99007     0.00000
     7.00107     0.00000
     7.01307     0.00000
     7.02407     0.00000
     7.03507     0.00000
     7.04607     0.00000
     7.05707     0.00000
     7.06807     0.00000
     7.08007     0.00000
     7.09107     0.00000
     7.10207     0.00000
     7.11307     0.00000
     7.12407     0.00000
     7.13507     0.00000
     7.14607     0.00000
     7.15807     0.00000
     7.16907     0.00000
     7.18007     0.00000
     7.19107     0.00000
     7.20207     0.00000
     7.21307     0.00000
     7.22507     0.00000
     7.23607     0.00000
     7.24707     0.00000
     7.25807     0.00000
     7.26907     0.00000
     7.28007     0.00000
     7.29207     0.00000
     7.30307     0.00000
     7.31407     0.00000
     7.32507     0.00000
     7.33607     0.00000
     7.34707     0.00000
     7.35807     0.00000
     7.37007     0.00000
