     #Energy      5&8_py
   -26.09793     0.00000
   -26.08693     0.00000
   -26.07593     0.00000
   -26.06493     0.00000
   -26.05293     0.00000
   -26.04193     0.00000
   -26.03093     0.00000
   -26.01993     0.00000
   -26.00893     0.00000
   -25.99793     0.00000
   -25.98693     0.00000
   -25.97493     0.00000
   -25.96393     0.00000
   -25.95293     0.00000
   -25.94193     0.00000
   -25.93093     0.00000
   -25.91993     0.00000
   -25.90793     0.00000
   -25.89693     0.00000
   -25.88593     0.00000
   -25.87493     0.00000
   -25.86393     0.00000
   -25.85293     0.00000
   -25.84193     0.00000
   -25.82993     0.00000
   -25.81893     0.00000
   -25.80793     0.00000
   -25.79693     0.00000
   -25.78593     0.00000
   -25.77493     0.00000
   -25.76293     0.00000
   -25.75193     0.00000
   -25.74093     0.00000
   -25.72993     0.00000
   -25.71893     0.00000
   -25.70793     0.00000
   -25.69593     0.00000
   -25.68493     0.00000
   -25.67393     0.00000
   -25.66293     0.00000
   -25.65193     0.00000
   -25.64093     0.00000
   -25.62993     0.00000
   -25.61793     0.00000
   -25.60693     0.00000
   -25.59593     0.00000
   -25.58493     0.00000
   -25.57393     0.00000
   -25.56293     0.00000
   -25.55093     0.00000
   -25.53993     0.00000
   -25.52893     0.00000
   -25.51793     0.00000
   -25.50693     0.00000
   -25.49593     0.00000
   -25.48493     0.00000
   -25.47293     0.00000
   -25.46193     0.00000
   -25.45093     0.00000
   -25.43993     0.00000
   -25.42893     0.00000
   -25.41793     0.00000
   -25.40593     0.00000
   -25.39493     0.00000
   -25.38393     0.00000
   -25.37293     0.00000
   -25.36193     0.00000
   -25.35093     0.00000
   -25.33993     0.00000
   -25.32793     0.00000
   -25.31693     0.00000
   -25.30593     0.00000
   -25.29493     0.00000
   -25.28393     0.00000
   -25.27293     0.00000
   -25.26093     0.00000
   -25.24993     0.00000
   -25.23893     0.00000
   -25.22793     0.00000
   -25.21693     0.00000
   -25.20593     0.00000
   -25.19393     0.00000
   -25.18293     0.00000
   -25.17193     0.00000
   -25.16093     0.00000
   -25.14993     0.00000
   -25.13893     0.00000
   -25.12793     0.00000
   -25.11593     0.00000
   -25.10493     0.00000
   -25.09393     0.00000
   -25.08293     0.00000
   -25.07193     0.00000
   -25.06093     0.00000
   -25.04893     0.00000
   -25.03793     0.00000
   -25.02693     0.00000
   -25.01593     0.00000
   -25.00493     0.00000
   -24.99393     0.00000
   -24.98293     0.00000
   -24.97093     0.00000
   -24.95993     0.00000
   -24.94893     0.00000
   -24.93793     0.00000
   -24.92693     0.00000
   -24.91593     0.00000
   -24.90393     0.00000
   -24.89293     0.00000
   -24.88193     0.00000
   -24.87093     0.00000
   -24.85993     0.00000
   -24.84893     0.00000
   -24.83693     0.00000
   -24.82593     0.00000
   -24.81493     0.00000
   -24.80393     0.00000
   -24.79293     0.00000
   -24.78193     0.00000
   -24.77093     0.00000
   -24.75893     0.00000
   -24.74793     0.00000
   -24.73693     0.00000
   -24.72593     0.00000
   -24.71493     0.00000
   -24.70393     0.00000
   -24.69193     0.00000
   -24.68093     0.00000
   -24.66993     0.00000
   -24.65893     0.00000
   -24.64793     0.00000
   -24.63693     0.00000
   -24.62593     0.00000
   -24.61393     0.00000
   -24.60293     0.00000
   -24.59193     0.00000
   -24.58093     0.00000
   -24.56993     0.00000
   -24.55893     0.00000
   -24.54693     0.00000
   -24.53593     0.00000
   -24.52493     0.00000
   -24.51393     0.00000
   -24.50293     0.00000
   -24.49193     0.00000
   -24.48093     0.00000
   -24.46893     0.00000
   -24.45793     0.00000
   -24.44693     0.00000
   -24.43593     0.00000
   -24.42493     0.00000
   -24.41393     0.00000
   -24.40193     0.00000
   -24.39093     0.00000
   -24.37993     0.00001
   -24.36893     0.00001
   -24.35793     0.00001
   -24.34693     0.00001
   -24.33493     0.00002
   -24.32393     0.00003
   -24.31293     0.00004
   -24.30193     0.00005
   -24.29093     0.00006
   -24.27993     0.00007
   -24.26893     0.00007
   -24.25693     0.00008
   -24.24593     0.00009
   -24.23493     0.00009
   -24.22393     0.00009
   -24.21293     0.00010
   -24.20193     0.00011
   -24.18993     0.00013
   -24.17893     0.00016
   -24.16793     0.00021
   -24.15693     0.00030
   -24.14593     0.00044
   -24.13493     0.00067
   -24.12393     0.00099
   -24.11193     0.00140
   -24.10093     0.00185
   -24.08993     0.00226
   -24.07893     0.00254
   -24.06793     0.00262
   -24.05693     0.00249
   -24.04493     0.00216
   -24.03393     0.00173
   -24.02293     0.00127
   -24.01193     0.00087
   -24.00093     0.00055
   -23.98993     0.00033
   -23.97793     0.00018
   -23.96693     0.00011
   -23.95593     0.00007
   -23.94493     0.00008
   -23.93393     0.00012
   -23.92293     0.00020
   -23.91193     0.00032
   -23.89993     0.00050
   -23.88893     0.00071
   -23.87793     0.00097
   -23.86693     0.00125
   -23.85593     0.00156
   -23.84493     0.00189
   -23.83293     0.00224
   -23.82193     0.00259
   -23.81093     0.00287
   -23.79993     0.00304
   -23.78893     0.00302
   -23.77793     0.00279
   -23.76693     0.00238
   -23.75493     0.00186
   -23.74393     0.00132
   -23.73293     0.00086
   -23.72193     0.00051
   -23.71093     0.00027
   -23.69993     0.00013
   -23.68793     0.00006
   -23.67693     0.00002
   -23.66593     0.00001
   -23.65493     0.00000
   -23.64393     0.00000
   -23.63293     0.00000
   -23.62093     0.00000
   -23.60993     0.00000
   -23.59893     0.00000
   -23.58793     0.00000
   -23.57693     0.00000
   -23.56593     0.00000
   -23.55493     0.00000
   -23.54293     0.00000
   -23.53193     0.00000
   -23.52093     0.00000
   -23.50993     0.00000
   -23.49893     0.00000
   -23.48793     0.00000
   -23.47593     0.00000
   -23.46493     0.00000
   -23.45393     0.00000
   -23.44293     0.00000
   -23.43193     0.00000
   -23.42093     0.00000
   -23.40993     0.00000
   -23.39793     0.00000
   -23.38693     0.00000
   -23.37593     0.00000
   -23.36493     0.00000
   -23.35393     0.00000
   -23.34293     0.00000
   -23.33093     0.00000
   -23.31993     0.00000
   -23.30893     0.00000
   -23.29793     0.00000
   -23.28693     0.00000
   -23.27593     0.00000
   -23.26493     0.00000
   -23.25293     0.00000
   -23.24193     0.00000
   -23.23093     0.00000
   -23.21993     0.00000
   -23.20893     0.00000
   -23.19793     0.00000
   -23.18593     0.00000
   -23.17493     0.00000
   -23.16393     0.00000
   -23.15293     0.00000
   -23.14193     0.00000
   -23.13093     0.00000
   -23.11893     0.00000
   -23.10793     0.00000
   -23.09693     0.00000
   -23.08593     0.00000
   -23.07493     0.00000
   -23.06393     0.00000
   -23.05293     0.00000
   -23.04093     0.00000
   -23.02993     0.00000
   -23.01893     0.00000
   -23.00793     0.00000
   -22.99693     0.00000
   -22.98593     0.00000
   -22.97393     0.00000
   -22.96293     0.00000
   -22.95193     0.00000
   -22.94093     0.00000
   -22.92993     0.00000
   -22.91893     0.00000
   -22.90793     0.00000
   -22.89593     0.00000
   -22.88493     0.00000
   -22.87393     0.00000
   -22.86293     0.00000
   -22.85193     0.00000
   -22.84093     0.00000
   -22.82893     0.00000
   -22.81793     0.00000
   -22.80693     0.00000
   -22.79593     0.00000
   -22.78493     0.00000
   -22.77393     0.00000
   -22.76193     0.00000
   -22.75093     0.00000
   -22.73993     0.00000
   -22.72893     0.00000
   -22.71793     0.00000
   -22.70693     0.00000
   -22.69593     0.00000
   -22.68393     0.00000
   -22.67293     0.00000
   -22.66193     0.00000
   -22.65093     0.00000
   -22.63993     0.00000
   -22.62893     0.00000
   -22.61693     0.00000
   -22.60593     0.00000
   -22.59493     0.00000
   -22.58393     0.00000
   -22.57293     0.00000
   -22.56193     0.00000
   -22.55093     0.00000
   -22.53893     0.00000
   -22.52793     0.00000
   -22.51693     0.00000
   -22.50593     0.00000
   -22.49493     0.00000
   -22.48393     0.00000
   -22.47193     0.00000
   -22.46093     0.00000
   -22.44993     0.00000
   -22.43893     0.00000
   -22.42793     0.00000
   -22.41693     0.00000
   -22.40593     0.00000
   -22.39393     0.00000
   -22.38293     0.00000
   -22.37193     0.00000
   -22.36093     0.00000
   -22.34993     0.00000
   -22.33893     0.00000
   -22.32693     0.00000
   -22.31593     0.00000
   -22.30493     0.00000
   -22.29393     0.00000
   -22.28293     0.00000
   -22.27193     0.00000
   -22.25993     0.00000
   -22.24893     0.00000
   -22.23793     0.00000
   -22.22693     0.00000
   -22.21593     0.00000
   -22.20493     0.00000
   -22.19393     0.00000
   -22.18193     0.00000
   -22.17093     0.00000
   -22.15993     0.00000
   -22.14893     0.00000
   -22.13793     0.00000
   -22.12693     0.00000
   -22.11493     0.00000
   -22.10393     0.00000
   -22.09293     0.00000
   -22.08193     0.00000
   -22.07093     0.00000
   -22.05993     0.00000
   -22.04893     0.00000
   -22.03693     0.00000
   -22.02593     0.00000
   -22.01493     0.00000
   -22.00393     0.00000
   -21.99293     0.00000
   -21.98193     0.00000
   -21.96993     0.00000
   -21.95893     0.00000
   -21.94793     0.00000
   -21.93693     0.00000
   -21.92593     0.00000
   -21.91493     0.00000
   -21.90293     0.00000
   -21.89193     0.00000
   -21.88093     0.00000
   -21.86993     0.00000
   -21.85893     0.00000
   -21.84793     0.00000
   -21.83693     0.00000
   -21.82493     0.00000
   -21.81393     0.00000
   -21.80293     0.00000
   -21.79193     0.00000
   -21.78093     0.00000
   -21.76993     0.00000
   -21.75793     0.00000
   -21.74693     0.00000
   -21.73593     0.00000
   -21.72493     0.00000
   -21.71393     0.00000
   -21.70293     0.00000
   -21.69193     0.00000
   -21.67993     0.00000
   -21.66893     0.00000
   -21.65793     0.00000
   -21.64693     0.00000
   -21.63593     0.00000
   -21.62493     0.00000
   -21.61293     0.00000
   -21.60193     0.00000
   -21.59093     0.00000
   -21.57993     0.00000
   -21.56893     0.00000
   -21.55793     0.00000
   -21.54593     0.00000
   -21.53493     0.00000
   -21.52393     0.00000
   -21.51293     0.00000
   -21.50193     0.00000
   -21.49093     0.00000
   -21.47993     0.00000
   -21.46793     0.00000
   -21.45693     0.00000
   -21.44593     0.00000
   -21.43493     0.00000
   -21.42393     0.00000
   -21.41293     0.00000
   -21.40093     0.00000
   -21.38993     0.00000
   -21.37893     0.00000
   -21.36793     0.00000
   -21.35693     0.00000
   -21.34593     0.00000
   -21.33493     0.00000
   -21.32293     0.00000
   -21.31193     0.00000
   -21.30093     0.00000
   -21.28993     0.00000
   -21.27893     0.00000
   -21.26793     0.00000
   -21.25593     0.00000
   -21.24493     0.00000
   -21.23393     0.00000
   -21.22293     0.00000
   -21.21193     0.00000
   -21.20093     0.00000
   -21.18993     0.00000
   -21.17793     0.00000
   -21.16693     0.00000
   -21.15593     0.00000
   -21.14493     0.00000
   -21.13393     0.00000
   -21.12293     0.00000
   -21.11093     0.00000
   -21.09993     0.00000
   -21.08893     0.00000
   -21.07793     0.00000
   -21.06693     0.00000
   -21.05593     0.00000
   -21.04393     0.00000
   -21.03293     0.00000
   -21.02193     0.00000
   -21.01093     0.00000
   -20.99993     0.00000
   -20.98893     0.00000
   -20.97793     0.00000
   -20.96593     0.00000
   -20.95493     0.00000
   -20.94393     0.00000
   -20.93293     0.00000
   -20.92193     0.00000
   -20.91093     0.00000
   -20.89893     0.00000
   -20.88793     0.00000
   -20.87693     0.00000
   -20.86593     0.00000
   -20.85493     0.00000
   -20.84393     0.00000
   -20.83293     0.00000
   -20.82093     0.00000
   -20.80993     0.00000
   -20.79893     0.00000
   -20.78793     0.00000
   -20.77693     0.00000
   -20.76593     0.00000
   -20.75393     0.00000
   -20.74293     0.00000
   -20.73193     0.00000
   -20.72093     0.00000
   -20.70993     0.00000
   -20.69893     0.00000
   -20.68693     0.00000
   -20.67593     0.00000
   -20.66493     0.00000
   -20.65393     0.00000
   -20.64293     0.00000
   -20.63193     0.00000
   -20.62093     0.00000
   -20.60893     0.00000
   -20.59793     0.00000
   -20.58693     0.00000
   -20.57593     0.00000
   -20.56493     0.00000
   -20.55393     0.00000
   -20.54193     0.00000
   -20.53093     0.00000
   -20.51993     0.00000
   -20.50893     0.00000
   -20.49793     0.00000
   -20.48693     0.00000
   -20.47593     0.00000
   -20.46393     0.00000
   -20.45293     0.00000
   -20.44193     0.00000
   -20.43093     0.00000
   -20.41993     0.00000
   -20.40893     0.00000
   -20.39693     0.00000
   -20.38593     0.00000
   -20.37493     0.00000
   -20.36393     0.00000
   -20.35293     0.00000
   -20.34193     0.00000
   -20.33093     0.00000
   -20.31893     0.00000
   -20.30793     0.00000
   -20.29693     0.00000
   -20.28593     0.00000
   -20.27493     0.00000
   -20.26393     0.00000
   -20.25193     0.00000
   -20.24093     0.00000
   -20.22993     0.00000
   -20.21893     0.00000
   -20.20793     0.00000
   -20.19693     0.00000
   -20.18493     0.00000
   -20.17393     0.00000
   -20.16293     0.00000
   -20.15193     0.00000
   -20.14093     0.00000
   -20.12993     0.00000
   -20.11893     0.00000
   -20.10693     0.00000
   -20.09593     0.00000
   -20.08493     0.00000
   -20.07393     0.00000
   -20.06293     0.00000
   -20.05193     0.00000
   -20.03993     0.00000
   -20.02893     0.00000
   -20.01793     0.00000
   -20.00693     0.00000
   -19.99593     0.00000
   -19.98493     0.00000
   -19.97393     0.00000
   -19.96193     0.00000
   -19.95093     0.00000
   -19.93993     0.00000
   -19.92893     0.00000
   -19.91793     0.00000
   -19.90693     0.00000
   -19.89493     0.00000
   -19.88393     0.00000
   -19.87293     0.00000
   -19.86193     0.00000
   -19.85093     0.00000
   -19.83993     0.00000
   -19.82793     0.00000
   -19.81693     0.00000
   -19.80593     0.00000
   -19.79493     0.00000
   -19.78393     0.00000
   -19.77293     0.00000
   -19.76193     0.00000
   -19.74993     0.00000
   -19.73893     0.00000
   -19.72793     0.00000
   -19.71693     0.00000
   -19.70593     0.00000
   -19.69493     0.00000
   -19.68293     0.00000
   -19.67193     0.00000
   -19.66093     0.00000
   -19.64993     0.00000
   -19.63893     0.00000
   -19.62793     0.00000
   -19.61693     0.00000
   -19.60493     0.00000
   -19.59393     0.00000
   -19.58293     0.00000
   -19.57193     0.00000
   -19.56093     0.00000
   -19.54993     0.00000
   -19.53793     0.00000
   -19.52693     0.00000
   -19.51593     0.00000
   -19.50493     0.00000
   -19.49393     0.00000
   -19.48293     0.00000
   -19.47193     0.00000
   -19.45993     0.00000
   -19.44893     0.00000
   -19.43793     0.00000
   -19.42693     0.00000
   -19.41593     0.00000
   -19.40493     0.00000
   -19.39293     0.00000
   -19.38193     0.00000
   -19.37093     0.00000
   -19.35993     0.00000
   -19.34893     0.00000
   -19.33793     0.00000
   -19.32593     0.00000
   -19.31493     0.00000
   -19.30393     0.00000
   -19.29293     0.00000
   -19.28193     0.00000
   -19.27093     0.00000
   -19.25993     0.00000
   -19.24793     0.00000
   -19.23693     0.00000
   -19.22593     0.00000
   -19.21493     0.00000
   -19.20393     0.00000
   -19.19293     0.00000
   -19.18093     0.00000
   -19.16993     0.00000
   -19.15893     0.00000
   -19.14793     0.00000
   -19.13693     0.00000
   -19.12593     0.00000
   -19.11493     0.00000
   -19.10293     0.00000
   -19.09193     0.00000
   -19.08093     0.00000
   -19.06993     0.00000
   -19.05893     0.00000
   -19.04793     0.00000
   -19.03593     0.00000
   -19.02493     0.00000
   -19.01393     0.00000
   -19.00293     0.00000
   -18.99193     0.00000
   -18.98093     0.00000
   -18.96893     0.00000
   -18.95793     0.00000
   -18.94693     0.00000
   -18.93593     0.00000
   -18.92493     0.00000
   -18.91393     0.00000
   -18.90293     0.00000
   -18.89093     0.00000
   -18.87993     0.00000
   -18.86893     0.00000
   -18.85793     0.00000
   -18.84693     0.00000
   -18.83593     0.00000
   -18.82393     0.00000
   -18.81293     0.00000
   -18.80193     0.00000
   -18.79093     0.00000
   -18.77993     0.00000
   -18.76893     0.00000
   -18.75793     0.00000
   -18.74593     0.00000
   -18.73493     0.00000
   -18.72393     0.00000
   -18.71293     0.00000
   -18.70193     0.00000
   -18.69093     0.00000
   -18.67893     0.00000
   -18.66793     0.00000
   -18.65693     0.00000
   -18.64593     0.00000
   -18.63493     0.00000
   -18.62393     0.00000
   -18.61193     0.00000
   -18.60093     0.00000
   -18.58993     0.00000
   -18.57893     0.00000
   -18.56793     0.00000
   -18.55693     0.00000
   -18.54593     0.00000
   -18.53393     0.00000
   -18.52293     0.00000
   -18.51193     0.00000
   -18.50093     0.00000
   -18.48993     0.00000
   -18.47893     0.00000
   -18.46693     0.00000
   -18.45593     0.00000
   -18.44493     0.00000
   -18.43393     0.00000
   -18.42293     0.00000
   -18.41193     0.00000
   -18.40093     0.00000
   -18.38893     0.00000
   -18.37793     0.00000
   -18.36693     0.00000
   -18.35593     0.00000
   -18.34493     0.00000
   -18.33393     0.00000
   -18.32193     0.00000
   -18.31093     0.00000
   -18.29993     0.00000
   -18.28893     0.00000
   -18.27793     0.00000
   -18.26693     0.00000
   -18.25593     0.00000
   -18.24393     0.00000
   -18.23293     0.00000
   -18.22193     0.00000
   -18.21093     0.00000
   -18.19993     0.00000
   -18.18893     0.00000
   -18.17693     0.00000
   -18.16593     0.00000
   -18.15493     0.00000
   -18.14393     0.00000
   -18.13293     0.00000
   -18.12193     0.00000
   -18.10993     0.00000
   -18.09893     0.00000
   -18.08793     0.00000
   -18.07693     0.00000
   -18.06593     0.00000
   -18.05493     0.00000
   -18.04393     0.00000
   -18.03193     0.00000
   -18.02093     0.00000
   -18.00993     0.00000
   -17.99893     0.00000
   -17.98793     0.00000
   -17.97693     0.00000
   -17.96493     0.00000
   -17.95393     0.00000
   -17.94293     0.00000
   -17.93193     0.00000
   -17.92093     0.00000
   -17.90993     0.00000
   -17.89893     0.00000
   -17.88693     0.00000
   -17.87593     0.00000
   -17.86493     0.00000
   -17.85393     0.00000
   -17.84293     0.00000
   -17.83193     0.00000
   -17.81993     0.00000
   -17.80893     0.00000
   -17.79793     0.00000
   -17.78693     0.00000
   -17.77593     0.00000
   -17.76493     0.00000
   -17.75293     0.00000
   -17.74193     0.00000
   -17.73093     0.00000
   -17.71993     0.00000
   -17.70893     0.00000
   -17.69793     0.00000
   -17.68693     0.00000
   -17.67493     0.00000
   -17.66393     0.00000
   -17.65293     0.00000
   -17.64193     0.00000
   -17.63093     0.00000
   -17.61993     0.00000
   -17.60793     0.00000
   -17.59693     0.00000
   -17.58593     0.00000
   -17.57493     0.00000
   -17.56393     0.00000
   -17.55293     0.00000
   -17.54193     0.00000
   -17.52993     0.00000
   -17.51893     0.00000
   -17.50793     0.00000
   -17.49693     0.00000
   -17.48593     0.00000
   -17.47493     0.00000
   -17.46293     0.00000
   -17.45193     0.00000
   -17.44093     0.00000
   -17.42993     0.00000
   -17.41893     0.00000
   -17.40793     0.00000
   -17.39693     0.00000
   -17.38493     0.00000
   -17.37393     0.00000
   -17.36293     0.00000
   -17.35193     0.00000
   -17.34093     0.00000
   -17.32993     0.00000
   -17.31793     0.00000
   -17.30693     0.00000
   -17.29593     0.00000
   -17.28493     0.00000
   -17.27393     0.00000
   -17.26293     0.00000
   -17.25093     0.00000
   -17.23993     0.00000
   -17.22893     0.00000
   -17.21793     0.00000
   -17.20693     0.00000
   -17.19593     0.00000
   -17.18493     0.00000
   -17.17293     0.00000
   -17.16193     0.00000
   -17.15093     0.00000
   -17.13993     0.00000
   -17.12893     0.00000
   -17.11793     0.00000
   -17.10593     0.00000
   -17.09493     0.00000
   -17.08393     0.00000
   -17.07293     0.00000
   -17.06193     0.00000
   -17.05093     0.00000
   -17.03993     0.00000
   -17.02793     0.00000
   -17.01693     0.00000
   -17.00593     0.00000
   -16.99493     0.00000
   -16.98393     0.00000
   -16.97293     0.00000
   -16.96093     0.00000
   -16.94993     0.00000
   -16.93893     0.00000
   -16.92793     0.00000
   -16.91693     0.00000
   -16.90593     0.00000
   -16.89393     0.00000
   -16.88293     0.00000
   -16.87193     0.00000
   -16.86093     0.00000
   -16.84993     0.00000
   -16.83893     0.00000
   -16.82793     0.00000
   -16.81593     0.00000
   -16.80493     0.00000
   -16.79393     0.00000
   -16.78293     0.00000
   -16.77193     0.00000
   -16.76093     0.00000
   -16.74893     0.00000
   -16.73793     0.00000
   -16.72693     0.00000
   -16.71593     0.00000
   -16.70493     0.00000
   -16.69393     0.00000
   -16.68293     0.00000
   -16.67093     0.00000
   -16.65993     0.00000
   -16.64893     0.00000
   -16.63793     0.00000
   -16.62693     0.00000
   -16.61593     0.00000
   -16.60393     0.00000
   -16.59293     0.00000
   -16.58193     0.00000
   -16.57093     0.00000
   -16.55993     0.00000
   -16.54893     0.00000
   -16.53693     0.00000
   -16.52593     0.00000
   -16.51493     0.00000
   -16.50393     0.00000
   -16.49293     0.00000
   -16.48193     0.00000
   -16.47093     0.00000
   -16.45893     0.00000
   -16.44793     0.00000
   -16.43693     0.00000
   -16.42593     0.00000
   -16.41493     0.00000
   -16.40393     0.00000
   -16.39193     0.00000
   -16.38093     0.00000
   -16.36993     0.00000
   -16.35893     0.00000
   -16.34793     0.00000
   -16.33693     0.00000
   -16.32593     0.00000
   -16.31393     0.00000
   -16.30293     0.00000
   -16.29193     0.00000
   -16.28093     0.00000
   -16.26993     0.00000
   -16.25893     0.00000
   -16.24693     0.00000
   -16.23593     0.00000
   -16.22493     0.00000
   -16.21393     0.00000
   -16.20293     0.00000
   -16.19193     0.00000
   -16.18093     0.00000
   -16.16893     0.00000
   -16.15793     0.00000
   -16.14693     0.00000
   -16.13593     0.00000
   -16.12493     0.00000
   -16.11393     0.00000
   -16.10193     0.00000
   -16.09093     0.00000
   -16.07993     0.00000
   -16.06893     0.00000
   -16.05793     0.00000
   -16.04693     0.00000
   -16.03493     0.00000
   -16.02393     0.00000
   -16.01293     0.00000
   -16.00193     0.00000
   -15.99093     0.00000
   -15.97993     0.00000
   -15.96893     0.00000
   -15.95693     0.00000
   -15.94593     0.00000
   -15.93493     0.00000
   -15.92393     0.00000
   -15.91293     0.00000
   -15.90193     0.00000
   -15.88993     0.00000
   -15.87893     0.00000
   -15.86793     0.00000
   -15.85693     0.00000
   -15.84593     0.00000
   -15.83493     0.00000
   -15.82393     0.00000
   -15.81193     0.00000
   -15.80093     0.00000
   -15.78993     0.00000
   -15.77893     0.00000
   -15.76793     0.00000
   -15.75693     0.00000
   -15.74493     0.00000
   -15.73393     0.00000
   -15.72293     0.00000
   -15.71193     0.00000
   -15.70093     0.00000
   -15.68993     0.00000
   -15.67793     0.00000
   -15.66693     0.00000
   -15.65593     0.00000
   -15.64493     0.00000
   -15.63393     0.00000
   -15.62293     0.00000
   -15.61193     0.00000
   -15.59993     0.00000
   -15.58893     0.00000
   -15.57793     0.00000
   -15.56693     0.00000
   -15.55593     0.00000
   -15.54493     0.00000
   -15.53293     0.00000
   -15.52193     0.00000
   -15.51093     0.00000
   -15.49993     0.00000
   -15.48893     0.00000
   -15.47793     0.00000
   -15.46693     0.00000
   -15.45493     0.00000
   -15.44393     0.00000
   -15.43293     0.00000
   -15.42193     0.00000
   -15.41093     0.00000
   -15.39993     0.00000
   -15.38793     0.00000
   -15.37693     0.00000
   -15.36593     0.00000
   -15.35493     0.00000
   -15.34393     0.00000
   -15.33293     0.00000
   -15.32193     0.00000
   -15.30993     0.00000
   -15.29893     0.00000
   -15.28793     0.00000
   -15.27693     0.00000
   -15.26593     0.00000
   -15.25493     0.00000
   -15.24293     0.00000
   -15.23193     0.00000
   -15.22093     0.00000
   -15.20993     0.00000
   -15.19893     0.00000
   -15.18793     0.00000
   -15.17593     0.00000
   -15.16493     0.00000
   -15.15393     0.00000
   -15.14293     0.00000
   -15.13193     0.00000
   -15.12093     0.00000
   -15.10993     0.00000
   -15.09793     0.00000
   -15.08693     0.00000
   -15.07593     0.00000
   -15.06493     0.00000
   -15.05393     0.00000
   -15.04293     0.00000
   -15.03093     0.00000
   -15.01993     0.00000
   -15.00893     0.00000
   -14.99793     0.00000
   -14.98693     0.00000
   -14.97593     0.00000
   -14.96493     0.00000
   -14.95293     0.00000
   -14.94193     0.00000
   -14.93093     0.00000
   -14.91993     0.00000
   -14.90893     0.00000
   -14.89793     0.00000
   -14.88593     0.00000
   -14.87493     0.00000
   -14.86393     0.00000
   -14.85293     0.00000
   -14.84193     0.00000
   -14.83093     0.00000
   -14.81893     0.00000
   -14.80793     0.00000
   -14.79693     0.00000
   -14.78593     0.00000
   -14.77493     0.00000
   -14.76393     0.00000
   -14.75293     0.00000
   -14.74093     0.00000
   -14.72993     0.00000
   -14.71893     0.00000
   -14.70793     0.00000
   -14.69693     0.00000
   -14.68593     0.00000
   -14.67393     0.00000
   -14.66293     0.00000
   -14.65193     0.00000
   -14.64093     0.00000
   -14.62993     0.00000
   -14.61893     0.00000
   -14.60793     0.00000
   -14.59593     0.00000
   -14.58493     0.00000
   -14.57393     0.00000
   -14.56293     0.00000
   -14.55193     0.00000
   -14.54093     0.00000
   -14.52893     0.00000
   -14.51793     0.00000
   -14.50693     0.00000
   -14.49593     0.00000
   -14.48493     0.00000
   -14.47393     0.00000
   -14.46293     0.00000
   -14.45093     0.00000
   -14.43993     0.00000
   -14.42893     0.00000
   -14.41793     0.00000
   -14.40693     0.00000
   -14.39593     0.00000
   -14.38393     0.00000
   -14.37293     0.00000
   -14.36193     0.00000
   -14.35093     0.00000
   -14.33993     0.00000
   -14.32893     0.00000
   -14.31693     0.00000
   -14.30593     0.00000
   -14.29493     0.00000
   -14.28393     0.00000
   -14.27293     0.00000
   -14.26193     0.00000
   -14.25093     0.00000
   -14.23893     0.00000
   -14.22793     0.00000
   -14.21693     0.00000
   -14.20593     0.00000
   -14.19493     0.00000
   -14.18393     0.00000
   -14.17193     0.00000
   -14.16093     0.00000
   -14.14993     0.00000
   -14.13893     0.00000
   -14.12793     0.00000
   -14.11693     0.00000
   -14.10593     0.00000
   -14.09393     0.00000
   -14.08293     0.00000
   -14.07193     0.00000
   -14.06093     0.00000
   -14.04993     0.00000
   -14.03893     0.00000
   -14.02693     0.00000
   -14.01593     0.00000
   -14.00493     0.00000
   -13.99393     0.00000
   -13.98293     0.00000
   -13.97193     0.00000
   -13.95993     0.00000
   -13.94893     0.00000
   -13.93793     0.00000
   -13.92693     0.00000
   -13.91593     0.00000
   -13.90493     0.00000
   -13.89393     0.00000
   -13.88193     0.00000
   -13.87093     0.00000
   -13.85993     0.00000
   -13.84893     0.00000
   -13.83793     0.00000
   -13.82693     0.00000
   -13.81493     0.00000
   -13.80393     0.00000
   -13.79293     0.00000
   -13.78193     0.00000
   -13.77093     0.00000
   -13.75993     0.00000
   -13.74893     0.00000
   -13.73693     0.00000
   -13.72593     0.00000
   -13.71493     0.00000
   -13.70393     0.00000
   -13.69293     0.00000
   -13.68193     0.00000
   -13.66993     0.00000
   -13.65893     0.00000
   -13.64793     0.00000
   -13.63693     0.00000
   -13.62593     0.00000
   -13.61493     0.00000
   -13.60293     0.00000
   -13.59193     0.00000
   -13.58093     0.00000
   -13.56993     0.00000
   -13.55893     0.00000
   -13.54793     0.00000
   -13.53693     0.00000
   -13.52493     0.00000
   -13.51393     0.00000
   -13.50293     0.00000
   -13.49193     0.00000
   -13.48093     0.00000
   -13.46993     0.00000
   -13.45793     0.00000
   -13.44693     0.00000
   -13.43593     0.00000
   -13.42493     0.00000
   -13.41393     0.00000
   -13.40293     0.00000
   -13.39193     0.00000
   -13.37993     0.00000
   -13.36893     0.00000
   -13.35793     0.00000
   -13.34693     0.00000
   -13.33593     0.00000
   -13.32493     0.00000
   -13.31293     0.00000
   -13.30193     0.00000
   -13.29093     0.00000
   -13.27993     0.00000
   -13.26893     0.00000
   -13.25793     0.00000
   -13.24693     0.00000
   -13.23493     0.00000
   -13.22393     0.00000
   -13.21293     0.00000
   -13.20193     0.00000
   -13.19093     0.00000
   -13.17993     0.00000
   -13.16793     0.00000
   -13.15693     0.00000
   -13.14593     0.00000
   -13.13493     0.00000
   -13.12393     0.00000
   -13.11293     0.00000
   -13.10093     0.00000
   -13.08993     0.00000
   -13.07893     0.00000
   -13.06793     0.00000
   -13.05693     0.00000
   -13.04593     0.00000
   -13.03493     0.00000
   -13.02293     0.00000
   -13.01193     0.00000
   -13.00093     0.00000
   -12.98993     0.00000
   -12.97893     0.00000
   -12.96793     0.00000
   -12.95593     0.00000
   -12.94493     0.00000
   -12.93393     0.00000
   -12.92293     0.00000
   -12.91193     0.00000
   -12.90093     0.00000
   -12.88993     0.00000
   -12.87793     0.00000
   -12.86693     0.00000
   -12.85593     0.00000
   -12.84493     0.00000
   -12.83393     0.00000
   -12.82293     0.00000
   -12.81093     0.00000
   -12.79993     0.00000
   -12.78893     0.00000
   -12.77793     0.00000
   -12.76693     0.00000
   -12.75593     0.00000
   -12.74393     0.00000
   -12.73293     0.00000
   -12.72193     0.00000
   -12.71093     0.00000
   -12.69993     0.00000
   -12.68893     0.00000
   -12.67793     0.00000
   -12.66593     0.00000
   -12.65493     0.00000
   -12.64393     0.00000
   -12.63293     0.00000
   -12.62193     0.00000
   -12.61093     0.00000
   -12.59893     0.00000
   -12.58793     0.00000
   -12.57693     0.00000
   -12.56593     0.00000
   -12.55493     0.00000
   -12.54393     0.00000
   -12.53293     0.00000
   -12.52093     0.00000
   -12.50993     0.00000
   -12.49893     0.00000
   -12.48793     0.00000
   -12.47693     0.00000
   -12.46593     0.00000
   -12.45393     0.00000
   -12.44293     0.00000
   -12.43193     0.00000
   -12.42093     0.00000
   -12.40993     0.00000
   -12.39893     0.00000
   -12.38793     0.00000
   -12.37593     0.00000
   -12.36493     0.00000
   -12.35393     0.00000
   -12.34293     0.00000
   -12.33193     0.00000
   -12.32093     0.00000
   -12.30893     0.00000
   -12.29793     0.00000
   -12.28693     0.00000
   -12.27593     0.00000
   -12.26493     0.00000
   -12.25393     0.00000
   -12.24193     0.00000
   -12.23093     0.00000
   -12.21993     0.00000
   -12.20893     0.00000
   -12.19793     0.00000
   -12.18693     0.00000
   -12.17593     0.00000
   -12.16393     0.00000
   -12.15293     0.00000
   -12.14193     0.00000
   -12.13093     0.00000
   -12.11993     0.00000
   -12.10893     0.00000
   -12.09693     0.00000
   -12.08593     0.00001
   -12.07493     0.00001
   -12.06393     0.00002
   -12.05293     0.00002
   -12.04193     0.00002
   -12.03093     0.00003
   -12.01893     0.00002
   -12.00793     0.00002
   -11.99693     0.00002
   -11.98593     0.00001
   -11.97493     0.00001
   -11.96393     0.00000
   -11.95193     0.00000
   -11.94093     0.00000
   -11.92993     0.00000
   -11.91893     0.00000
   -11.90793     0.00000
   -11.89693     0.00000
   -11.88493     0.00000
   -11.87393     0.00000
   -11.86293     0.00001
   -11.85193     0.00001
   -11.84093     0.00002
   -11.82993     0.00003
   -11.81893     0.00004
   -11.80693     0.00004
   -11.79593     0.00005
   -11.78493     0.00005
   -11.77393     0.00004
   -11.76293     0.00003
   -11.75193     0.00003
   -11.73993     0.00002
   -11.72893     0.00001
   -11.71793     0.00001
   -11.70693     0.00000
   -11.69593     0.00000
   -11.68493     0.00000
   -11.67393     0.00000
   -11.66193     0.00000
   -11.65093     0.00000
   -11.63993     0.00000
   -11.62893     0.00000
   -11.61793     0.00000
   -11.60693     0.00000
   -11.59493     0.00000
   -11.58393     0.00000
   -11.57293     0.00000
   -11.56193     0.00000
   -11.55093     0.00000
   -11.53993     0.00000
   -11.52793     0.00000
   -11.51693     0.00000
   -11.50593     0.00000
   -11.49493     0.00001
   -11.48393     0.00001
   -11.47293     0.00003
   -11.46193     0.00006
   -11.44993     0.00010
   -11.43893     0.00017
   -11.42793     0.00025
   -11.41693     0.00034
   -11.40593     0.00042
   -11.39493     0.00047
   -11.38293     0.00047
   -11.37193     0.00044
   -11.36093     0.00037
   -11.34993     0.00029
   -11.33893     0.00022
   -11.32793     0.00016
   -11.31693     0.00013
   -11.30493     0.00011
   -11.29393     0.00010
   -11.28293     0.00010
   -11.27193     0.00010
   -11.26093     0.00012
   -11.24993     0.00016
   -11.23793     0.00023
   -11.22693     0.00034
   -11.21593     0.00048
   -11.20493     0.00064
   -11.19393     0.00077
   -11.18293     0.00085
   -11.17193     0.00086
   -11.15993     0.00079
   -11.14893     0.00067
   -11.13793     0.00054
   -11.12693     0.00042
   -11.11593     0.00032
   -11.10493     0.00026
   -11.09293     0.00021
   -11.08193     0.00018
   -11.07093     0.00014
   -11.05993     0.00011
   -11.04893     0.00008
   -11.03793     0.00005
   -11.02593     0.00003
   -11.01493     0.00002
   -11.00393     0.00001
   -10.99293     0.00000
   -10.98193     0.00000
   -10.97093     0.00000
   -10.95993     0.00000
   -10.94793     0.00000
   -10.93693     0.00000
   -10.92593     0.00000
   -10.91493     0.00000
   -10.90393     0.00000
   -10.89293     0.00000
   -10.88093     0.00000
   -10.86993     0.00000
   -10.85893     0.00000
   -10.84793     0.00000
   -10.83693     0.00001
   -10.82593     0.00003
   -10.81493     0.00007
   -10.80293     0.00016
   -10.79193     0.00032
   -10.78093     0.00058
   -10.76993     0.00096
   -10.75893     0.00146
   -10.74793     0.00200
   -10.73593     0.00251
   -10.72493     0.00288
   -10.71393     0.00300
   -10.70293     0.00287
   -10.69193     0.00252
   -10.68093     0.00206
   -10.66893     0.00163
   -10.65793     0.00136
   -10.64693     0.00133
   -10.63593     0.00158
   -10.62493     0.00209
   -10.61393     0.00278
   -10.60293     0.00353
   -10.59093     0.00420
   -10.57993     0.00465
   -10.56893     0.00478
   -10.55793     0.00458
   -10.54693     0.00407
   -10.53593     0.00336
   -10.52393     0.00257
   -10.51293     0.00183
   -10.50193     0.00120
   -10.49093     0.00073
   -10.47993     0.00041
   -10.46893     0.00021
   -10.45793     0.00010
   -10.44593     0.00004
   -10.43493     0.00002
   -10.42393     0.00001
   -10.41293     0.00000
   -10.40193     0.00000
   -10.39093     0.00000
   -10.37893     0.00000
   -10.36793     0.00000
   -10.35693     0.00000
   -10.34593     0.00000
   -10.33493     0.00000
   -10.32393     0.00000
   -10.31293     0.00000
   -10.30093     0.00000
   -10.28993     0.00000
   -10.27893     0.00001
   -10.26793     0.00003
   -10.25693     0.00009
   -10.24593     0.00023
   -10.23393     0.00052
   -10.22293     0.00107
   -10.21193     0.00202
   -10.20093     0.00347
   -10.18993     0.00545
   -10.17893     0.00779
   -10.16693     0.01018
   -10.15593     0.01216
   -10.14493     0.01331
   -10.13393     0.01336
   -10.12293     0.01235
   -10.11193     0.01057
   -10.10093     0.00848
   -10.08893     0.00652
   -10.07793     0.00501
   -10.06693     0.00407
   -10.05593     0.00372
   -10.04493     0.00387
   -10.03393     0.00443
   -10.02193     0.00524
   -10.01093     0.00608
    -9.99993     0.00672
    -9.98893     0.00691
    -9.97793     0.00654
    -9.96693     0.00566
    -9.95593     0.00446
    -9.94393     0.00320
    -9.93293     0.00208
    -9.92193     0.00122
    -9.91093     0.00065
    -9.89993     0.00032
    -9.88893     0.00014
    -9.87693     0.00006
    -9.86593     0.00003
    -9.85493     0.00004
    -9.84393     0.00009
    -9.83293     0.00019
    -9.82193     0.00036
    -9.80993     0.00062
    -9.79893     0.00099
    -9.78793     0.00144
    -9.77693     0.00194
    -9.76593     0.00245
    -9.75493     0.00297
    -9.74393     0.00355
    -9.73193     0.00428
    -9.72093     0.00529
    -9.70993     0.00667
    -9.69893     0.00844
    -9.68793     0.01048
    -9.67693     0.01257
    -9.66493     0.01435
    -9.65393     0.01539
    -9.64293     0.01540
    -9.63193     0.01427
    -9.62093     0.01220
    -9.60993     0.00961
    -9.59893     0.00700
    -9.58693     0.00476
    -9.57593     0.00311
    -9.56493     0.00212
    -9.55393     0.00174
    -9.54293     0.00197
    -9.53193     0.00285
    -9.51993     0.00441
    -9.50893     0.00661
    -9.49793     0.00922
    -9.48693     0.01175
    -9.47593     0.01364
    -9.46493     0.01436
    -9.45293     0.01371
    -9.44193     0.01187
    -9.43093     0.00933
    -9.41993     0.00670
    -9.40893     0.00447
    -9.39793     0.00298
    -9.38693     0.00232
    -9.37493     0.00249
    -9.36393     0.00340
    -9.35293     0.00493
    -9.34193     0.00690
    -9.33093     0.00907
    -9.31993     0.01117
    -9.30793     0.01299
    -9.29693     0.01434
    -9.28593     0.01512
    -9.27493     0.01525
    -9.26393     0.01469
    -9.25293     0.01343
    -9.24193     0.01162
    -9.22993     0.00944
    -9.21893     0.00717
    -9.20793     0.00507
    -9.19693     0.00332
    -9.18593     0.00201
    -9.17493     0.00112
    -9.16293     0.00058
    -9.15193     0.00028
    -9.14093     0.00014
    -9.12993     0.00010
    -9.11893     0.00017
    -9.10793     0.00037
    -9.09693     0.00080
    -9.08493     0.00160
    -9.07393     0.00288
    -9.06293     0.00469
    -9.05193     0.00694
    -9.04093     0.00929
    -9.02993     0.01128
    -9.01793     0.01240
    -9.00693     0.01235
    -8.99593     0.01115
    -8.98493     0.00912
    -8.97393     0.00676
    -8.96293     0.00454
    -8.95093     0.00276
    -8.93993     0.00153
    -8.92893     0.00078
    -8.91793     0.00039
    -8.90693     0.00027
    -8.89593     0.00037
    -8.88493     0.00072
    -8.87293     0.00144
    -8.86193     0.00263
    -8.85093     0.00439
    -8.83993     0.00662
    -8.82893     0.00906
    -8.81793     0.01123
    -8.80593     0.01261
    -8.79493     0.01283
    -8.78393     0.01182
    -8.77293     0.00987
    -8.76193     0.00747
    -8.75093     0.00513
    -8.73993     0.00322
    -8.72793     0.00188
    -8.71693     0.00109
    -8.70593     0.00075
    -8.69493     0.00073
    -8.68393     0.00089
    -8.67293     0.00115
    -8.66093     0.00139
    -8.64993     0.00155
    -8.63893     0.00156
    -8.62793     0.00143
    -8.61693     0.00119
    -8.60593     0.00090
    -8.59393     0.00062
    -8.58293     0.00039
    -8.57193     0.00023
    -8.56093     0.00013
    -8.54993     0.00011
    -8.53893     0.00015
    -8.52793     0.00030
    -8.51593     0.00060
    -8.50493     0.00113
    -8.49393     0.00192
    -8.48293     0.00296
    -8.47193     0.00414
    -8.46093     0.00524
    -8.44893     0.00602
    -8.43793     0.00628
    -8.42693     0.00598
    -8.41593     0.00528
    -8.40493     0.00450
    -8.39393     0.00403
    -8.38293     0.00426
    -8.37093     0.00541
    -8.35993     0.00750
    -8.34893     0.01023
    -8.33793     0.01305
    -8.32693     0.01524
    -8.31593     0.01619
    -8.30393     0.01561
    -8.29293     0.01369
    -8.28193     0.01096
    -8.27093     0.00812
    -8.25993     0.00573
    -8.24893     0.00410
    -8.23793     0.00324
    -8.22593     0.00295
    -8.21493     0.00292
    -8.20393     0.00291
    -8.19293     0.00275
    -8.18193     0.00239
    -8.17093     0.00190
    -8.15893     0.00137
    -8.14793     0.00090
    -8.13693     0.00053
    -8.12593     0.00029
    -8.11493     0.00014
    -8.10393     0.00006
    -8.09193     0.00002
    -8.08093     0.00001
    -8.06993     0.00000
    -8.05893     0.00000
    -8.04793     0.00000
    -8.03693     0.00000
    -8.02593     0.00000
    -8.01393     0.00000
    -8.00293     0.00001
    -7.99193     0.00004
    -7.98093     0.00012
    -7.96993     0.00033
    -7.95893     0.00080
    -7.94693     0.00176
    -7.93593     0.00349
    -7.92493     0.00632
    -7.91393     0.01037
    -7.90293     0.01550
    -7.89193     0.02112
    -7.88093     0.02628
    -7.86893     0.03000
    -7.85793     0.03154
    -7.84693     0.03068
    -7.83593     0.02778
    -7.82493     0.02354
    -7.81393     0.01881
    -7.80193     0.01429
    -7.79093     0.01054
    -7.77993     0.00789
    -7.76893     0.00646
    -7.75793     0.00616
    -7.74693     0.00667
    -7.73493     0.00754
    -7.72393     0.00825
    -7.71293     0.00841
    -7.70193     0.00785
    -7.69093     0.00667
    -7.67993     0.00514
    -7.66893     0.00359
    -7.65693     0.00228
    -7.64593     0.00131
    -7.63493     0.00068
    -7.62393     0.00032
    -7.61293     0.00015
    -7.60193     0.00008
    -7.58993     0.00008
    -7.57893     0.00012
    -7.56793     0.00020
    -7.55693     0.00033
    -7.54593     0.00051
    -7.53493     0.00071
    -7.52393     0.00093
    -7.51193     0.00112
    -7.50093     0.00126
    -7.48993     0.00134
    -7.47893     0.00134
    -7.46793     0.00129
    -7.45693     0.00119
    -7.44493     0.00105
    -7.43393     0.00090
    -7.42293     0.00074
    -7.41193     0.00061
    -7.40093     0.00051
    -7.38993     0.00046
    -7.37893     0.00046
    -7.36693     0.00050
    -7.35593     0.00057
    -7.34493     0.00063
    -7.33393     0.00067
    -7.32293     0.00069
    -7.31193     0.00066
    -7.29993     0.00060
    -7.28893     0.00051
    -7.27793     0.00041
    -7.26693     0.00031
    -7.25593     0.00025
    -7.24493     0.00026
    -7.23293     0.00034
    -7.22193     0.00054
    -7.21093     0.00087
    -7.19993     0.00130
    -7.18893     0.00180
    -7.17793     0.00227
    -7.16693     0.00262
    -7.15493     0.00277
    -7.14393     0.00270
    -7.13293     0.00249
    -7.12193     0.00230
    -7.11093     0.00230
    -7.09993     0.00268
    -7.08793     0.00356
    -7.07693     0.00492
    -7.06593     0.00659
    -7.05493     0.00822
    -7.04393     0.00942
    -7.03293     0.00984
    -7.02193     0.00937
    -7.00993     0.00814
    -6.99893     0.00649
    -6.98793     0.00478
    -6.97693     0.00329
    -6.96593     0.00215
    -6.95493     0.00137
    -6.94293     0.00086
    -6.93193     0.00056
    -6.92093     0.00040
    -6.90993     0.00037
    -6.89893     0.00047
    -6.88793     0.00072
    -6.87593     0.00113
    -6.86493     0.00168
    -6.85393     0.00231
    -6.84293     0.00290
    -6.83193     0.00335
    -6.82093     0.00355
    -6.80993     0.00348
    -6.79793     0.00317
    -6.78693     0.00271
    -6.77593     0.00219
    -6.76493     0.00171
    -6.75393     0.00134
    -6.74293     0.00108
    -6.73093     0.00095
    -6.71993     0.00090
    -6.70893     0.00087
    -6.69793     0.00083
    -6.68693     0.00075
    -6.67593     0.00063
    -6.66493     0.00051
    -6.65293     0.00045
    -6.64193     0.00054
    -6.63093     0.00095
    -6.61993     0.00198
    -6.60893     0.00409
    -6.59793     0.00786
    -6.58593     0.01386
    -6.57493     0.02230
    -6.56393     0.03268
    -6.55293     0.04356
    -6.54193     0.05276
    -6.53093     0.05807
    -6.51893     0.05804
    -6.50793     0.05271
    -6.49693     0.04356
    -6.48593     0.03294
    -6.47493     0.02306
    -6.46393     0.01537
    -6.45293     0.01035
    -6.44093     0.00767
    -6.42993     0.00672
    -6.41893     0.00700
    -6.40793     0.00831
    -6.39693     0.01074
    -6.38593     0.01444
    -6.37393     0.01940
    -6.36293     0.02536
    -6.35193     0.03192
    -6.34093     0.03886
    -6.32993     0.04634
    -6.31893     0.05462
    -6.30793     0.06366
    -6.29593     0.07240
    -6.28493     0.07884
    -6.27393     0.08074
    -6.26293     0.07666
    -6.25193     0.06688
    -6.24093     0.05330
    -6.22893     0.03868
    -6.21793     0.02552
    -6.20693     0.01528
    -6.19593     0.00830
    -6.18493     0.00409
    -6.17393     0.00183
    -6.16293     0.00075
    -6.15093     0.00028
    -6.13993     0.00009
    -6.12893     0.00003
    -6.11793     0.00001
    -6.10693     0.00000
    -6.09593     0.00000
    -6.08393     0.00001
    -6.07293     0.00001
    -6.06193     0.00003
    -6.05093     0.00006
    -6.03993     0.00013
    -6.02893     0.00024
    -6.01693     0.00044
    -6.00593     0.00080
    -5.99493     0.00140
    -5.98393     0.00235
    -5.97293     0.00374
    -5.96193     0.00562
    -5.95093     0.00793
    -5.93893     0.01043
    -5.92793     0.01278
    -5.91693     0.01452
    -5.90593     0.01526
    -5.89493     0.01481
    -5.88393     0.01323
    -5.87193     0.01087
    -5.86093     0.00819
    -5.84993     0.00566
    -5.83893     0.00357
    -5.82793     0.00206
    -5.81693     0.00109
    -5.80593     0.00052
    -5.79393     0.00023
    -5.78293     0.00009
    -5.77193     0.00003
    -5.76093     0.00001
    -5.74993     0.00000
    -5.73893     0.00000
    -5.72693     0.00000
    -5.71593     0.00001
    -5.70493     0.00003
    -5.69393     0.00008
    -5.68293     0.00024
    -5.67193     0.00064
    -5.65993     0.00156
    -5.64893     0.00344
    -5.63793     0.00694
    -5.62693     0.01274
    -5.61593     0.02132
    -5.60493     0.03248
    -5.59393     0.04506
    -5.58193     0.05692
    -5.57093     0.06542
    -5.55993     0.06840
    -5.54893     0.06504
    -5.53793     0.05624
    -5.52693     0.04418
    -5.51493     0.03154
    -5.50393     0.02045
    -5.49293     0.01204
    -5.48193     0.00643
    -5.47093     0.00312
    -5.45993     0.00138
    -5.44893     0.00058
    -5.43693     0.00029
    -5.42593     0.00029
    -5.41493     0.00053
    -5.40393     0.00106
    -5.39293     0.00196
    -5.38193     0.00331
    -5.36993     0.00506
    -5.35893     0.00700
    -5.34793     0.00879
    -5.33693     0.00999
    -5.32593     0.01029
    -5.31493     0.00962
    -5.30393     0.00818
    -5.29193     0.00641
    -5.28093     0.00478
    -5.26993     0.00371
    -5.25893     0.00348
    -5.24793     0.00418
    -5.23693     0.00573
    -5.22493     0.00786
    -5.21393     0.01010
    -5.20293     0.01198
    -5.19193     0.01312
    -5.18093     0.01351
    -5.16993     0.01360
    -5.15793     0.01417
    -5.14693     0.01599
    -5.13593     0.01945
    -5.12493     0.02422
    -5.11393     0.02923
    -5.10293     0.03302
    -5.09193     0.03428
    -5.07993     0.03245
    -5.06893     0.02791
    -5.05793     0.02178
    -5.04693     0.01540
    -5.03593     0.00987
    -5.02493     0.00574
    -5.01293     0.00302
    -5.00193     0.00144
    -4.99093     0.00062
    -4.97993     0.00024
    -4.96893     0.00009
    -4.95793     0.00003
    -4.94693     0.00001
    -4.93493     0.00000
    -4.92393     0.00000
    -4.91293     0.00000
    -4.90193     0.00000
    -4.89093     0.00000
    -4.87993     0.00000
    -4.86793     0.00000
    -4.85693     0.00000
    -4.84593     0.00001
    -4.83493     0.00002
    -4.82393     0.00006
    -4.81293     0.00018
    -4.80093     0.00046
    -4.78993     0.00111
    -4.77893     0.00241
    -4.76793     0.00475
    -4.75693     0.00846
    -4.74593     0.01365
    -4.73493     0.01997
    -4.72293     0.02646
    -4.71193     0.03177
    -4.70093     0.03456
    -4.68993     0.03405
    -4.67893     0.03040
    -4.66793     0.02459
    -4.65593     0.01802
    -4.64493     0.01196
    -4.63393     0.00720
    -4.62293     0.00393
    -4.61193     0.00196
    -4.60093     0.00093
    -4.58993     0.00052
    -4.57793     0.00052
    -4.56693     0.00085
    -4.55593     0.00153
    -4.54493     0.00258
    -4.53393     0.00396
    -4.52293     0.00551
    -4.51093     0.00696
    -4.49993     0.00796
    -4.48893     0.00825
    -4.47793     0.00776
    -4.46693     0.00663
    -4.45593     0.00520
    -4.44393     0.00387
    -4.43293     0.00300
    -4.42193     0.00286
    -4.41093     0.00364
    -4.39993     0.00541
    -4.38893     0.00809
    -4.37793     0.01136
    -4.36593     0.01469
    -4.35493     0.01745
    -4.34393     0.01908
    -4.33293     0.01929
    -4.32193     0.01812
    -4.31093     0.01591
    -4.29893     0.01311
    -4.28793     0.01016
    -4.27693     0.00741
    -4.26593     0.00508
    -4.25493     0.00327
    -4.24393     0.00201
    -4.23293     0.00126
    -4.22093     0.00095
    -4.20993     0.00101
    -4.19893     0.00140
    -4.18793     0.00211
    -4.17693     0.00313
    -4.16593     0.00436
    -4.15393     0.00567
    -4.14293     0.00679
    -4.13193     0.00747
    -4.12093     0.00751
    -4.10993     0.00688
    -4.09893     0.00574
    -4.08793     0.00435
    -4.07593     0.00300
    -4.06493     0.00187
    -4.05393     0.00106
    -4.04293     0.00054
    -4.03193     0.00025
    -4.02093     0.00011
    -4.00893     0.00004
    -3.99793     0.00001
    -3.98693     0.00000
    -3.97593     0.00000
    -3.96493     0.00000
    -3.95393     0.00000
    -3.94193     0.00001
    -3.93093     0.00004
    -3.91993     0.00010
    -3.90893     0.00022
    -3.89793     0.00045
    -3.88693     0.00084
    -3.87593     0.00143
    -3.86393     0.00222
    -3.85293     0.00315
    -3.84193     0.00415
    -3.83093     0.00515
    -3.81993     0.00625
    -3.80893     0.00766
    -3.79693     0.00975
    -3.78593     0.01280
    -3.77493     0.01679
    -3.76393     0.02126
    -3.75293     0.02536
    -3.74193     0.02812
    -3.73093     0.02884
    -3.71893     0.02734
    -3.70793     0.02404
    -3.69693     0.01965
    -3.68593     0.01504
    -3.67493     0.01084
    -3.66393     0.00744
    -3.65193     0.00501
    -3.64093     0.00362
    -3.62993     0.00338
    -3.61893     0.00445
    -3.60793     0.00703
    -3.59693     0.01117
    -3.58493     0.01661
    -3.57393     0.02260
    -3.56293     0.02794
    -3.55193     0.03132
    -3.54093     0.03188
    -3.52993     0.02944
    -3.51893     0.02474
    -3.50693     0.01899
    -3.49593     0.01349
    -3.48493     0.00920
    -3.47393     0.00662
    -3.46293     0.00579
    -3.45193     0.00647
    -3.43993     0.00824
    -3.42893     0.01058
    -3.41793     0.01287
    -3.40693     0.01457
    -3.39593     0.01530
    -3.38493     0.01493
    -3.37393     0.01363
    -3.36193     0.01172
    -3.35093     0.00964
    -3.33993     0.00782
    -3.32893     0.00660
    -3.31793     0.00614
    -3.30693     0.00644
    -3.29493     0.00726
    -3.28393     0.00823
    -3.27293     0.00893
    -3.26193     0.00903
    -3.25093     0.00844
    -3.23993     0.00731
    -3.22893     0.00603
    -3.21693     0.00514
    -3.20593     0.00528
    -3.19493     0.00717
    -3.18393     0.01153
    -3.17293     0.01891
    -3.16193     0.02942
    -3.14993     0.04238
    -3.13893     0.05624
    -3.12793     0.06878
    -3.11693     0.07788
    -3.10593     0.08214
    -3.09493     0.08138
    -3.08293     0.07644
    -3.07193     0.06862
    -3.06093     0.05914
    -3.04993     0.04894
    -3.03893     0.03880
    -3.02793     0.02962
    -3.01693     0.02238
    -3.00493     0.01816
    -2.99393     0.01776
    -2.98293     0.02160
    -2.97193     0.02941
    -2.96093     0.04014
    -2.94993     0.05192
    -2.93793     0.06243
    -2.92693     0.06955
    -2.91593     0.07214
    -2.90493     0.07046
    -2.89393     0.06608
    -2.88293     0.06114
    -2.87193     0.05760
    -2.85993     0.05679
    -2.84893     0.05943
    -2.83793     0.06592
    -2.82693     0.07648
    -2.81593     0.09087
    -2.80493     0.10785
    -2.79293     0.12489
    -2.78193     0.13837
    -2.77093     0.14464
    -2.75993     0.14142
    -2.74893     0.12901
    -2.73793     0.11045
    -2.72593     0.09057
    -2.71493     0.07426
    -2.70393     0.06485
    -2.69293     0.06325
    -2.68193     0.06818
    -2.67093     0.07693
    -2.65993     0.08663
    -2.64793     0.09532
    -2.63693     0.10265
    -2.62593     0.10990
    -2.61493     0.11892
    -2.60393     0.13053
    -2.59293     0.14328
    -2.58093     0.15336
    -2.56993     0.15619
    -2.55893     0.14870
    -2.54793     0.13100
    -2.53693     0.10642
    -2.52593     0.08000
    -2.51493     0.05626
    -2.50293     0.03788
    -2.49193     0.02527
    -2.48093     0.01736
    -2.46993     0.01262
    -2.45893     0.00980
    -2.44793     0.00825
    -2.43593     0.00794
    -2.42493     0.00923
    -2.41393     0.01289
    -2.40293     0.01995
    -2.39193     0.03152
    -2.38093     0.04822
    -2.36993     0.06941
    -2.35793     0.09268
    -2.34693     0.11398
    -2.33593     0.12886
    -2.32493     0.13430
    -2.31393     0.13011
    -2.30293     0.11909
    -2.29093     0.10587
    -2.27993     0.09523
    -2.26893     0.09089
    -2.25793     0.09535
    -2.24693     0.11005
    -2.23593     0.13545
    -2.22393     0.17028
    -2.21293     0.21060
    -2.20193     0.24960
    -2.19093     0.27900
    -2.17993     0.29200
    -2.16893     0.28640
    -2.15793     0.26560
    -2.14593     0.23730
    -2.13493     0.21070
    -2.12393     0.19259
    -2.11293     0.18525
    -2.10193     0.18652
    -2.09093     0.19145
    -2.07893     0.19478
    -2.06793     0.19272
    -2.05693     0.18384
    -2.04593     0.16908
    -2.03493     0.15149
    -2.02393     0.13577
    -2.01293     0.12738
    -2.00093     0.13099
    -1.98993     0.14842
    -1.97893     0.17702
    -1.96793     0.20960
    -1.95693     0.23660
    -1.94593     0.24960
    -1.93393     0.24500
    -1.92293     0.22540
    -1.91193     0.19897
    -1.90093     0.17479
    -1.88993     0.16000
    -1.87893     0.15662
    -1.86693     0.16142
    -1.85593     0.16790
    -1.84493     0.16952
    -1.83393     0.16259
    -1.82293     0.14735
    -1.81193     0.12719
    -1.80093     0.10667
    -1.78893     0.08965
    -1.77793     0.07833
    -1.76693     0.07307
    -1.75593     0.07286
    -1.74493     0.07576
    -1.73393     0.07939
    -1.72193     0.08158
    -1.71093     0.08092
    -1.69993     0.07742
    -1.68893     0.07262
    -1.67793     0.06934
    -1.66693     0.07066
    -1.65593     0.07888
    -1.64393     0.09438
    -1.63293     0.11516
    -1.62193     0.13706
    -1.61093     0.15486
    -1.59993     0.16375
    -1.58893     0.16088
    -1.57693     0.14641
    -1.56593     0.12361
    -1.55493     0.09778
    -1.54393     0.07462
    -1.53293     0.05856
    -1.52193     0.05166
    -1.50993     0.05335
    -1.49893     0.06078
    -1.48793     0.06989
    -1.47693     0.07666
    -1.46593     0.07841
    -1.45493     0.07467
    -1.44393     0.06728
    -1.43193     0.05974
    -1.42093     0.05610
    -1.40993     0.05990
    -1.39893     0.07329
    -1.38793     0.09665
    -1.37693     0.12848
    -1.36493     0.16580
    -1.35393     0.20480
    -1.34293     0.24160
    -1.33193     0.27280
    -1.32093     0.29540
    -1.30993     0.30720
    -1.29893     0.30700
    -1.28693     0.29480
    -1.27593     0.27180
    -1.26493     0.24060
    -1.25393     0.20480
    -1.24293     0.16877
    -1.23193     0.13600
    -1.21993     0.10872
    -1.20893     0.08730
    -1.19793     0.07055
    -1.18693     0.05672
    -1.17593     0.04438
    -1.16493     0.03308
    -1.15393     0.02305
    -1.14193     0.01485
    -1.13093     0.00880
    -1.11993     0.00483
    -1.10893     0.00260
    -1.09793     0.00169
    -1.08693     0.00185
    -1.07493     0.00307
    -1.06393     0.00574
    -1.05293     0.01075
    -1.04193     0.01985
    -1.03093     0.03592
    -1.01993     0.06298
    -1.00793     0.10528
    -0.99693     0.16523
    -0.98593     0.24040
    -0.97493     0.32190
    -0.96393     0.39440
    -0.95293     0.44080
    -0.94193     0.44880
    -0.92993     0.41620
    -0.91893     0.35180
    -0.90793     0.27200
    -0.89693     0.19451
    -0.88593     0.13293
    -0.87493     0.09417
    -0.86293     0.07874
    -0.85193     0.08256
    -0.84093     0.09874
    -0.82993     0.11903
    -0.81893     0.13539
    -0.80793     0.14173
    -0.79693     0.13547
    -0.78493     0.11798
    -0.77393     0.09364
    -0.76293     0.06786
    -0.75193     0.04506
    -0.74093     0.02770
    -0.72993     0.01631
    -0.71793     0.01036
    -0.70693     0.00910
    -0.69593     0.01220
    -0.68493     0.01977
    -0.67393     0.03203
    -0.66293     0.04879
    -0.65093     0.06905
    -0.63993     0.09075
    -0.62893     0.11114
    -0.61793     0.12722
    -0.60693     0.13634
    -0.59593     0.13674
    -0.58493     0.12809
    -0.57293     0.11167
    -0.56193     0.09023
    -0.55093     0.06732
    -0.53993     0.04629
    -0.52893     0.02956
    -0.51793     0.01828
    -0.50593     0.01278
    -0.49493     0.01318
    -0.48393     0.01997
    -0.47293     0.03413
    -0.46193     0.05662
    -0.45093     0.08763
    -0.43993     0.12592
    -0.42793     0.16846
    -0.41693     0.21080
    -0.40593     0.24760
    -0.39493     0.27380
    -0.38393     0.28630
    -0.37293     0.28520
    -0.36093     0.27590
    -0.34993     0.26900
    -0.33893     0.27870
    -0.32793     0.31800
    -0.31693     0.39300
    -0.30593     0.49860
    -0.29493     0.61750
    -0.28293     0.72250
    -0.27193     0.78600
    -0.26093     0.78860
    -0.24993     0.72700
    -0.23893     0.61490
    -0.22793     0.47740
    -0.21593     0.34130
    -0.20493     0.22720
    -0.19393     0.14512
    -0.18293     0.09610
    -0.17193     0.07619
    -0.16093     0.07985
    -0.14893     0.10147
    -0.13793     0.13497
    -0.12693     0.17347
    -0.11593     0.21060
    -0.10493     0.24350
    -0.09393     0.27580
    -0.08293     0.31760
    -0.07093     0.38170
    -0.05993     0.47460
    -0.04893     0.58930
    -0.03793     0.70340
    -0.02693     0.78510
    -0.01593     0.80660
    -0.00393     0.75690
     0.00707     0.64680
     0.01807     0.50430
     0.02907     0.36330
     0.04007     0.25260
     0.05107     0.19041
     0.06207     0.18433
     0.07407     0.23300
     0.08507     0.32720
     0.09607     0.44820
     0.10707     0.56900
     0.11807     0.65880
     0.12907     0.69260
     0.14107     0.66080
     0.15207     0.57280
     0.16307     0.45300
     0.17407     0.33060
     0.18507     0.22900
     0.19607     0.15984
     0.20807     0.12268
     0.21907     0.10882
     0.23007     0.10660
     0.24107     0.10566
     0.25207     0.09962
     0.26307     0.08676
     0.27407     0.06896
     0.28607     0.04978
     0.29707     0.03260
     0.30807     0.01934
     0.31907     0.01040
     0.33007     0.00507
     0.34107     0.00227
     0.35307     0.00101
     0.36407     0.00070
     0.37507     0.00122
     0.38607     0.00302
     0.39707     0.00729
     0.40807     0.01608
     0.41907     0.03215
     0.43107     0.05823
     0.44207     0.09557
     0.45307     0.14208
     0.46407     0.19139
     0.47507     0.23360
     0.48607     0.25820
     0.49807     0.25860
     0.50907     0.23470
     0.52007     0.19299
     0.53107     0.14376
     0.54207     0.09709
     0.55307     0.05965
     0.56507     0.03395
     0.57607     0.01975
     0.58707     0.01625
     0.59807     0.02436
     0.60907     0.04795
     0.62007     0.09366
     0.63107     0.16854
     0.64307     0.27560
     0.65407     0.40840
     0.66507     0.54820
     0.67607     0.66690
     0.68707     0.73500
     0.69807     0.73380
     0.71007     0.66390
     0.72107     0.54420
     0.73207     0.40460
     0.74307     0.27370
     0.75407     0.17091
     0.76507     0.10443
     0.77607     0.07446
     0.78807     0.07818
     0.79907     0.11261
     0.81007     0.17401
     0.82107     0.25500
     0.83207     0.34260
     0.84307     0.41780
     0.85507     0.46180
     0.86607     0.46260
     0.87707     0.41980
     0.88807     0.34520
     0.89907     0.25720
     0.91007     0.17394
     0.92107     0.10706
     0.93307     0.06078
     0.94407     0.03328
     0.95507     0.01987
     0.96607     0.01548
     0.97707     0.01597
     0.98807     0.01830
     1.00007     0.02039
     1.01107     0.02102
     1.02207     0.01974
     1.03307     0.01682
     1.04407     0.01299
     1.05507     0.00909
     1.06707     0.00576
     1.07807     0.00331
     1.08907     0.00172
     1.10007     0.00081
     1.11107     0.00035
     1.12207     0.00013
     1.13307     0.00005
     1.14507     0.00001
     1.15607     0.00000
     1.16707     0.00000
     1.17807     0.00000
     1.18907     0.00001
     1.20007     0.00002
     1.21207     0.00007
     1.22307     0.00018
     1.23407     0.00045
     1.24507     0.00103
     1.25607     0.00210
     1.26707     0.00390
     1.27807     0.00656
     1.29007     0.01000
     1.30107     0.01381
     1.31207     0.01727
     1.32307     0.01957
     1.33407     0.02012
     1.34507     0.01884
     1.35707     0.01619
     1.36807     0.01315
     1.37907     0.01084
     1.39007     0.01030
     1.40107     0.01220
     1.41207     0.01672
     1.42407     0.02338
     1.43507     0.03102
     1.44607     0.03818
     1.45707     0.04380
     1.46807     0.04839
     1.47907     0.05514
     1.49007     0.07056
     1.50207     0.10397
     1.51307     0.16513
     1.52407     0.26000
     1.53507     0.38540
     1.54607     0.52560
     1.55707     0.65400
     1.56907     0.74010
     1.58007     0.76220
     1.59107     0.71600
     1.60207     0.61680
     1.61307     0.49230
     1.62407     0.37040
     1.63507     0.26960
     1.64707     0.19590
     1.65807     0.14546
     1.66907     0.11074
     1.68007     0.08566
     1.69107     0.06803
     1.70207     0.05947
     1.71407     0.06449
     1.72507     0.08937
     1.73607     0.14106
     1.74707     0.22500
     1.75807     0.34100
     1.76907     0.47940
     1.78007     0.61880
     1.79207     0.72920
     1.80307     0.78280
     1.81407     0.76400
     1.82507     0.67700
     1.83607     0.54440
     1.84707     0.39720
     1.85907     0.26280
     1.87007     0.15760
     1.88107     0.08590
     1.89207     0.04289
     1.90307     0.02049
     1.91407     0.01116
     1.92607     0.00975
     1.93707     0.01358
     1.94807     0.02171
     1.95907     0.03398
     1.97007     0.05029
     1.98107     0.07005
     1.99207     0.09184
     2.00407     0.11336
     2.01507     0.13178
     2.02607     0.14454
     2.03707     0.15055
     2.04807     0.15099
     2.05907     0.14951
     2.07107     0.15102
     2.08207     0.15984
     2.09307     0.17779
     2.10407     0.20360
     2.11507     0.23400
     2.12607     0.26600
     2.13707     0.29980
     2.14907     0.33800
     2.16007     0.38360
     2.17107     0.43760
     2.18207     0.49460
     2.19307     0.54530
     2.20407     0.57830
     2.21607     0.58490
     2.22707     0.56230
     2.23807     0.51330
     2.24907     0.44500
     2.26007     0.36600
     2.27107     0.28540
     2.28307     0.21060
     2.29407     0.14707
     2.30507     0.09793
     2.31607     0.06338
     2.32707     0.04152
     2.33807     0.02940
     2.34907     0.02400
     2.36107     0.02328
     2.37207     0.02700
     2.38307     0.03737
     2.39407     0.05925
     2.40507     0.09941
     2.41607     0.16408
     2.42807     0.25520
     2.43907     0.36610
     2.45007     0.48050
     2.46107     0.57520
     2.47207     0.62800
     2.48307     0.62710
     2.49407     0.57590
     2.50607     0.49100
     2.51707     0.39440
     2.52807     0.30440
     2.53907     0.23020
     2.55007     0.17379
     2.56107     0.13260
     2.57307     0.10445
     2.58407     0.08913
     2.59507     0.08797
     2.60607     0.10250
     2.61707     0.13316
     2.62807     0.17869
     2.63907     0.23560
     2.65107     0.29800
     2.66207     0.35690
     2.67307     0.40200
     2.68407     0.42380
     2.69507     0.41760
     2.70607     0.38560
     2.71807     0.33640
     2.72907     0.28130
     2.74007     0.23080
     2.75107     0.19220
     2.76207     0.16960
     2.77307     0.16441
     2.78507     0.17551
     2.79607     0.19853
     2.80707     0.22560
     2.81807     0.24680
     2.82907     0.25350
     2.84007     0.24130
     2.85107     0.21240
     2.86307     0.17440
     2.87407     0.13728
     2.88507     0.10981
     2.89607     0.09693
     2.90707     0.09883
     2.91807     0.11151
     2.93007     0.12841
     2.94107     0.14248
     2.95207     0.14826
     2.96307     0.14324
     2.97407     0.12822
     2.98507     0.10662
     2.99607     0.08324
     3.00807     0.06294
     3.01907     0.04978
     3.03007     0.04681
     3.04107     0.05627
     3.05207     0.07967
     3.06307     0.11749
     3.07507     0.16822
     3.08607     0.22700
     3.09707     0.28540
     3.10807     0.33190
     3.11907     0.35560
     3.13007     0.34980
     3.14207     0.31540
     3.15307     0.26020
     3.16407     0.19618
     3.17507     0.13514
     3.18607     0.08502
     3.19707     0.04885
     3.20807     0.02566
     3.22007     0.01239
     3.23107     0.00566
     3.24207     0.00286
     3.25307     0.00239
     3.26407     0.00358
     3.27507     0.00633
     3.28707     0.01073
     3.29807     0.01668
     3.30907     0.02366
     3.32007     0.03065
     3.33107     0.03647
     3.34207     0.04033
     3.35307     0.04245
     3.36507     0.04425
     3.37607     0.04795
     3.38707     0.05580
     3.39807     0.06921
     3.40907     0.08831
     3.42007     0.11209
     3.43207     0.13900
     3.44307     0.16774
     3.45407     0.19748
     3.46507     0.22760
     3.47607     0.25720
     3.48707     0.28370
     3.49907     0.30340
     3.51007     0.31200
     3.52107     0.30560
     3.53207     0.28360
     3.54307     0.24870
     3.55407     0.20670
     3.56507     0.16442
     3.57707     0.12752
     3.58807     0.09867
     3.59907     0.07750
     3.61007     0.06193
     3.62107     0.04959
     3.63207     0.03900
     3.64407     0.02974
     3.65507     0.02196
     3.66607     0.01604
     3.67707     0.01226
     3.68807     0.01083
     3.69907     0.01200
     3.71007     0.01597
     3.72207     0.02276
     3.73307     0.03216
     3.74407     0.04372
     3.75507     0.05722
     3.76607     0.07294
     3.77707     0.09166
     3.78907     0.11409
     3.80007     0.13989
     3.81107     0.16701
     3.82207     0.19181
     3.83307     0.21000
     3.84407     0.21880
     3.85507     0.21740
     3.86707     0.20800
     3.87807     0.19552
     3.88907     0.18448
     3.90007     0.17799
     3.91107     0.17598
     3.92207     0.17526
     3.93407     0.17103
     3.94507     0.15933
     3.95607     0.13901
     3.96707     0.11229
     3.97807     0.08365
     3.98907     0.05796
     4.00107     0.03890
     4.01207     0.02830
     4.02307     0.02638
     4.03407     0.03222
     4.04507     0.04396
     4.05607     0.05888
     4.06707     0.07344
     4.07907     0.08395
     4.09007     0.08764
     4.10107     0.08354
     4.11207     0.07289
     4.12307     0.05856
     4.13407     0.04394
     4.14607     0.03196
     4.15707     0.02448
     4.16807     0.02228
     4.17907     0.02540
     4.19007     0.03334
     4.20107     0.04526
     4.21207     0.05986
     4.22407     0.07536
     4.23507     0.08956
     4.24607     0.10025
     4.25707     0.10564
     4.26807     0.10511
     4.27907     0.09952
     4.29107     0.09147
     4.30207     0.08506
     4.31307     0.08545
     4.32407     0.09777
     4.33507     0.12549
     4.34607     0.16817
     4.35807     0.21980
     4.36907     0.26960
     4.38007     0.30440
     4.39107     0.31410
     4.40207     0.29600
     4.41307     0.25600
     4.42407     0.20640
     4.43607     0.16083
     4.44707     0.12917
     4.45807     0.11543
     4.46907     0.11732
     4.48007     0.12818
     4.49107     0.13978
     4.50307     0.14513
     4.51407     0.14040
     4.52507     0.12572
     4.53607     0.10434
     4.54707     0.08115
     4.55807     0.06098
     4.56907     0.04766
     4.58107     0.04375
     4.59207     0.05053
     4.60307     0.06790
     4.61407     0.09390
     4.62507     0.12438
     4.63607     0.15327
     4.64807     0.17396
     4.65907     0.18126
     4.67007     0.17325
     4.68107     0.15201
     4.69207     0.12269
     4.70307     0.09151
     4.71407     0.06381
     4.72607     0.04283
     4.73707     0.02969
     4.74807     0.02428
     4.75907     0.02638
     4.77007     0.03619
     4.78107     0.05434
     4.79307     0.08099
     4.80407     0.11467
     4.81507     0.15155
     4.82607     0.18566
     4.83707     0.21040
     4.84807     0.22100
     4.86007     0.21590
     4.87107     0.19754
     4.88207     0.17118
     4.89307     0.14277
     4.90407     0.11691
     4.91507     0.09603
     4.92607     0.08062
     4.93807     0.07026
     4.94907     0.06432
     4.96007     0.06233
     4.97107     0.06349
     4.98207     0.06665
     4.99307     0.07070
     5.00507     0.07558
     5.01607     0.08306
     5.02707     0.09645
     5.03807     0.11889
     5.04907     0.15093
     5.06007     0.18859
     5.07107     0.22360
     5.08307     0.24610
     5.09407     0.24860
     5.10507     0.22960
     5.11607     0.19377
     5.12707     0.15041
     5.13807     0.10895
     5.15007     0.07602
     5.16107     0.05414
     5.17207     0.04244
     5.18307     0.03838
     5.19407     0.03946
     5.20507     0.04418
     5.21707     0.05210
     5.22807     0.06334
     5.23907     0.07791
     5.25007     0.09522
     5.26107     0.11402
     5.27207     0.13271
     5.28307     0.14967
     5.29507     0.16352
     5.30607     0.17315
     5.31707     0.17795
     5.32807     0.17821
     5.33907     0.17555
     5.35007     0.17293
     5.36207     0.17394
     5.37307     0.18128
     5.38407     0.19530
     5.39507     0.21340
     5.40607     0.23080
     5.41707     0.24240
     5.42807     0.24490
     5.44007     0.23720
     5.45107     0.22070
     5.46207     0.19795
     5.47307     0.17178
     5.48407     0.14498
     5.49507     0.11990
     5.50707     0.09813
     5.51807     0.08019
     5.52907     0.06549
     5.54007     0.05291
     5.55107     0.04152
     5.56207     0.03102
     5.57407     0.02176
     5.58507     0.01429
     5.59607     0.00908
     5.60707     0.00641
     5.61807     0.00649
     5.62907     0.00969
     5.64007     0.01658
     5.65207     0.02757
     5.66307     0.04235
     5.67407     0.05939
     5.68507     0.07577
     5.69607     0.08787
     5.70707     0.09260
     5.71907     0.08867
     5.73007     0.07717
     5.74107     0.06109
     5.75207     0.04418
     5.76307     0.02957
     5.77407     0.01913
     5.78507     0.01338
     5.79707     0.01191
     5.80807     0.01377
     5.81907     0.01768
     5.83007     0.02219
     5.84107     0.02583
     5.85207     0.02744
     5.86407     0.02645
     5.87507     0.02311
     5.88607     0.01830
     5.89707     0.01313
     5.90807     0.00853
     5.91907     0.00502
     5.93007     0.00268
     5.94207     0.00130
     5.95307     0.00057
     5.96407     0.00022
     5.97507     0.00008
     5.98607     0.00003
     5.99707     0.00001
     6.00907     0.00000
     6.02007     0.00000
     6.03107     0.00000
     6.04207     0.00000
     6.05307     0.00000
     6.06407     0.00000
     6.07607     0.00000
     6.08707     0.00000
     6.09807     0.00000
     6.10907     0.00000
     6.12007     0.00000
     6.13107     0.00000
     6.14207     0.00000
     6.15407     0.00000
     6.16507     0.00000
     6.17607     0.00000
     6.18707     0.00000
     6.19807     0.00000
     6.20907     0.00000
     6.22107     0.00000
     6.23207     0.00000
     6.24307     0.00000
     6.25407     0.00000
     6.26507     0.00000
     6.27607     0.00000
     6.28707     0.00000
     6.29907     0.00000
     6.31007     0.00000
     6.32107     0.00000
     6.33207     0.00000
     6.34307     0.00000
     6.35407     0.00000
     6.36607     0.00000
     6.37707     0.00000
     6.38807     0.00000
     6.39907     0.00000
     6.41007     0.00000
     6.42107     0.00000
     6.43307     0.00000
     6.44407     0.00000
     6.45507     0.00000
     6.46607     0.00000
     6.47707     0.00000
     6.48807     0.00000
     6.49907     0.00000
     6.51107     0.00000
     6.52207     0.00000
     6.53307     0.00000
     6.54407     0.00000
     6.55507     0.00000
     6.56607     0.00000
     6.57807     0.00000
     6.58907     0.00000
     6.60007     0.00000
     6.61107     0.00000
     6.62207     0.00000
     6.63307     0.00000
     6.64407     0.00000
     6.65607     0.00000
     6.66707     0.00000
     6.67807     0.00000
     6.68907     0.00000
     6.70007     0.00000
     6.71107     0.00000
     6.72307     0.00000
     6.73407     0.00000
     6.74507     0.00000
     6.75607     0.00000
     6.76707     0.00000
     6.77807     0.00000
     6.78907     0.00000
     6.80107     0.00000
     6.81207     0.00000
     6.82307     0.00000
     6.83407     0.00000
     6.84507     0.00000
     6.85607     0.00000
     6.86807     0.00000
     6.87907     0.00000
     6.89007     0.00000
     6.90107     0.00000
     6.91207     0.00000
     6.92307     0.00000
     6.93507     0.00000
     6.94607     0.00000
     6.95707     0.00000
     6.96807     0.00000
     6.97907     0.00000
     6.99007     0.00000
     7.00107     0.00000
     7.01307     0.00000
     7.02407     0.00000
     7.03507     0.00000
     7.04607     0.00000
     7.05707     0.00000
     7.06807     0.00000
     7.08007     0.00000
     7.09107     0.00000
     7.10207     0.00000
     7.11307     0.00000
     7.12407     0.00000
     7.13507     0.00000
     7.14607     0.00000
     7.15807     0.00000
     7.16907     0.00000
     7.18007     0.00000
     7.19107     0.00000
     7.20207     0.00000
     7.21307     0.00000
     7.22507     0.00000
     7.23607     0.00000
     7.24707     0.00000
     7.25807     0.00000
     7.26907     0.00000
     7.28007     0.00000
     7.29207     0.00000
     7.30307     0.00000
     7.31407     0.00000
     7.32507     0.00000
     7.33607     0.00000
     7.34707     0.00000
     7.35807     0.00000
     7.37007     0.00000
