     #Energy     5&8_all
   -26.09793     0.00000
   -26.08693     0.00000
   -26.07593     0.00000
   -26.06493     0.00000
   -26.05293     0.00000
   -26.04193     0.00000
   -26.03093     0.00000
   -26.01993     0.00000
   -26.00893     0.00000
   -25.99793     0.00000
   -25.98693     0.00000
   -25.97493     0.00000
   -25.96393     0.00000
   -25.95293     0.00000
   -25.94193     0.00000
   -25.93093     0.00000
   -25.91993     0.00000
   -25.90793     0.00000
   -25.89693     0.00000
   -25.88593     0.00000
   -25.87493     0.00000
   -25.86393     0.00000
   -25.85293     0.00000
   -25.84193     0.00000
   -25.82993     0.00000
   -25.81893     0.00000
   -25.80793     0.00000
   -25.79693     0.00000
   -25.78593     0.00000
   -25.77493     0.00000
   -25.76293     0.00000
   -25.75193     0.00000
   -25.74093     0.00000
   -25.72993     0.00000
   -25.71893     0.00000
   -25.70793     0.00000
   -25.69593     0.00000
   -25.68493     0.00000
   -25.67393     0.00000
   -25.66293     0.00000
   -25.65193     0.00000
   -25.64093     0.00000
   -25.62993     0.00000
   -25.61793     0.00000
   -25.60693     0.00000
   -25.59593     0.00000
   -25.58493     0.00000
   -25.57393     0.00000
   -25.56293     0.00000
   -25.55093     0.00000
   -25.53993     0.00000
   -25.52893     0.00000
   -25.51793     0.00000
   -25.50693     0.00000
   -25.49593     0.00000
   -25.48493     0.00000
   -25.47293     0.00000
   -25.46193     0.00000
   -25.45093     0.00000
   -25.43993     0.00000
   -25.42893     0.00000
   -25.41793     0.00000
   -25.40593     0.00000
   -25.39493     0.00000
   -25.38393     0.00000
   -25.37293     0.00000
   -25.36193     0.00000
   -25.35093     0.00000
   -25.33993     0.00000
   -25.32793     0.00000
   -25.31693     0.00000
   -25.30593     0.00000
   -25.29493     0.00000
   -25.28393     0.00000
   -25.27293     0.00000
   -25.26093     0.00000
   -25.24993     0.00000
   -25.23893     0.00000
   -25.22793     0.00000
   -25.21693     0.00000
   -25.20593     0.00000
   -25.19393     0.00000
   -25.18293     0.00000
   -25.17193     0.00000
   -25.16093     0.00000
   -25.14993     0.00000
   -25.13893     0.00000
   -25.12793     0.00000
   -25.11593     0.00000
   -25.10493     0.00000
   -25.09393     0.00000
   -25.08293     0.00000
   -25.07193     0.00000
   -25.06093     0.00000
   -25.04893     0.00000
   -25.03793     0.00000
   -25.02693     0.00000
   -25.01593     0.00000
   -25.00493     0.00000
   -24.99393     0.00000
   -24.98293     0.00000
   -24.97093     0.00000
   -24.95993     0.00000
   -24.94893     0.00000
   -24.93793     0.00000
   -24.92693     0.00000
   -24.91593     0.00000
   -24.90393     0.00000
   -24.89293     0.00000
   -24.88193     0.00000
   -24.87093     0.00000
   -24.85993     0.00000
   -24.84893     0.00000
   -24.83693     0.00000
   -24.82593     0.00000
   -24.81493     0.00000
   -24.80393     0.00000
   -24.79293     0.00000
   -24.78193     0.00000
   -24.77093     0.00000
   -24.75893     0.00000
   -24.74793     0.00000
   -24.73693     0.00000
   -24.72593     0.00000
   -24.71493     0.00000
   -24.70393     0.00000
   -24.69193     0.00000
   -24.68093     0.00000
   -24.66993     0.00000
   -24.65893     0.00000
   -24.64793     0.00000
   -24.63693     0.00000
   -24.62593     0.00000
   -24.61393     0.00000
   -24.60293     0.00000
   -24.59193     0.00000
   -24.58093     0.00000
   -24.56993     0.00001
   -24.55893     0.00001
   -24.54693     0.00001
   -24.53593     0.00003
   -24.52493     0.00005
   -24.51393     0.00009
   -24.50293     0.00017
   -24.49193     0.00031
   -24.48093     0.00052
   -24.46893     0.00086
   -24.45793     0.00134
   -24.44693     0.00201
   -24.43593     0.00290
   -24.42493     0.00404
   -24.41393     0.00553
   -24.40193     0.00756
   -24.39093     0.01052
   -24.37993     0.01505
   -24.36893     0.02215
   -24.35793     0.03305
   -24.34693     0.04911
   -24.33493     0.07141
   -24.32393     0.10045
   -24.31293     0.13606
   -24.30193     0.17791
   -24.29093     0.22696
   -24.27993     0.28927
   -24.26893     0.38350
   -24.25693     0.55663
   -24.24593     0.91112
   -24.23493     1.64611
   -24.22393     3.09943
   -24.21293     5.76675
   -24.20193    10.25284
   -24.18993    17.13251
   -24.17893    26.75808
   -24.16793    39.08701
   -24.15693    53.63895
   -24.14593    69.56046
   -24.13493    85.82092
   -24.12393   101.24535
   -24.11193   114.44080
   -24.10093   123.86526
   -24.08993   128.14369
   -24.07893   126.46696
   -24.06793   119.33495
   -24.05693   108.36562
   -24.04493    95.81100
   -24.03393    83.65521
   -24.02293    72.83839
   -24.01193    63.20863
   -24.00093    53.96109
   -23.98993    44.47637
   -23.97793    34.72375
   -23.96693    25.33075
   -23.95593    17.12277
   -23.94493    10.74897
   -23.93393     6.41939
   -23.92293     3.95706
   -23.91193     2.97241
   -23.89993     3.04657
   -23.88893     3.82728
   -23.87793     5.05006
   -23.86693     6.51561
   -23.85593     8.06680
   -23.84493     9.57023
   -23.83293    10.90319
   -23.82193    11.92631
   -23.81093    12.49322
   -23.79993    12.46391
   -23.78893    11.74287
   -23.77793    10.36307
   -23.76693     8.50143
   -23.75493     6.44144
   -23.74393     4.48390
   -23.73293     2.85726
   -23.72193     1.66221
   -23.71093     0.88070
   -23.69993     0.42460
   -23.68793     0.18603
   -23.67693     0.07400
   -23.66593     0.02673
   -23.65493     0.00876
   -23.64393     0.00260
   -23.63293     0.00070
   -23.62093     0.00017
   -23.60993     0.00004
   -23.59893     0.00001
   -23.58793     0.00000
   -23.57693     0.00000
   -23.56593     0.00000
   -23.55493     0.00000
   -23.54293     0.00000
   -23.53193     0.00000
   -23.52093     0.00000
   -23.50993     0.00000
   -23.49893     0.00000
   -23.48793     0.00000
   -23.47593     0.00000
   -23.46493     0.00000
   -23.45393     0.00000
   -23.44293     0.00000
   -23.43193     0.00000
   -23.42093     0.00000
   -23.40993     0.00000
   -23.39793     0.00000
   -23.38693     0.00000
   -23.37593     0.00000
   -23.36493     0.00000
   -23.35393     0.00000
   -23.34293     0.00000
   -23.33093     0.00000
   -23.31993     0.00000
   -23.30893     0.00000
   -23.29793     0.00000
   -23.28693     0.00000
   -23.27593     0.00000
   -23.26493     0.00000
   -23.25293     0.00000
   -23.24193     0.00000
   -23.23093     0.00000
   -23.21993     0.00000
   -23.20893     0.00000
   -23.19793     0.00000
   -23.18593     0.00000
   -23.17493     0.00000
   -23.16393     0.00000
   -23.15293     0.00000
   -23.14193     0.00000
   -23.13093     0.00000
   -23.11893     0.00000
   -23.10793     0.00000
   -23.09693     0.00000
   -23.08593     0.00000
   -23.07493     0.00000
   -23.06393     0.00000
   -23.05293     0.00000
   -23.04093     0.00000
   -23.02993     0.00000
   -23.01893     0.00000
   -23.00793     0.00000
   -22.99693     0.00000
   -22.98593     0.00000
   -22.97393     0.00000
   -22.96293     0.00000
   -22.95193     0.00000
   -22.94093     0.00000
   -22.92993     0.00000
   -22.91893     0.00000
   -22.90793     0.00000
   -22.89593     0.00000
   -22.88493     0.00000
   -22.87393     0.00000
   -22.86293     0.00000
   -22.85193     0.00000
   -22.84093     0.00000
   -22.82893     0.00000
   -22.81793     0.00000
   -22.80693     0.00000
   -22.79593     0.00000
   -22.78493     0.00000
   -22.77393     0.00000
   -22.76193     0.00000
   -22.75093     0.00000
   -22.73993     0.00000
   -22.72893     0.00000
   -22.71793     0.00000
   -22.70693     0.00000
   -22.69593     0.00000
   -22.68393     0.00000
   -22.67293     0.00000
   -22.66193     0.00000
   -22.65093     0.00000
   -22.63993     0.00000
   -22.62893     0.00000
   -22.61693     0.00000
   -22.60593     0.00000
   -22.59493     0.00000
   -22.58393     0.00000
   -22.57293     0.00000
   -22.56193     0.00000
   -22.55093     0.00000
   -22.53893     0.00000
   -22.52793     0.00000
   -22.51693     0.00000
   -22.50593     0.00000
   -22.49493     0.00000
   -22.48393     0.00000
   -22.47193     0.00000
   -22.46093     0.00000
   -22.44993     0.00000
   -22.43893     0.00000
   -22.42793     0.00000
   -22.41693     0.00000
   -22.40593     0.00000
   -22.39393     0.00000
   -22.38293     0.00000
   -22.37193     0.00000
   -22.36093     0.00000
   -22.34993     0.00000
   -22.33893     0.00000
   -22.32693     0.00000
   -22.31593     0.00000
   -22.30493     0.00000
   -22.29393     0.00000
   -22.28293     0.00000
   -22.27193     0.00000
   -22.25993     0.00000
   -22.24893     0.00000
   -22.23793     0.00000
   -22.22693     0.00000
   -22.21593     0.00000
   -22.20493     0.00000
   -22.19393     0.00000
   -22.18193     0.00000
   -22.17093     0.00000
   -22.15993     0.00000
   -22.14893     0.00000
   -22.13793     0.00000
   -22.12693     0.00000
   -22.11493     0.00000
   -22.10393     0.00000
   -22.09293     0.00000
   -22.08193     0.00000
   -22.07093     0.00000
   -22.05993     0.00000
   -22.04893     0.00000
   -22.03693     0.00000
   -22.02593     0.00000
   -22.01493     0.00000
   -22.00393     0.00000
   -21.99293     0.00000
   -21.98193     0.00000
   -21.96993     0.00000
   -21.95893     0.00000
   -21.94793     0.00000
   -21.93693     0.00000
   -21.92593     0.00000
   -21.91493     0.00000
   -21.90293     0.00000
   -21.89193     0.00000
   -21.88093     0.00000
   -21.86993     0.00000
   -21.85893     0.00000
   -21.84793     0.00000
   -21.83693     0.00000
   -21.82493     0.00000
   -21.81393     0.00000
   -21.80293     0.00000
   -21.79193     0.00000
   -21.78093     0.00000
   -21.76993     0.00000
   -21.75793     0.00000
   -21.74693     0.00000
   -21.73593     0.00000
   -21.72493     0.00000
   -21.71393     0.00000
   -21.70293     0.00000
   -21.69193     0.00000
   -21.67993     0.00000
   -21.66893     0.00000
   -21.65793     0.00000
   -21.64693     0.00000
   -21.63593     0.00000
   -21.62493     0.00000
   -21.61293     0.00000
   -21.60193     0.00000
   -21.59093     0.00000
   -21.57993     0.00000
   -21.56893     0.00000
   -21.55793     0.00000
   -21.54593     0.00000
   -21.53493     0.00000
   -21.52393     0.00000
   -21.51293     0.00000
   -21.50193     0.00000
   -21.49093     0.00000
   -21.47993     0.00000
   -21.46793     0.00000
   -21.45693     0.00000
   -21.44593     0.00000
   -21.43493     0.00000
   -21.42393     0.00000
   -21.41293     0.00000
   -21.40093     0.00000
   -21.38993     0.00000
   -21.37893     0.00000
   -21.36793     0.00000
   -21.35693     0.00000
   -21.34593     0.00000
   -21.33493     0.00000
   -21.32293     0.00000
   -21.31193     0.00000
   -21.30093     0.00000
   -21.28993     0.00000
   -21.27893     0.00000
   -21.26793     0.00000
   -21.25593     0.00000
   -21.24493     0.00000
   -21.23393     0.00000
   -21.22293     0.00000
   -21.21193     0.00000
   -21.20093     0.00000
   -21.18993     0.00000
   -21.17793     0.00000
   -21.16693     0.00000
   -21.15593     0.00000
   -21.14493     0.00000
   -21.13393     0.00000
   -21.12293     0.00000
   -21.11093     0.00000
   -21.09993     0.00000
   -21.08893     0.00000
   -21.07793     0.00000
   -21.06693     0.00000
   -21.05593     0.00000
   -21.04393     0.00000
   -21.03293     0.00000
   -21.02193     0.00000
   -21.01093     0.00000
   -20.99993     0.00000
   -20.98893     0.00000
   -20.97793     0.00000
   -20.96593     0.00000
   -20.95493     0.00000
   -20.94393     0.00000
   -20.93293     0.00000
   -20.92193     0.00000
   -20.91093     0.00000
   -20.89893     0.00000
   -20.88793     0.00000
   -20.87693     0.00000
   -20.86593     0.00000
   -20.85493     0.00000
   -20.84393     0.00000
   -20.83293     0.00000
   -20.82093     0.00000
   -20.80993     0.00000
   -20.79893     0.00000
   -20.78793     0.00000
   -20.77693     0.00000
   -20.76593     0.00000
   -20.75393     0.00000
   -20.74293     0.00000
   -20.73193     0.00000
   -20.72093     0.00000
   -20.70993     0.00000
   -20.69893     0.00000
   -20.68693     0.00000
   -20.67593     0.00000
   -20.66493     0.00000
   -20.65393     0.00000
   -20.64293     0.00000
   -20.63193     0.00000
   -20.62093     0.00000
   -20.60893     0.00000
   -20.59793     0.00000
   -20.58693     0.00000
   -20.57593     0.00000
   -20.56493     0.00000
   -20.55393     0.00000
   -20.54193     0.00000
   -20.53093     0.00000
   -20.51993     0.00000
   -20.50893     0.00000
   -20.49793     0.00000
   -20.48693     0.00000
   -20.47593     0.00000
   -20.46393     0.00000
   -20.45293     0.00000
   -20.44193     0.00000
   -20.43093     0.00000
   -20.41993     0.00000
   -20.40893     0.00000
   -20.39693     0.00000
   -20.38593     0.00000
   -20.37493     0.00000
   -20.36393     0.00000
   -20.35293     0.00000
   -20.34193     0.00000
   -20.33093     0.00000
   -20.31893     0.00000
   -20.30793     0.00000
   -20.29693     0.00000
   -20.28593     0.00000
   -20.27493     0.00000
   -20.26393     0.00000
   -20.25193     0.00000
   -20.24093     0.00000
   -20.22993     0.00000
   -20.21893     0.00000
   -20.20793     0.00000
   -20.19693     0.00000
   -20.18493     0.00000
   -20.17393     0.00000
   -20.16293     0.00000
   -20.15193     0.00000
   -20.14093     0.00000
   -20.12993     0.00000
   -20.11893     0.00000
   -20.10693     0.00000
   -20.09593     0.00000
   -20.08493     0.00000
   -20.07393     0.00000
   -20.06293     0.00000
   -20.05193     0.00000
   -20.03993     0.00000
   -20.02893     0.00000
   -20.01793     0.00000
   -20.00693     0.00000
   -19.99593     0.00000
   -19.98493     0.00000
   -19.97393     0.00000
   -19.96193     0.00000
   -19.95093     0.00000
   -19.93993     0.00000
   -19.92893     0.00000
   -19.91793     0.00000
   -19.90693     0.00000
   -19.89493     0.00000
   -19.88393     0.00000
   -19.87293     0.00000
   -19.86193     0.00000
   -19.85093     0.00000
   -19.83993     0.00000
   -19.82793     0.00000
   -19.81693     0.00000
   -19.80593     0.00000
   -19.79493     0.00000
   -19.78393     0.00000
   -19.77293     0.00000
   -19.76193     0.00000
   -19.74993     0.00000
   -19.73893     0.00000
   -19.72793     0.00000
   -19.71693     0.00000
   -19.70593     0.00000
   -19.69493     0.00000
   -19.68293     0.00000
   -19.67193     0.00000
   -19.66093     0.00000
   -19.64993     0.00000
   -19.63893     0.00000
   -19.62793     0.00000
   -19.61693     0.00000
   -19.60493     0.00000
   -19.59393     0.00000
   -19.58293     0.00000
   -19.57193     0.00000
   -19.56093     0.00000
   -19.54993     0.00000
   -19.53793     0.00000
   -19.52693     0.00000
   -19.51593     0.00000
   -19.50493     0.00000
   -19.49393     0.00000
   -19.48293     0.00000
   -19.47193     0.00000
   -19.45993     0.00000
   -19.44893     0.00000
   -19.43793     0.00000
   -19.42693     0.00000
   -19.41593     0.00000
   -19.40493     0.00000
   -19.39293     0.00000
   -19.38193     0.00000
   -19.37093     0.00000
   -19.35993     0.00000
   -19.34893     0.00000
   -19.33793     0.00000
   -19.32593     0.00000
   -19.31493     0.00000
   -19.30393     0.00000
   -19.29293     0.00000
   -19.28193     0.00000
   -19.27093     0.00000
   -19.25993     0.00000
   -19.24793     0.00000
   -19.23693     0.00000
   -19.22593     0.00000
   -19.21493     0.00000
   -19.20393     0.00000
   -19.19293     0.00000
   -19.18093     0.00000
   -19.16993     0.00000
   -19.15893     0.00000
   -19.14793     0.00000
   -19.13693     0.00000
   -19.12593     0.00000
   -19.11493     0.00000
   -19.10293     0.00000
   -19.09193     0.00000
   -19.08093     0.00000
   -19.06993     0.00000
   -19.05893     0.00000
   -19.04793     0.00000
   -19.03593     0.00000
   -19.02493     0.00000
   -19.01393     0.00000
   -19.00293     0.00000
   -18.99193     0.00000
   -18.98093     0.00000
   -18.96893     0.00000
   -18.95793     0.00000
   -18.94693     0.00000
   -18.93593     0.00000
   -18.92493     0.00000
   -18.91393     0.00000
   -18.90293     0.00000
   -18.89093     0.00000
   -18.87993     0.00000
   -18.86893     0.00000
   -18.85793     0.00000
   -18.84693     0.00000
   -18.83593     0.00000
   -18.82393     0.00000
   -18.81293     0.00000
   -18.80193     0.00000
   -18.79093     0.00000
   -18.77993     0.00000
   -18.76893     0.00000
   -18.75793     0.00000
   -18.74593     0.00000
   -18.73493     0.00000
   -18.72393     0.00000
   -18.71293     0.00000
   -18.70193     0.00000
   -18.69093     0.00000
   -18.67893     0.00000
   -18.66793     0.00000
   -18.65693     0.00000
   -18.64593     0.00000
   -18.63493     0.00000
   -18.62393     0.00000
   -18.61193     0.00000
   -18.60093     0.00000
   -18.58993     0.00000
   -18.57893     0.00000
   -18.56793     0.00000
   -18.55693     0.00000
   -18.54593     0.00000
   -18.53393     0.00000
   -18.52293     0.00000
   -18.51193     0.00000
   -18.50093     0.00000
   -18.48993     0.00000
   -18.47893     0.00000
   -18.46693     0.00000
   -18.45593     0.00000
   -18.44493     0.00000
   -18.43393     0.00000
   -18.42293     0.00000
   -18.41193     0.00000
   -18.40093     0.00000
   -18.38893     0.00000
   -18.37793     0.00000
   -18.36693     0.00000
   -18.35593     0.00000
   -18.34493     0.00000
   -18.33393     0.00000
   -18.32193     0.00000
   -18.31093     0.00000
   -18.29993     0.00000
   -18.28893     0.00000
   -18.27793     0.00000
   -18.26693     0.00000
   -18.25593     0.00000
   -18.24393     0.00000
   -18.23293     0.00000
   -18.22193     0.00000
   -18.21093     0.00000
   -18.19993     0.00000
   -18.18893     0.00000
   -18.17693     0.00000
   -18.16593     0.00000
   -18.15493     0.00000
   -18.14393     0.00000
   -18.13293     0.00000
   -18.12193     0.00000
   -18.10993     0.00000
   -18.09893     0.00000
   -18.08793     0.00000
   -18.07693     0.00000
   -18.06593     0.00000
   -18.05493     0.00000
   -18.04393     0.00000
   -18.03193     0.00000
   -18.02093     0.00000
   -18.00993     0.00000
   -17.99893     0.00000
   -17.98793     0.00000
   -17.97693     0.00000
   -17.96493     0.00000
   -17.95393     0.00000
   -17.94293     0.00000
   -17.93193     0.00000
   -17.92093     0.00000
   -17.90993     0.00000
   -17.89893     0.00000
   -17.88693     0.00000
   -17.87593     0.00000
   -17.86493     0.00000
   -17.85393     0.00000
   -17.84293     0.00000
   -17.83193     0.00000
   -17.81993     0.00000
   -17.80893     0.00000
   -17.79793     0.00000
   -17.78693     0.00000
   -17.77593     0.00000
   -17.76493     0.00000
   -17.75293     0.00000
   -17.74193     0.00000
   -17.73093     0.00000
   -17.71993     0.00000
   -17.70893     0.00000
   -17.69793     0.00000
   -17.68693     0.00000
   -17.67493     0.00000
   -17.66393     0.00000
   -17.65293     0.00000
   -17.64193     0.00000
   -17.63093     0.00000
   -17.61993     0.00000
   -17.60793     0.00000
   -17.59693     0.00000
   -17.58593     0.00000
   -17.57493     0.00000
   -17.56393     0.00000
   -17.55293     0.00000
   -17.54193     0.00000
   -17.52993     0.00000
   -17.51893     0.00000
   -17.50793     0.00000
   -17.49693     0.00000
   -17.48593     0.00000
   -17.47493     0.00000
   -17.46293     0.00000
   -17.45193     0.00000
   -17.44093     0.00000
   -17.42993     0.00000
   -17.41893     0.00000
   -17.40793     0.00000
   -17.39693     0.00000
   -17.38493     0.00000
   -17.37393     0.00000
   -17.36293     0.00000
   -17.35193     0.00000
   -17.34093     0.00000
   -17.32993     0.00000
   -17.31793     0.00000
   -17.30693     0.00000
   -17.29593     0.00000
   -17.28493     0.00000
   -17.27393     0.00000
   -17.26293     0.00000
   -17.25093     0.00000
   -17.23993     0.00000
   -17.22893     0.00000
   -17.21793     0.00000
   -17.20693     0.00000
   -17.19593     0.00000
   -17.18493     0.00000
   -17.17293     0.00000
   -17.16193     0.00000
   -17.15093     0.00000
   -17.13993     0.00000
   -17.12893     0.00000
   -17.11793     0.00000
   -17.10593     0.00000
   -17.09493     0.00000
   -17.08393     0.00000
   -17.07293     0.00000
   -17.06193     0.00000
   -17.05093     0.00000
   -17.03993     0.00000
   -17.02793     0.00000
   -17.01693     0.00000
   -17.00593     0.00000
   -16.99493     0.00000
   -16.98393     0.00000
   -16.97293     0.00000
   -16.96093     0.00000
   -16.94993     0.00000
   -16.93893     0.00000
   -16.92793     0.00000
   -16.91693     0.00000
   -16.90593     0.00000
   -16.89393     0.00000
   -16.88293     0.00000
   -16.87193     0.00000
   -16.86093     0.00000
   -16.84993     0.00000
   -16.83893     0.00000
   -16.82793     0.00000
   -16.81593     0.00000
   -16.80493     0.00000
   -16.79393     0.00000
   -16.78293     0.00000
   -16.77193     0.00000
   -16.76093     0.00000
   -16.74893     0.00000
   -16.73793     0.00000
   -16.72693     0.00000
   -16.71593     0.00000
   -16.70493     0.00000
   -16.69393     0.00000
   -16.68293     0.00000
   -16.67093     0.00000
   -16.65993     0.00000
   -16.64893     0.00000
   -16.63793     0.00000
   -16.62693     0.00000
   -16.61593     0.00000
   -16.60393     0.00000
   -16.59293     0.00000
   -16.58193     0.00000
   -16.57093     0.00000
   -16.55993     0.00000
   -16.54893     0.00000
   -16.53693     0.00000
   -16.52593     0.00000
   -16.51493     0.00000
   -16.50393     0.00000
   -16.49293     0.00000
   -16.48193     0.00000
   -16.47093     0.00000
   -16.45893     0.00000
   -16.44793     0.00000
   -16.43693     0.00000
   -16.42593     0.00000
   -16.41493     0.00000
   -16.40393     0.00000
   -16.39193     0.00000
   -16.38093     0.00000
   -16.36993     0.00000
   -16.35893     0.00000
   -16.34793     0.00000
   -16.33693     0.00000
   -16.32593     0.00000
   -16.31393     0.00000
   -16.30293     0.00000
   -16.29193     0.00000
   -16.28093     0.00000
   -16.26993     0.00000
   -16.25893     0.00000
   -16.24693     0.00000
   -16.23593     0.00000
   -16.22493     0.00000
   -16.21393     0.00000
   -16.20293     0.00000
   -16.19193     0.00000
   -16.18093     0.00000
   -16.16893     0.00000
   -16.15793     0.00000
   -16.14693     0.00000
   -16.13593     0.00000
   -16.12493     0.00000
   -16.11393     0.00000
   -16.10193     0.00000
   -16.09093     0.00000
   -16.07993     0.00000
   -16.06893     0.00000
   -16.05793     0.00000
   -16.04693     0.00000
   -16.03493     0.00000
   -16.02393     0.00000
   -16.01293     0.00000
   -16.00193     0.00000
   -15.99093     0.00000
   -15.97993     0.00000
   -15.96893     0.00000
   -15.95693     0.00000
   -15.94593     0.00000
   -15.93493     0.00000
   -15.92393     0.00000
   -15.91293     0.00000
   -15.90193     0.00000
   -15.88993     0.00000
   -15.87893     0.00000
   -15.86793     0.00000
   -15.85693     0.00000
   -15.84593     0.00000
   -15.83493     0.00000
   -15.82393     0.00000
   -15.81193     0.00000
   -15.80093     0.00000
   -15.78993     0.00000
   -15.77893     0.00000
   -15.76793     0.00000
   -15.75693     0.00000
   -15.74493     0.00000
   -15.73393     0.00000
   -15.72293     0.00000
   -15.71193     0.00000
   -15.70093     0.00000
   -15.68993     0.00000
   -15.67793     0.00000
   -15.66693     0.00000
   -15.65593     0.00000
   -15.64493     0.00000
   -15.63393     0.00000
   -15.62293     0.00000
   -15.61193     0.00000
   -15.59993     0.00000
   -15.58893     0.00000
   -15.57793     0.00000
   -15.56693     0.00000
   -15.55593     0.00000
   -15.54493     0.00000
   -15.53293     0.00000
   -15.52193     0.00000
   -15.51093     0.00000
   -15.49993     0.00000
   -15.48893     0.00000
   -15.47793     0.00000
   -15.46693     0.00000
   -15.45493     0.00000
   -15.44393     0.00000
   -15.43293     0.00000
   -15.42193     0.00000
   -15.41093     0.00000
   -15.39993     0.00000
   -15.38793     0.00000
   -15.37693     0.00000
   -15.36593     0.00000
   -15.35493     0.00000
   -15.34393     0.00000
   -15.33293     0.00000
   -15.32193     0.00000
   -15.30993     0.00000
   -15.29893     0.00000
   -15.28793     0.00000
   -15.27693     0.00000
   -15.26593     0.00000
   -15.25493     0.00000
   -15.24293     0.00000
   -15.23193     0.00000
   -15.22093     0.00000
   -15.20993     0.00000
   -15.19893     0.00000
   -15.18793     0.00000
   -15.17593     0.00000
   -15.16493     0.00000
   -15.15393     0.00000
   -15.14293     0.00000
   -15.13193     0.00000
   -15.12093     0.00000
   -15.10993     0.00000
   -15.09793     0.00000
   -15.08693     0.00000
   -15.07593     0.00000
   -15.06493     0.00000
   -15.05393     0.00000
   -15.04293     0.00000
   -15.03093     0.00000
   -15.01993     0.00000
   -15.00893     0.00000
   -14.99793     0.00000
   -14.98693     0.00000
   -14.97593     0.00000
   -14.96493     0.00000
   -14.95293     0.00000
   -14.94193     0.00000
   -14.93093     0.00000
   -14.91993     0.00000
   -14.90893     0.00000
   -14.89793     0.00000
   -14.88593     0.00000
   -14.87493     0.00000
   -14.86393     0.00000
   -14.85293     0.00000
   -14.84193     0.00000
   -14.83093     0.00000
   -14.81893     0.00000
   -14.80793     0.00000
   -14.79693     0.00000
   -14.78593     0.00000
   -14.77493     0.00000
   -14.76393     0.00000
   -14.75293     0.00000
   -14.74093     0.00000
   -14.72993     0.00000
   -14.71893     0.00000
   -14.70793     0.00000
   -14.69693     0.00000
   -14.68593     0.00000
   -14.67393     0.00000
   -14.66293     0.00000
   -14.65193     0.00000
   -14.64093     0.00000
   -14.62993     0.00000
   -14.61893     0.00000
   -14.60793     0.00000
   -14.59593     0.00000
   -14.58493     0.00000
   -14.57393     0.00000
   -14.56293     0.00000
   -14.55193     0.00000
   -14.54093     0.00000
   -14.52893     0.00000
   -14.51793     0.00000
   -14.50693     0.00000
   -14.49593     0.00000
   -14.48493     0.00000
   -14.47393     0.00000
   -14.46293     0.00000
   -14.45093     0.00000
   -14.43993     0.00000
   -14.42893     0.00000
   -14.41793     0.00000
   -14.40693     0.00000
   -14.39593     0.00000
   -14.38393     0.00000
   -14.37293     0.00000
   -14.36193     0.00000
   -14.35093     0.00000
   -14.33993     0.00000
   -14.32893     0.00000
   -14.31693     0.00000
   -14.30593     0.00000
   -14.29493     0.00000
   -14.28393     0.00000
   -14.27293     0.00000
   -14.26193     0.00000
   -14.25093     0.00000
   -14.23893     0.00000
   -14.22793     0.00000
   -14.21693     0.00000
   -14.20593     0.00000
   -14.19493     0.00000
   -14.18393     0.00000
   -14.17193     0.00000
   -14.16093     0.00000
   -14.14993     0.00000
   -14.13893     0.00000
   -14.12793     0.00000
   -14.11693     0.00000
   -14.10593     0.00000
   -14.09393     0.00000
   -14.08293     0.00000
   -14.07193     0.00000
   -14.06093     0.00000
   -14.04993     0.00000
   -14.03893     0.00000
   -14.02693     0.00000
   -14.01593     0.00000
   -14.00493     0.00000
   -13.99393     0.00000
   -13.98293     0.00000
   -13.97193     0.00000
   -13.95993     0.00000
   -13.94893     0.00000
   -13.93793     0.00000
   -13.92693     0.00000
   -13.91593     0.00000
   -13.90493     0.00000
   -13.89393     0.00000
   -13.88193     0.00000
   -13.87093     0.00000
   -13.85993     0.00000
   -13.84893     0.00000
   -13.83793     0.00000
   -13.82693     0.00000
   -13.81493     0.00000
   -13.80393     0.00000
   -13.79293     0.00000
   -13.78193     0.00000
   -13.77093     0.00000
   -13.75993     0.00000
   -13.74893     0.00000
   -13.73693     0.00000
   -13.72593     0.00000
   -13.71493     0.00000
   -13.70393     0.00000
   -13.69293     0.00000
   -13.68193     0.00000
   -13.66993     0.00000
   -13.65893     0.00000
   -13.64793     0.00000
   -13.63693     0.00000
   -13.62593     0.00000
   -13.61493     0.00000
   -13.60293     0.00000
   -13.59193     0.00000
   -13.58093     0.00000
   -13.56993     0.00000
   -13.55893     0.00000
   -13.54793     0.00000
   -13.53693     0.00000
   -13.52493     0.00000
   -13.51393     0.00000
   -13.50293     0.00000
   -13.49193     0.00000
   -13.48093     0.00000
   -13.46993     0.00000
   -13.45793     0.00000
   -13.44693     0.00000
   -13.43593     0.00000
   -13.42493     0.00000
   -13.41393     0.00000
   -13.40293     0.00000
   -13.39193     0.00000
   -13.37993     0.00000
   -13.36893     0.00000
   -13.35793     0.00000
   -13.34693     0.00000
   -13.33593     0.00000
   -13.32493     0.00000
   -13.31293     0.00000
   -13.30193     0.00000
   -13.29093     0.00000
   -13.27993     0.00000
   -13.26893     0.00000
   -13.25793     0.00000
   -13.24693     0.00000
   -13.23493     0.00000
   -13.22393     0.00000
   -13.21293     0.00000
   -13.20193     0.00000
   -13.19093     0.00000
   -13.17993     0.00000
   -13.16793     0.00000
   -13.15693     0.00000
   -13.14593     0.00000
   -13.13493     0.00000
   -13.12393     0.00000
   -13.11293     0.00000
   -13.10093     0.00000
   -13.08993     0.00000
   -13.07893     0.00000
   -13.06793     0.00000
   -13.05693     0.00000
   -13.04593     0.00000
   -13.03493     0.00000
   -13.02293     0.00000
   -13.01193     0.00000
   -13.00093     0.00000
   -12.98993     0.00000
   -12.97893     0.00000
   -12.96793     0.00000
   -12.95593     0.00000
   -12.94493     0.00000
   -12.93393     0.00000
   -12.92293     0.00000
   -12.91193     0.00000
   -12.90093     0.00000
   -12.88993     0.00000
   -12.87793     0.00000
   -12.86693     0.00000
   -12.85593     0.00000
   -12.84493     0.00000
   -12.83393     0.00000
   -12.82293     0.00000
   -12.81093     0.00000
   -12.79993     0.00000
   -12.78893     0.00000
   -12.77793     0.00000
   -12.76693     0.00000
   -12.75593     0.00000
   -12.74393     0.00000
   -12.73293     0.00000
   -12.72193     0.00000
   -12.71093     0.00000
   -12.69993     0.00000
   -12.68893     0.00000
   -12.67793     0.00000
   -12.66593     0.00000
   -12.65493     0.00000
   -12.64393     0.00000
   -12.63293     0.00000
   -12.62193     0.00000
   -12.61093     0.00000
   -12.59893     0.00000
   -12.58793     0.00000
   -12.57693     0.00000
   -12.56593     0.00000
   -12.55493     0.00000
   -12.54393     0.00000
   -12.53293     0.00000
   -12.52093     0.00000
   -12.50993     0.00000
   -12.49893     0.00000
   -12.48793     0.00000
   -12.47693     0.00000
   -12.46593     0.00000
   -12.45393     0.00000
   -12.44293     0.00000
   -12.43193     0.00000
   -12.42093     0.00000
   -12.40993     0.00000
   -12.39893     0.00000
   -12.38793     0.00001
   -12.37593     0.00003
   -12.36493     0.00006
   -12.35393     0.00011
   -12.34293     0.00020
   -12.33193     0.00033
   -12.32093     0.00049
   -12.30893     0.00065
   -12.29793     0.00079
   -12.28693     0.00087
   -12.27593     0.00087
   -12.26493     0.00079
   -12.25393     0.00064
   -12.24193     0.00048
   -12.23093     0.00032
   -12.21993     0.00020
   -12.20893     0.00011
   -12.19793     0.00005
   -12.18693     0.00002
   -12.17593     0.00001
   -12.16393     0.00001
   -12.15293     0.00001
   -12.14193     0.00002
   -12.13093     0.00006
   -12.11993     0.00014
   -12.10893     0.00030
   -12.09693     0.00057
   -12.08593     0.00098
   -12.07493     0.00153
   -12.06393     0.00216
   -12.05293     0.00276
   -12.04193     0.00319
   -12.03093     0.00335
   -12.01893     0.00318
   -12.00793     0.00274
   -11.99693     0.00214
   -11.98593     0.00151
   -11.97493     0.00097
   -11.96393     0.00056
   -11.95193     0.00029
   -11.94093     0.00014
   -11.92993     0.00006
   -11.91893     0.00003
   -11.90793     0.00002
   -11.89693     0.00003
   -11.88493     0.00008
   -11.87393     0.00017
   -11.86293     0.00034
   -11.85193     0.00062
   -11.84093     0.00103
   -11.82993     0.00156
   -11.81893     0.00214
   -11.80693     0.00265
   -11.79593     0.00299
   -11.78493     0.00305
   -11.77393     0.00283
   -11.76293     0.00238
   -11.75193     0.00183
   -11.73993     0.00132
   -11.72893     0.00098
   -11.71793     0.00093
   -11.70693     0.00131
   -11.69593     0.00226
   -11.68493     0.00395
   -11.67393     0.00643
   -11.66193     0.00955
   -11.65093     0.01287
   -11.63993     0.01571
   -11.62893     0.01737
   -11.61793     0.01741
   -11.60693     0.01581
   -11.59493     0.01300
   -11.58393     0.00969
   -11.57293     0.00654
   -11.56193     0.00400
   -11.55093     0.00222
   -11.53993     0.00112
   -11.52793     0.00053
   -11.51693     0.00030
   -11.50593     0.00034
   -11.49493     0.00074
   -11.48393     0.00176
   -11.47293     0.00390
   -11.46193     0.00786
   -11.44993     0.01434
   -11.43893     0.02369
   -11.42793     0.03549
   -11.41693     0.04813
   -11.40593     0.05915
   -11.39493     0.06589
   -11.38293     0.06652
   -11.37193     0.06089
   -11.36093     0.05062
   -11.34993     0.03835
   -11.33893     0.02665
   -11.32793     0.01729
   -11.31693     0.01083
   -11.30493     0.00692
   -11.29393     0.00484
   -11.28293     0.00389
   -11.27193     0.00375
   -11.26093     0.00447
   -11.24993     0.00651
   -11.23793     0.01049
   -11.22693     0.01690
   -11.21593     0.02578
   -11.20493     0.03635
   -11.19393     0.04696
   -11.18293     0.05540
   -11.17193     0.05967
   -11.15993     0.05867
   -11.14893     0.05276
   -11.13793     0.04354
   -11.12693     0.03319
   -11.11593     0.02366
   -11.10493     0.01617
   -11.09293     0.01093
   -11.08193     0.00758
   -11.07093     0.00549
   -11.05993     0.00415
   -11.04893     0.00331
   -11.03793     0.00302
   -11.02593     0.00362
   -11.01493     0.00568
   -11.00393     0.00987
   -10.99293     0.01673
   -10.98193     0.02628
   -10.97093     0.03766
   -10.95993     0.04900
   -10.94793     0.05776
   -10.93693     0.06171
   -10.92593     0.05975
   -10.91493     0.05240
   -10.90393     0.04164
   -10.89293     0.02997
   -10.88093     0.01956
   -10.86993     0.01160
   -10.85893     0.00636
   -10.84793     0.00356
   -10.83693     0.00293
   -10.82593     0.00472
   -10.81493     0.01007
   -10.80293     0.02118
   -10.79193     0.04097
   -10.78093     0.07207
   -10.76993     0.11510
   -10.75893     0.16690
   -10.74793     0.21984
   -10.73593     0.26316
   -10.72493     0.28622
   -10.71393     0.28293
   -10.70293     0.25470
   -10.69193     0.20886
   -10.68093     0.15653
   -10.66893     0.10828
   -10.65793     0.07130
   -10.64693     0.04885
   -10.63593     0.04119
   -10.62493     0.04730
   -10.61393     0.06590
   -10.60293     0.09552
   -10.59093     0.13398
   -10.57993     0.17730
   -10.56893     0.21936
   -10.55793     0.25253
   -10.54693     0.26945
   -10.53593     0.26545
   -10.52393     0.24092
   -10.51293     0.20088
   -10.50193     0.15349
   -10.49093     0.10727
   -10.47993     0.06845
   -10.46893     0.03983
   -10.45793     0.02110
   -10.44593     0.01017
   -10.43493     0.00446
   -10.42393     0.00178
   -10.41293     0.00064
   -10.40193     0.00021
   -10.39093     0.00006
   -10.37893     0.00002
   -10.36793     0.00001
   -10.35693     0.00002
   -10.34593     0.00005
   -10.33493     0.00008
   -10.32393     0.00014
   -10.31293     0.00021
   -10.30093     0.00028
   -10.28993     0.00037
   -10.27893     0.00050
   -10.26793     0.00076
   -10.25693     0.00145
   -10.24593     0.00315
   -10.23393     0.00699
   -10.22293     0.01480
   -10.21193     0.02906
   -10.20093     0.05248
   -10.18993     0.08686
   -10.17893     0.13180
   -10.16693     0.18342
   -10.15593     0.23451
   -10.14493     0.27640
   -10.13393     0.30185
   -10.12293     0.30923
   -10.11193     0.30273
   -10.10093     0.29032
   -10.08893     0.27933
   -10.07793     0.27285
   -10.06693     0.26779
   -10.05593     0.25771
   -10.04493     0.23727
   -10.03393     0.20570
   -10.02193     0.16728
   -10.01093     0.12922
    -9.99993     0.09847
    -9.98893     0.07952
    -9.97793     0.07356
    -9.96693     0.07893
    -9.95593     0.09178
    -9.94393     0.10671
    -9.93293     0.11791
    -9.92193     0.12080
    -9.91093     0.11341
    -9.89993     0.09710
    -9.88893     0.07576
    -9.87693     0.05432
    -9.86593     0.03726
    -9.85493     0.02800
    -9.84393     0.02956
    -9.83293     0.04530
    -9.82193     0.07904
    -9.80993     0.13374
    -9.79893     0.20867
    -9.78793     0.29680
    -9.77693     0.38467
    -9.76593     0.45556
    -9.75493     0.49601
    -9.74393     0.50257
    -9.73193     0.48317
    -9.72093     0.45374
    -9.70993     0.43155
    -9.69893     0.42726
    -9.68793     0.44176
    -9.67693     0.46657
    -9.66493     0.48764
    -9.65393     0.49156
    -9.64293     0.46997
    -9.63193     0.42457
    -9.62093     0.36618
    -9.60993     0.31248
    -9.59893     0.28029
    -9.58693     0.27986
    -9.57593     0.31066
    -9.56493     0.36118
    -9.55393     0.41292
    -9.54293     0.44618
    -9.53193     0.44730
    -9.51993     0.41340
    -9.50893     0.35223
    -9.49793     0.27784
    -9.48693     0.20534
    -9.47593     0.14433
    -9.46493     0.09847
    -9.45293     0.06645
    -9.44193     0.04495
    -9.43093     0.03098
    -9.41993     0.02329
    -9.40893     0.02256
    -9.39793     0.03132
    -9.38693     0.05341
    -9.37493     0.09291
    -9.36393     0.15229
    -9.35293     0.23034
    -9.34193     0.32143
    -9.33093     0.41725
    -9.31993     0.51227
    -9.30793     0.60734
    -9.29693     0.71052
    -9.28593     0.83038
    -9.27493     0.96584
    -9.26393     1.09847
    -9.25293     1.19474
    -9.24193     1.21914
    -9.22993     1.15177
    -9.21893     0.99867
    -9.20793     0.79071
    -9.19693     0.57000
    -9.18593     0.37354
    -9.17493     0.22220
    -9.16293     0.11997
    -9.15193     0.05900
    -9.14093     0.02714
    -9.12993     0.01380
    -9.11893     0.01280
    -9.10793     0.02326
    -9.09693     0.04926
    -9.08493     0.09878
    -9.07393     0.18104
    -9.06293     0.30195
    -9.05193     0.45840
    -9.04093     0.63341
    -9.02993     0.79751
    -9.01793     0.91577
    -9.00693     0.95958
    -8.99593     0.91824
    -8.98493     0.80313
    -8.97393     0.64219
    -8.96293     0.46987
    -8.95093     0.31459
    -8.93993     0.19280
    -8.92893     0.10828
    -8.91793     0.05611
    -8.90693     0.02791
    -8.89593     0.01589
    -8.88493     0.01505
    -8.87293     0.02334
    -8.86193     0.04080
    -8.85093     0.06789
    -8.83993     0.10380
    -8.82893     0.14532
    -8.81793     0.18702
    -8.80593     0.22289
    -8.79493     0.24859
    -8.78393     0.26256
    -8.77293     0.26605
    -8.76193     0.26100
    -8.75093     0.24998
    -8.73993     0.23590
    -8.72793     0.22478
    -8.71693     0.22636
    -8.70593     0.25221
    -8.69493     0.31075
    -8.68393     0.40086
    -8.67293     0.50835
    -8.66093     0.60744
    -8.64993     0.66913
    -8.63893     0.67285
    -8.62793     0.61470
    -8.61693     0.50959
    -8.60593     0.38290
    -8.59393     0.26082
    -8.58293     0.16104
    -8.57193     0.09050
    -8.56093     0.04731
    -8.54993     0.02581
    -8.53893     0.02108
    -8.52793     0.03165
    -8.51593     0.05997
    -8.50493     0.11095
    -8.49393     0.18840
    -8.48293     0.29053
    -8.47193     0.40597
    -8.46093     0.51396
    -8.44893     0.58971
    -8.43793     0.61339
    -8.42693     0.57897
    -8.41593     0.49798
    -8.40493     0.39418
    -8.39393     0.29590
    -8.38293     0.22606
    -8.37093     0.19672
    -8.35993     0.20791
    -8.34893     0.24897
    -8.33793     0.30201
    -8.32693     0.34723
    -8.31593     0.36822
    -8.30393     0.35875
    -8.29293     0.32433
    -8.28193     0.28103
    -8.27093     0.24916
    -8.25993     0.24567
    -8.24893     0.27828
    -8.23793     0.34153
    -8.22593     0.41768
    -8.21493     0.48222
    -8.20393     0.51280
    -8.19293     0.49701
    -8.18193     0.43736
    -8.17093     0.34919
    -8.15893     0.25259
    -8.14793     0.16554
    -8.13693     0.09832
    -8.12593     0.05293
    -8.11493     0.02582
    -8.10393     0.01142
    -8.09193     0.00458
    -8.08093     0.00166
    -8.06993     0.00055
    -8.05893     0.00016
    -8.04793     0.00004
    -8.03693     0.00001
    -8.02593     0.00000
    -8.01393     0.00001
    -8.00293     0.00003
    -7.99193     0.00010
    -7.98093     0.00031
    -7.96993     0.00085
    -7.95893     0.00216
    -7.94693     0.00504
    -7.93593     0.01089
    -7.92493     0.02196
    -7.91393     0.04148
    -7.90293     0.07357
    -7.89193     0.12259
    -7.88093     0.19159
    -7.86893     0.27975
    -7.85793     0.37965
    -7.84693     0.47703
    -7.83593     0.55408
    -7.82493     0.59685
    -7.81393     0.60560
    -7.80193     0.60064
    -7.79093     0.62191
    -7.77993     0.71799
    -7.76893     0.92664
    -7.75793     1.25504
    -7.74693     1.66520
    -7.73493     2.07902
    -7.72393     2.39883
    -7.71293     2.55130
    -7.70193     2.51171
    -7.69093     2.31062
    -7.67993     2.01270
    -7.66893     1.68753
    -7.65693     1.37859
    -7.64593     1.10151
    -7.63493     0.85627
    -7.62393     0.64273
    -7.61293     0.46720
    -7.60193     0.34232
    -7.58993     0.27892
    -7.57893     0.28302
    -7.56793     0.35157
    -7.55693     0.47386
    -7.54593     0.63112
    -7.53493     0.80038
    -7.52393     0.95872
    -7.51193     1.08999
    -7.50093     1.18953
    -7.48993     1.26219
    -7.47893     1.31531
    -7.46793     1.34887
    -7.45693     1.35232
    -7.44493     1.31219
    -7.43393     1.22537
    -7.42293     1.11101
    -7.41193     1.00894
    -7.40093     0.96417
    -7.38993     1.00734
    -7.37893     1.13783
    -7.36693     1.32300
    -7.35593     1.50901
    -7.34493     1.64075
    -7.33393     1.67944
    -7.32293     1.61240
    -7.31193     1.45244
    -7.29993     1.23133
    -7.28893     0.98878
    -7.27793     0.76301
    -7.26693     0.58138
    -7.25593     0.45590
    -7.24493     0.38324
    -7.23293     0.35039
    -7.22193     0.34366
    -7.21093     0.35638
    -7.19993     0.39158
    -7.18893     0.45772
    -7.17793     0.55939
    -7.16693     0.68848
    -7.15493     0.82042
    -7.14393     0.92023
    -7.13293     0.95597
    -7.12193     0.91297
    -7.11093     0.80078
    -7.09993     0.64927
    -7.08793     0.49598
    -7.07693     0.37096
    -7.06593     0.28774
    -7.05493     0.24322
    -7.04393     0.22302
    -7.03293     0.21028
    -7.02193     0.19277
    -7.00993     0.16595
    -6.99893     0.13202
    -6.98793     0.09688
    -6.97693     0.06662
    -6.96593     0.04553
    -6.95493     0.03562
    -6.94293     0.03744
    -6.93193     0.05090
    -6.92093     0.07579
    -6.90993     0.11219
    -6.89893     0.16045
    -6.88793     0.22120
    -6.87593     0.29378
    -6.86493     0.37460
    -6.85393     0.45481
    -6.84293     0.52003
    -6.83193     0.55403
    -6.82093     0.54600
    -6.80993     0.49554
    -6.79793     0.41443
    -6.78693     0.32304
    -6.77593     0.24266
    -6.76493     0.18950
    -6.75393     0.17055
    -6.74293     0.18335
    -6.73093     0.21734
    -6.71993     0.25705
    -6.70893     0.28613
    -6.69793     0.29274
    -6.68693     0.27309
    -6.67593     0.23210
    -6.66493     0.18122
    -6.65293     0.13453
    -6.64193     0.10470
    -6.63093     0.10167
    -6.61993     0.13233
    -6.60893     0.19977
    -6.59793     0.30114
    -6.58593     0.42488
    -6.57493     0.55013
    -6.56393     0.65083
    -6.55293     0.70311
    -6.54193     0.69452
    -6.53093     0.62883
    -6.51893     0.52420
    -6.50793     0.40618
    -6.49693     0.29953
    -6.48593     0.22133
    -6.47493     0.17913
    -6.46393     0.17056
    -6.45293     0.18606
    -6.44093     0.21222
    -6.42993     0.23616
    -6.41893     0.24967
    -6.40793     0.25215
    -6.39693     0.25013
    -6.38593     0.25369
    -6.37393     0.27215
    -6.36293     0.31092
    -6.35193     0.37330
    -6.34093     0.46342
    -6.32993     0.58822
    -6.31893     0.75256
    -6.30793     0.95092
    -6.29593     1.15859
    -6.28493     1.33221
    -6.27393     1.42407
    -6.26293     1.40342
    -6.25193     1.27248
    -6.24093     1.06682
    -6.22893     0.84004
    -6.21793     0.64004
    -6.20693     0.49320
    -6.19593     0.39947
    -6.18493     0.34165
    -6.17393     0.29779
    -6.16293     0.25311
    -6.15093     0.20235
    -6.13993     0.14942
    -6.12893     0.10079
    -6.11793     0.06186
    -6.10693     0.03448
    -6.09593     0.01749
    -6.08393     0.00832
    -6.07293     0.00449
    -6.06193     0.00483
    -6.05093     0.01031
    -6.03993     0.02489
    -6.02893     0.05641
    -6.01693     0.11673
    -6.00593     0.21994
    -5.99493     0.37782
    -5.98393     0.59288
    -5.97293     0.85297
    -5.96193     1.12986
    -5.95093     1.38695
    -5.93893     1.58925
    -5.92793     1.71307
    -5.91693     1.74851
    -5.90593     1.69584
    -5.89493     1.56169
    -5.88393     1.35943
    -5.87193     1.11054
    -5.86093     0.84474
    -5.84993     0.59408
    -5.83893     0.38397
    -5.82793     0.22746
    -5.81693     0.12390
    -5.80593     0.06389
    -5.79393     0.03533
    -5.78293     0.02801
    -5.77193     0.03515
    -5.76093     0.05258
    -5.74993     0.07675
    -5.73893     0.10314
    -5.72693     0.12603
    -5.71593     0.13972
    -5.70493     0.14072
    -5.69393     0.12959
    -5.68293     0.11146
    -5.67193     0.09545
    -5.65993     0.09342
    -5.64893     0.11912
    -5.63793     0.18671
    -5.62693     0.30753
    -5.61593     0.48451
    -5.60493     0.70503
    -5.59393     0.93748
    -5.58193     1.13555
    -5.57093     1.25169
    -5.55993     1.25535
    -5.54893     1.14545
    -5.53793     0.95080
    -5.52693     0.71785
    -5.51493     0.49296
    -5.50393     0.30779
    -5.49293     0.17471
    -5.48193     0.09016
    -5.47093     0.04234
    -5.45993     0.01820
    -5.44893     0.00754
    -5.43693     0.00401
    -5.42593     0.00469
    -5.41493     0.00909
    -5.40393     0.01828
    -5.39293     0.03393
    -5.38193     0.05723
    -5.36993     0.08747
    -5.35893     0.12112
    -5.34793     0.15195
    -5.33693     0.17281
    -5.32593     0.17834
    -5.31493     0.16766
    -5.30393     0.14544
    -5.29193     0.12106
    -5.28093     0.10676
    -5.26993     0.11554
    -5.25893     0.15913
    -5.24793     0.24508
    -5.23693     0.37240
    -5.22493     0.52730
    -5.21393     0.68309
    -5.20293     0.80555
    -5.19193     0.86514
    -5.18093     0.85095
    -5.16993     0.77550
    -5.15793     0.67055
    -5.14693     0.57196
    -5.13593     0.50498
    -5.12493     0.47514
    -5.11393     0.46845
    -5.10293     0.46268
    -5.09193     0.43835
    -5.07993     0.38751
    -5.06893     0.31495
    -5.05793     0.23385
    -5.04693     0.15804
    -5.03593     0.09710
    -5.02493     0.05420
    -5.01293     0.02748
    -5.00193     0.01265
    -4.99093     0.00528
    -4.97993     0.00201
    -4.96893     0.00069
    -4.95793     0.00022
    -4.94693     0.00006
    -4.93493     0.00002
    -4.92393     0.00000
    -4.91293     0.00000
    -4.90193     0.00000
    -4.89093     0.00000
    -4.87993     0.00000
    -4.86793     0.00000
    -4.85693     0.00002
    -4.84593     0.00007
    -4.83493     0.00025
    -4.82393     0.00079
    -4.81293     0.00231
    -4.80093     0.00611
    -4.78993     0.01464
    -4.77893     0.03178
    -4.76793     0.06251
    -4.75693     0.11140
    -4.74593     0.17985
    -4.73493     0.26299
    -4.72293     0.34855
    -4.71193     0.41843
    -4.70093     0.45511
    -4.68993     0.44860
    -4.67893     0.40044
    -4.66793     0.32385
    -4.65593     0.23732
    -4.64493     0.15758
    -4.63393     0.09487
    -4.62293     0.05204
    -4.61193     0.02677
    -4.60093     0.01497
    -4.58993     0.01361
    -4.57793     0.02223
    -4.56693     0.04304
    -4.55593     0.07973
    -4.54493     0.13513
    -4.53393     0.20776
    -4.52293     0.28940
    -4.51093     0.36543
    -4.49993     0.41802
    -4.48893     0.43308
    -4.47793     0.40667
    -4.46693     0.34617
    -4.45593     0.26773
    -4.44393     0.18934
    -4.43293     0.12538
    -4.42193     0.08357
    -4.41093     0.06557
    -4.39993     0.06893
    -4.38893     0.08892
    -4.37793     0.11921
    -4.36593     0.15233
    -4.35493     0.18066
    -4.34393     0.19800
    -4.33293     0.20124
    -4.32193     0.19077
    -4.31093     0.16976
    -4.29893     0.14255
    -4.28793     0.11334
    -4.27693     0.08540
    -4.26593     0.06102
    -4.25493     0.04168
    -4.24393     0.02815
    -4.23293     0.02064
    -4.22093     0.01901
    -4.20993     0.02297
    -4.19893     0.03223
    -4.18793     0.04645
    -4.17693     0.06497
    -4.16593     0.08626
    -4.15393     0.10756
    -4.14293     0.12496
    -4.13193     0.13435
    -4.12093     0.13295
    -4.10993     0.12054
    -4.09893     0.09980
    -4.08793     0.07526
    -4.07593     0.05160
    -4.06493     0.03215
    -4.05393     0.01817
    -4.04293     0.00934
    -4.03193     0.00442
    -4.02093     0.00210
    -4.00893     0.00149
    -3.99793     0.00227
    -3.98693     0.00481
    -3.97593     0.01000
    -3.96493     0.01908
    -3.95393     0.03306
    -3.94193     0.05185
    -3.93093     0.07377
    -3.91993     0.09511
    -3.90893     0.11125
    -3.89793     0.11815
    -3.88693     0.11421
    -3.87593     0.10091
    -3.86393     0.08222
    -3.85293     0.06280
    -3.84193     0.04642
    -3.83093     0.03526
    -3.81993     0.03008
    -3.80893     0.03102
    -3.79693     0.03812
    -3.78593     0.05115
    -3.77493     0.06887
    -3.76393     0.08854
    -3.75293     0.10612
    -3.74193     0.11741
    -3.73093     0.11952
    -3.71893     0.11204
    -3.70793     0.09702
    -3.69693     0.07794
    -3.68593     0.05841
    -3.67493     0.04113
    -3.66393     0.02756
    -3.65193     0.01814
    -3.64093     0.01296
    -3.62993     0.01221
    -3.61893     0.01647
    -3.60793     0.02663
    -3.59693     0.04333
    -3.58493     0.06624
    -3.57393     0.09337
    -3.56293     0.12109
    -3.55193     0.14485
    -3.54093     0.16078
    -3.52993     0.16678
    -3.51893     0.16339
    -3.50693     0.15299
    -3.49593     0.13900
    -3.48493     0.12475
    -3.47393     0.11300
    -3.46293     0.10579
    -3.45193     0.10480
    -3.43993     0.11109
    -3.42893     0.12469
    -3.41793     0.14418
    -3.40693     0.16629
    -3.39593     0.18635
    -3.38493     0.19916
    -3.37393     0.20047
    -3.36193     0.18853
    -3.35093     0.16476
    -3.33993     0.13358
    -3.32893     0.10089
    -3.31793     0.07203
    -3.30693     0.05023
    -3.29493     0.03611
    -3.28393     0.02822
    -3.27293     0.02414
    -3.26193     0.02157
    -3.25093     0.01906
    -3.23993     0.01621
    -3.22893     0.01352
    -3.21693     0.01223
    -3.20593     0.01422
    -3.19493     0.02202
    -3.18393     0.03874
    -3.17293     0.06748
    -3.16193     0.11000
    -3.14993     0.16505
    -3.13893     0.22698
    -3.12793     0.28621
    -3.11693     0.33160
    -3.10593     0.35434
    -3.09493     0.35112
    -3.08293     0.32484
    -3.07193     0.28277
    -3.06093     0.23329
    -3.04993     0.18351
    -3.03893     0.13830
    -3.02793     0.10096
    -3.01693     0.07391
    -3.00493     0.05922
    -2.99393     0.05836
    -2.98293     0.07178
    -2.97193     0.09811
    -2.96093     0.13364
    -2.94993     0.17220
    -2.93793     0.20629
    -2.92693     0.22932
    -2.91593     0.23804
    -2.90493     0.23405
    -2.89393     0.22318
    -2.88293     0.21279
    -2.87193     0.20888
    -2.85993     0.21445
    -2.84893     0.22972
    -2.83793     0.25374
    -2.82693     0.28572
    -2.81593     0.32465
    -2.80493     0.36767
    -2.79293     0.40861
    -2.78193     0.43817
    -2.77093     0.44657
    -2.75993     0.42789
    -2.74893     0.38329
    -2.73793     0.32173
    -2.72593     0.25697
    -2.71493     0.20283
    -2.70393     0.16870
    -2.69293     0.15728
    -2.68193     0.16524
    -2.67093     0.18525
    -2.65993     0.20933
    -2.64793     0.23162
    -2.63693     0.25061
    -2.62593     0.26946
    -2.61493     0.29357
    -2.60393     0.32670
    -2.59293     0.36689
    -2.58093     0.40533
    -2.56993     0.42930
    -2.55893     0.42777
    -2.54793     0.39656
    -2.53693     0.34046
    -2.52593     0.27082
    -2.51493     0.20072
    -2.50293     0.14046
    -2.49193     0.09515
    -2.48093     0.06519
    -2.46993     0.04819
    -2.45893     0.04097
    -2.44793     0.04084
    -2.43593     0.04600
    -2.42493     0.05562
    -2.41393     0.07003
    -2.40293     0.09074
    -2.39193     0.11995
    -2.38093     0.15909
    -2.36993     0.20676
    -2.35793     0.25738
    -2.34693     0.30180
    -2.33593     0.33042
    -2.32493     0.33767
    -2.31393     0.32500
    -2.30293     0.30081
    -2.29093     0.27726
    -2.27993     0.26581
    -2.26893     0.27421
    -2.25793     0.30559
    -2.24693     0.35909
    -2.23593     0.43076
    -2.22393     0.51364
    -2.21293     0.59750
    -2.20193     0.66920
    -2.19093     0.71565
    -2.17993     0.72749
    -2.16893     0.70412
    -2.15793     0.65454
    -2.14593     0.59565
    -2.13493     0.54619
    -2.12393     0.51972
    -2.11293     0.52009
    -2.10193     0.54111
    -2.09093     0.57014
    -2.07893     0.59343
    -2.06793     0.60072
    -2.05693     0.58747
    -2.04593     0.55508
    -2.03493     0.51058
    -2.02393     0.46577
    -2.01293     0.43548
    -2.00093     0.43370
    -1.98993     0.46761
    -1.97893     0.53283
    -1.96793     0.61226
    -1.95693     0.68141
    -1.94593     0.71729
    -1.93393     0.70806
    -1.92293     0.65725
    -1.91193     0.58299
    -1.90093     0.50762
    -1.88993     0.45046
    -1.87893     0.41972
    -1.86693     0.41097
    -1.85593     0.41106
    -1.84493     0.40522
    -1.83393     0.38412
    -1.82293     0.34689
    -1.81193     0.29978
    -1.80093     0.25199
    -1.78893     0.21152
    -1.77793     0.18301
    -1.76693     0.16736
    -1.75593     0.16260
    -1.74493     0.16493
    -1.73393     0.16969
    -1.72193     0.17278
    -1.71093     0.17208
    -1.69993     0.16876
    -1.68893     0.16773
    -1.67793     0.17651
    -1.66693     0.20276
    -1.65593     0.25099
    -1.64393     0.31940
    -1.63293     0.39880
    -1.62193     0.47399
    -1.61093     0.52782
    -1.59993     0.54655
    -1.58893     0.52433
    -1.57693     0.46553
    -1.56593     0.38332
    -1.55493     0.29547
    -1.54393     0.21906
    -1.53293     0.16629
    -1.52193     0.14212
    -1.50993     0.14441
    -1.49893     0.16532
    -1.48793     0.19401
    -1.47693     0.21954
    -1.46593     0.23365
    -1.45493     0.23290
    -1.44393     0.21930
    -1.43193     0.19948
    -1.42093     0.18262
    -1.40993     0.17816
    -1.39893     0.19327
    -1.38793     0.23135
    -1.37693     0.29129
    -1.36493     0.36804
    -1.35393     0.45430
    -1.34293     0.54207
    -1.33193     0.62379
    -1.32093     0.69189
    -1.30993     0.73924
    -1.29893     0.75961
    -1.28693     0.74869
    -1.27593     0.70546
    -1.26493     0.63387
    -1.25393     0.54278
    -1.24293     0.44498
    -1.23193     0.35246
    -1.21993     0.27383
    -1.20893     0.21219
    -1.19793     0.16547
    -1.18693     0.12916
    -1.17593     0.09900
    -1.16493     0.07285
    -1.15393     0.05040
    -1.14193     0.03233
    -1.13093     0.01911
    -1.11993     0.01047
    -1.10893     0.00561
    -1.09793     0.00363
    -1.08693     0.00396
    -1.07493     0.00662
    -1.06393     0.01251
    -1.05293     0.02382
    -1.04193     0.04471
    -1.03093     0.08212
    -1.01993     0.14565
    -1.00793     0.24542
    -0.99693     0.38708
    -0.98593     0.56481
    -0.97493     0.75739
    -0.96393     0.92824
    -0.95293     1.03729
    -0.94193     1.05558
    -0.92993     0.97813
    -0.91893     0.82599
    -0.90793     0.63809
    -0.89693     0.45638
    -0.88593     0.31344
    -0.87493     0.22663
    -0.86293     0.19986
    -0.85193     0.22845
    -0.84093     0.30424
    -0.82993     0.41874
    -0.81893     0.56457
    -0.80793     0.73495
    -0.79693     0.92071
    -0.78493     1.10635
    -0.77393     1.26781
    -0.76293     1.37468
    -0.75193     1.40011
    -0.74093     1.33117
    -0.72993     1.17899
    -0.71793     0.97751
    -0.70693     0.77603
    -0.69593     0.62767
    -0.68493     0.57742
    -0.67393     0.65431
    -0.66293     0.86468
    -0.65093     1.18824
    -0.63993     1.57811
    -0.62893     1.96910
    -0.61793     2.29159
    -0.60693     2.48861
    -0.59593     2.52814
    -0.58493     2.40722
    -0.57293     2.14906
    -0.56193     1.79734
    -0.55093     1.40668
    -0.53993     1.03231
    -0.52893     0.71956
    -0.51793     0.49397
    -0.50593     0.35919
    -0.49493     0.30087
    -0.48393     0.29615
    -0.47293     0.32218
    -0.46193     0.36376
    -0.45093     0.41621
    -0.43993     0.48490
    -0.42793     0.58125
    -0.41693     0.71741
    -0.40593     0.89942
    -0.39493     1.12333
    -0.38393     1.37269
    -0.37293     1.62379
    -0.36093     1.85868
    -0.34993     2.07698
    -0.33893     2.30351
    -0.32793     2.57499
    -0.31693     2.91475
    -0.30593     3.30447
    -0.29493     3.67532
    -0.28293     3.92386
    -0.27193     3.95463
    -0.26093     3.72173
    -0.24993     3.25226
    -0.23893     2.63412
    -0.22793     1.98171
    -0.21593     1.39498
    -0.20493     0.93350
    -0.19393     0.61154
    -0.18293     0.41261
    -0.17193     0.30810
    -0.16093     0.27190
    -0.14893     0.28442
    -0.13793     0.32984
    -0.12693     0.39264
    -0.11593     0.45847
    -0.10493     0.51982
    -0.09393     0.58299
    -0.08293     0.66748
    -0.07093     0.79929
    -0.05993     0.99174
    -0.04893     1.23061
    -0.03793     1.46980
    -0.02693     1.64539
    -0.01593     1.70368
    -0.00393     1.62828
     0.00707     1.45120
     0.01807     1.24079
     0.02907     1.07342
     0.04007     1.00585
     0.05107     1.05918
     0.06207     1.22062
     0.07407     1.45556
     0.08507     1.72045
     0.09607     1.96803
     0.10707     2.15041
     0.11807     2.22229
     0.12907     2.15256
     0.14107     1.93921
     0.15207     1.61532
     0.16307     1.24144
     0.17407     0.88470
     0.18507     0.59644
     0.19607     0.39975
     0.20807     0.28954
     0.21907     0.24215
     0.23007     0.22809
     0.24107     0.22182
     0.25207     0.20752
     0.26307     0.18020
     0.27407     0.14307
     0.28607     0.10324
     0.29707     0.06760
     0.30807     0.04010
     0.31907     0.02156
     0.33007     0.01052
     0.34107     0.00470
     0.35307     0.00210
     0.36407     0.00148
     0.37507     0.00263
     0.38607     0.00654
     0.39707     0.01579
     0.40807     0.03482
     0.41907     0.06961
     0.43107     0.12610
     0.44207     0.20696
     0.45307     0.30768
     0.46407     0.41446
     0.47507     0.50587
     0.48607     0.55915
     0.49807     0.56003
     0.50907     0.50836
     0.52007     0.41793
     0.53107     0.31133
     0.54207     0.21025
     0.55307     0.12916
     0.56507     0.07351
     0.57607     0.04275
     0.58707     0.03514
     0.59807     0.05262
     0.60907     0.10355
     0.62007     0.20227
     0.63107     0.36396
     0.64307     0.59514
     0.65407     0.88190
     0.66507     1.18381
     0.67607     1.44013
     0.68707     1.58719
     0.69807     1.58471
     0.71007     1.43365
     0.72107     1.17516
     0.73207     0.87367
     0.74307     0.59083
     0.75407     0.36880
     0.76507     0.22482
     0.77607     0.15927
     0.78807     0.16578
     0.79907     0.23764
     0.81007     0.36671
     0.82107     0.53730
     0.83207     0.72156
     0.84307     0.87996
     0.85507     0.97274
     0.86607     0.97442
     0.87707     0.88427
     0.88807     0.72715
     0.89907     0.54177
     0.91007     0.36638
     0.92107     0.22549
     0.93307     0.12800
     0.94407     0.07004
     0.95507     0.04174
     0.96607     0.03244
     0.97707     0.03341
     0.98807     0.03825
     1.00007     0.04263
     1.01107     0.04393
     1.02207     0.04125
     1.03307     0.03514
     1.04407     0.02714
     1.05507     0.01901
     1.06707     0.01210
     1.07807     0.00707
     1.08907     0.00399
     1.10007     0.00258
     1.11107     0.00253
     1.12207     0.00364
     1.13307     0.00574
     1.14507     0.00864
     1.15607     0.01191
     1.16707     0.01496
     1.17807     0.01714
     1.18907     0.01801
     1.20007     0.01759
     1.21207     0.01634
     1.22307     0.01499
     1.23407     0.01426
     1.24507     0.01464
     1.25607     0.01633
     1.26707     0.01939
     1.27807     0.02377
     1.29007     0.02919
     1.30107     0.03502
     1.31207     0.04014
     1.32307     0.04324
     1.33407     0.04339
     1.34507     0.04068
     1.35707     0.03651
     1.36807     0.03349
     1.37907     0.03485
     1.39007     0.04368
     1.40107     0.06213
     1.41207     0.09063
     1.42407     0.12743
     1.43507     0.16876
     1.44607     0.20992
     1.45707     0.24696
     1.46807     0.27906
     1.47907     0.31051
     1.49007     0.35213
     1.50207     0.42094
     1.51307     0.53633
     1.52407     0.71226
     1.53507     0.94613
     1.54607     1.21076
     1.55707     1.45583
     1.56907     1.62181
     1.58007     1.66430
     1.59107     1.57241
     1.60207     1.37417
     1.61307     1.12294
     1.62407     0.87338
     1.63507     0.66226
     1.64707     0.50190
     1.65807     0.38541
     1.66907     0.29884
     1.68007     0.23171
     1.69107     0.18162
     1.70207     0.15403
     1.71407     0.15994
     1.72507     0.21347
     1.73607     0.32932
     1.74707     0.51781
     1.75807     0.77634
     1.76907     1.08134
     1.78007     1.38438
     1.79207     1.61980
     1.80307     1.72825
     1.81407     1.67819
     1.82507     1.48123
     1.83607     1.18818
     1.84707     0.86687
     1.85907     0.57641
     1.87007     0.35135
     1.88107     0.19976
     1.89207     0.11017
     1.90307     0.06444
     1.91407     0.04636
     1.92607     0.04575
     1.93707     0.05842
     1.94807     0.08396
     1.95907     0.12298
     1.97007     0.17475
     1.98107     0.23588
     1.99207     0.30008
     2.00407     0.35910
     2.01507     0.40476
     2.02607     0.43144
     2.03707     0.43880
     2.04807     0.43274
     2.05907     0.42489
     2.07107     0.42894
     2.08207     0.45593
     2.09307     0.50996
     2.10407     0.58702
     2.11507     0.67808
     2.12607     0.77407
     2.13707     0.87265
     2.14907     0.97586
     2.16007     1.08667
     2.17107     1.20423
     2.18207     1.31437
     2.19307     1.39744
     2.20407     1.43085
     2.21607     1.40108
     2.22707     1.30797
     2.23807     1.16375
     2.24907     0.98792
     2.26007     0.80063
     2.27107     0.62026
     2.28307     0.45962
     2.29407     0.32681
     2.30507     0.22575
     2.31607     0.15578
     2.32707     0.11381
     2.33807     0.09638
     2.34907     0.10137
     2.36107     0.12966
     2.37207     0.18534
     2.38307     0.27475
     2.39407     0.40397
     2.40507     0.57571
     2.41607     0.78543
     2.42807     1.02012
     2.43907     1.25486
     2.45007     1.45587
     2.46107     1.58683
     2.47207     1.61898
     2.48307     1.54417
     2.49407     1.38011
     2.50607     1.16474
     2.51707     0.94118
     2.52807     0.74259
     2.53907     0.58267
     2.55007     0.46218
     2.56107     0.37571
     2.57307     0.32198
     2.58407     0.30566
     2.59507     0.33352
     2.60607     0.40838
     2.61707     0.52428
     2.62807     0.66644
     2.63907     0.81315
     2.65107     0.94257
     2.66207     1.03450
     2.67307     1.07526
     2.68407     1.05881
     2.69507     0.98954
     2.70607     0.88221
     2.71807     0.75976
     2.72907     0.64766
     2.74007     0.56942
     2.75107     0.54470
     2.76207     0.58718
     2.77307     0.70155
     2.78507     0.87719
     2.79607     1.08399
     2.80707     1.27318
     2.81807     1.39128
     2.82907     1.39964
     2.84007     1.29009
     2.85107     1.08942
     2.86307     0.84750
     2.87407     0.61813
     2.88507     0.44150
     2.89607     0.33603
     2.90707     0.29894
     2.91807     0.31276
     2.93007     0.35304
     2.94107     0.39512
     2.95207     0.41977
     2.96307     0.41622
     2.97407     0.38371
     2.98507     0.33042
     2.99607     0.27036
     3.00807     0.21966
     3.01907     0.19312
     3.03007     0.20232
     3.04107     0.25484
     3.05207     0.35426
     3.06307     0.49918
     3.07507     0.68088
     3.08607     0.88013
     3.09707     1.06712
     3.10807     1.20517
     3.11907     1.26113
     3.13007     1.21766
     3.14207     1.08210
     3.15307     0.88335
     3.16407     0.66135
     3.17507     0.45406
     3.18607     0.28589
     3.19707     0.16528
     3.20807     0.08805
     3.22007     0.04375
     3.23107     0.02110
     3.24207     0.01131
     3.25307     0.00898
     3.26407     0.01162
     3.27507     0.01863
     3.28707     0.03011
     3.29807     0.04584
     3.30907     0.06459
     3.32007     0.08429
     3.33107     0.10309
     3.34207     0.12118
     3.35307     0.14220
     3.36507     0.17324
     3.37607     0.22244
     3.38707     0.29508
     3.39807     0.39008
     3.40907     0.49893
     3.42007     0.60812
     3.43207     0.70391
     3.44307     0.77752
     3.45407     0.82658
     3.46507     0.85498
     3.47607     0.86914
     3.48707     0.87310
     3.49907     0.86776
     3.51007     0.85067
     3.52107     0.81783
     3.53207     0.77009
     3.54307     0.71348
     3.55407     0.65856
     3.56507     0.61554
     3.57707     0.58836
     3.58807     0.57183
     3.59907     0.55530
     3.61007     0.52767
     3.62107     0.48447
     3.63207     0.42787
     3.64407     0.36519
     3.65507     0.30337
     3.66607     0.24724
     3.67707     0.19911
     3.68807     0.16021
     3.69907     0.13172
     3.71007     0.11477
     3.72207     0.10996
     3.73307     0.11743
     3.74407     0.13785
     3.75507     0.17405
     3.76607     0.23186
     3.77707     0.31949
     3.78907     0.44449
     3.80007     0.60903
     3.81107     0.80508
     3.82207     1.01275
     3.83307     1.20350
     3.84407     1.34796
     3.85507     1.42494
     3.86707     1.43002
     3.87807     1.37592
     3.88907     1.28437
     3.90007     1.17692
     3.91107     1.06543
     3.92207     0.95139
     3.93407     0.82957
     3.94507     0.69698
     3.95607     0.55687
     3.96707     0.42048
     3.97807     0.30190
     3.98907     0.21303
     4.00107     0.15994
     4.01207     0.14213
     4.02307     0.15426
     4.03407     0.18840
     4.04507     0.23604
     4.05607     0.28922
     4.06707     0.34077
     4.07907     0.38470
     4.09007     0.41612
     4.10107     0.43139
     4.11207     0.42832
     4.12307     0.40666
     4.13407     0.36875
     4.14607     0.32029
     4.15707     0.26997
     4.16807     0.22828
     4.17907     0.20552
     4.19007     0.20952
     4.20107     0.24489
     4.21207     0.31260
     4.22407     0.40972
     4.23507     0.52821
     4.24607     0.65374
     4.25707     0.76579
     4.26807     0.84228
     4.27907     0.86737
     4.29107     0.83895
     4.30207     0.77427
     4.31307     0.70532
     4.32407     0.66870
     4.33507     0.69039
     4.34607     0.77333
     4.35807     0.89372
     4.36907     1.00941
     4.38007     1.07493
     4.39107     1.06162
     4.40207     0.96981
     4.41307     0.82766
     4.42407     0.67927
     4.43607     0.56654
     4.44707     0.51369
     4.45807     0.52177
     4.46907     0.57037
     4.48007     0.62735
     4.49107     0.66083
     4.50307     0.65025
     4.51407     0.59176
     4.52507     0.49704
     4.53607     0.38686
     4.54707     0.28312
     4.55807     0.20319
     4.56907     0.15804
     4.58107     0.15329
     4.59207     0.19018
     4.60307     0.26508
     4.61407     0.36758
     4.62507     0.47942
     4.63607     0.57674
     4.64807     0.63612
     4.65907     0.64263
     4.67007     0.59506
     4.68107     0.50602
     4.69207     0.39689
     4.70307     0.28970
     4.71407     0.20069
     4.72607     0.13802
     4.73707     0.10310
     4.74807     0.09424
     4.75907     0.11039
     4.77007     0.15290
     4.78107     0.22525
     4.79307     0.32982
     4.80407     0.46353
     4.81507     0.61391
     4.82607     0.75900
     4.83707     0.87174
     4.84807     0.92996
     4.86007     0.92415
     4.87107     0.86117
     4.88207     0.76266
     4.89307     0.65327
     4.90407     0.55275
     4.91507     0.47036
     4.92607     0.40665
     4.93807     0.35892
     4.94907     0.32530
     4.96007     0.30572
     4.97107     0.29923
     4.98207     0.30254
     4.99307     0.31116
     5.00507     0.32345
     5.01607     0.34441
     5.02707     0.38508
     5.03807     0.45636
     5.04907     0.56001
     5.06007     0.68211
     5.07107     0.79396
     5.08307     0.86214
     5.09407     0.86271
     5.10507     0.79176
     5.11607     0.66674
     5.12707     0.51909
     5.13807     0.38015
     5.15007     0.27133
     5.16107     0.20052
     5.17207     0.16496
     5.18307     0.15732
     5.19407     0.17101
     5.20507     0.20281
     5.21707     0.25211
     5.22807     0.31817
     5.23907     0.39745
     5.25007     0.48221
     5.26107     0.56206
     5.27207     0.62728
     5.28307     0.67228
     5.29507     0.69662
     5.30607     0.70390
     5.31707     0.69900
     5.32807     0.68575
     5.33907     0.66679
     5.35007     0.64481
     5.36207     0.62367
     5.37307     0.60819
     5.38407     0.60207
     5.39507     0.60567
     5.40607     0.61540
     5.41707     0.62491
     5.42807     0.62793
     5.44007     0.61996
     5.45107     0.59873
     5.46207     0.56351
     5.47307     0.51578
     5.48407     0.45961
     5.49507     0.40122
     5.50707     0.34758
     5.51807     0.30413
     5.52907     0.27342
     5.54007     0.25545
     5.55107     0.24837
     5.56207     0.24880
     5.57407     0.25183
     5.58507     0.25148
     5.59607     0.24257
     5.60707     0.22347
     5.61807     0.19780
     5.62907     0.17389
     5.64007     0.16200
     5.65207     0.17041
     5.66307     0.20214
     5.67407     0.25281
     5.68507     0.31092
     5.69607     0.36062
     5.70707     0.38665
     5.71907     0.37985
     5.73007     0.34066
     5.74107     0.27855
     5.75207     0.20804
     5.76307     0.14319
     5.77407     0.09362
     5.78507     0.06321
     5.79707     0.05121
     5.80807     0.05387
     5.81907     0.06586
     5.83007     0.08119
     5.84107     0.09395
     5.85207     0.09960
     5.86407     0.09595
     5.87507     0.08383
     5.88607     0.06637
     5.89707     0.04762
     5.90807     0.03094
     5.91907     0.01822
     5.93007     0.00972
     5.94207     0.00470
     5.95307     0.00206
     5.96407     0.00082
     5.97507     0.00029
     5.98607     0.00010
     5.99707     0.00003
     6.00907     0.00001
     6.02007     0.00000
     6.03107     0.00000
     6.04207     0.00000
     6.05307     0.00000
     6.06407     0.00000
     6.07607     0.00000
     6.08707     0.00000
     6.09807     0.00000
     6.10907     0.00000
     6.12007     0.00000
     6.13107     0.00000
     6.14207     0.00000
     6.15407     0.00000
     6.16507     0.00000
     6.17607     0.00000
     6.18707     0.00000
     6.19807     0.00000
     6.20907     0.00000
     6.22107     0.00000
     6.23207     0.00000
     6.24307     0.00000
     6.25407     0.00000
     6.26507     0.00000
     6.27607     0.00000
     6.28707     0.00000
     6.29907     0.00000
     6.31007     0.00000
     6.32107     0.00000
     6.33207     0.00000
     6.34307     0.00000
     6.35407     0.00000
     6.36607     0.00000
     6.37707     0.00000
     6.38807     0.00000
     6.39907     0.00000
     6.41007     0.00000
     6.42107     0.00000
     6.43307     0.00000
     6.44407     0.00000
     6.45507     0.00000
     6.46607     0.00000
     6.47707     0.00000
     6.48807     0.00000
     6.49907     0.00000
     6.51107     0.00000
     6.52207     0.00000
     6.53307     0.00000
     6.54407     0.00000
     6.55507     0.00000
     6.56607     0.00000
     6.57807     0.00000
     6.58907     0.00000
     6.60007     0.00000
     6.61107     0.00000
     6.62207     0.00000
     6.63307     0.00000
     6.64407     0.00000
     6.65607     0.00000
     6.66707     0.00000
     6.67807     0.00000
     6.68907     0.00000
     6.70007     0.00000
     6.71107     0.00000
     6.72307     0.00000
     6.73407     0.00000
     6.74507     0.00000
     6.75607     0.00000
     6.76707     0.00000
     6.77807     0.00000
     6.78907     0.00000
     6.80107     0.00000
     6.81207     0.00000
     6.82307     0.00000
     6.83407     0.00000
     6.84507     0.00000
     6.85607     0.00000
     6.86807     0.00000
     6.87907     0.00000
     6.89007     0.00000
     6.90107     0.00000
     6.91207     0.00000
     6.92307     0.00000
     6.93507     0.00000
     6.94607     0.00000
     6.95707     0.00000
     6.96807     0.00000
     6.97907     0.00000
     6.99007     0.00000
     7.00107     0.00000
     7.01307     0.00000
     7.02407     0.00000
     7.03507     0.00000
     7.04607     0.00000
     7.05707     0.00000
     7.06807     0.00000
     7.08007     0.00000
     7.09107     0.00000
     7.10207     0.00000
     7.11307     0.00000
     7.12407     0.00000
     7.13507     0.00000
     7.14607     0.00000
     7.15807     0.00000
     7.16907     0.00000
     7.18007     0.00000
     7.19107     0.00000
     7.20207     0.00000
     7.21307     0.00000
     7.22507     0.00000
     7.23607     0.00000
     7.24707     0.00000
     7.25807     0.00000
     7.26907     0.00000
     7.28007     0.00000
     7.29207     0.00000
     7.30307     0.00000
     7.31407     0.00000
     7.32507     0.00000
     7.33607     0.00000
     7.34707     0.00000
     7.35807     0.00000
     7.37007     0.00000
