     #Energy   14&16_all
   -26.09793     0.00000
   -26.08693     0.00000
   -26.07593     0.00000
   -26.06493     0.00000
   -26.05293     0.00000
   -26.04193     0.00000
   -26.03093     0.00000
   -26.01993     0.00000
   -26.00893     0.00000
   -25.99793     0.00000
   -25.98693     0.00000
   -25.97493     0.00000
   -25.96393     0.00000
   -25.95293     0.00000
   -25.94193     0.00000
   -25.93093     0.00000
   -25.91993     0.00000
   -25.90793     0.00000
   -25.89693     0.00000
   -25.88593     0.00000
   -25.87493     0.00000
   -25.86393     0.00000
   -25.85293     0.00000
   -25.84193     0.00000
   -25.82993     0.00000
   -25.81893     0.00000
   -25.80793     0.00000
   -25.79693     0.00000
   -25.78593     0.00000
   -25.77493     0.00000
   -25.76293     0.00000
   -25.75193     0.00000
   -25.74093     0.00000
   -25.72993     0.00000
   -25.71893     0.00000
   -25.70793     0.00000
   -25.69593     0.00000
   -25.68493     0.00000
   -25.67393     0.00000
   -25.66293     0.00000
   -25.65193     0.00000
   -25.64093     0.00000
   -25.62993     0.00000
   -25.61793     0.00000
   -25.60693     0.00000
   -25.59593     0.00000
   -25.58493     0.00000
   -25.57393     0.00000
   -25.56293     0.00000
   -25.55093     0.00000
   -25.53993     0.00000
   -25.52893     0.00000
   -25.51793     0.00000
   -25.50693     0.00000
   -25.49593     0.00000
   -25.48493     0.00000
   -25.47293     0.00000
   -25.46193     0.00000
   -25.45093     0.00000
   -25.43993     0.00000
   -25.42893     0.00000
   -25.41793     0.00000
   -25.40593     0.00000
   -25.39493     0.00000
   -25.38393     0.00000
   -25.37293     0.00000
   -25.36193     0.00000
   -25.35093     0.00000
   -25.33993     0.00000
   -25.32793     0.00000
   -25.31693     0.00000
   -25.30593     0.00000
   -25.29493     0.00000
   -25.28393     0.00000
   -25.27293     0.00000
   -25.26093     0.00000
   -25.24993     0.00000
   -25.23893     0.00000
   -25.22793     0.00000
   -25.21693     0.00000
   -25.20593     0.00000
   -25.19393     0.00000
   -25.18293     0.00000
   -25.17193     0.00000
   -25.16093     0.00000
   -25.14993     0.00000
   -25.13893     0.00000
   -25.12793     0.00000
   -25.11593     0.00000
   -25.10493     0.00000
   -25.09393     0.00000
   -25.08293     0.00000
   -25.07193     0.00000
   -25.06093     0.00000
   -25.04893     0.00000
   -25.03793     0.00000
   -25.02693     0.00000
   -25.01593     0.00000
   -25.00493     0.00000
   -24.99393     0.00000
   -24.98293     0.00000
   -24.97093     0.00000
   -24.95993     0.00000
   -24.94893     0.00000
   -24.93793     0.00000
   -24.92693     0.00000
   -24.91593     0.00000
   -24.90393     0.00000
   -24.89293     0.00000
   -24.88193     0.00000
   -24.87093     0.00000
   -24.85993     0.00000
   -24.84893     0.00000
   -24.83693     0.00000
   -24.82593     0.00000
   -24.81493     0.00000
   -24.80393     0.00000
   -24.79293     0.00000
   -24.78193     0.00000
   -24.77093     0.00000
   -24.75893     0.00000
   -24.74793     0.00000
   -24.73693     0.00002
   -24.72593     0.00007
   -24.71493     0.00029
   -24.70393     0.00111
   -24.69193     0.00382
   -24.68093     0.01200
   -24.66993     0.03442
   -24.65893     0.09032
   -24.64793     0.21723
   -24.63693     0.47986
   -24.62593     0.97625
   -24.61393     1.83398
   -24.60293     3.19034
   -24.59193     5.15369
   -24.58093     7.74730
   -24.56993    10.86565
   -24.55893    14.24311
   -24.54693    17.50172
   -24.53593    20.26070
   -24.52493    22.31541
   -24.51393    23.78393
   -24.50293    25.14800
   -24.49193    27.10967
   -24.48093    30.31894
   -24.46893    35.04188
   -24.45793    40.97100
   -24.44693    47.27504
   -24.43593    52.88961
   -24.42493    56.89024
   -24.41393    58.86958
   -24.40193    59.06650
   -24.39093    58.21614
   -24.37993    57.26980
   -24.36893    57.01185
   -24.35793    57.80259
   -24.34693    59.46619
   -24.33493    61.48862
   -24.32393    63.03967
   -24.31293    63.38094
   -24.30193    61.91998
   -24.29093    58.47423
   -24.27993    53.39734
   -24.26893    47.33312
   -24.25693    41.22864
   -24.24593    35.93928
   -24.23493    32.01754
   -24.22393    29.59286
   -24.21293    28.43759
   -24.20193    28.09188
   -24.18993    28.08073
   -24.17893    28.06004
   -24.16793    27.88174
   -24.15693    27.56379
   -24.14593    27.20620
   -24.13493    26.83897
   -24.12393    26.37392
   -24.11193    25.56771
   -24.10093    24.13794
   -24.08993    21.87813
   -24.07893    18.79388
   -24.06793    15.14958
   -24.05693    11.35841
   -24.04493     7.87516
   -24.03393     5.02664
   -24.02293     2.94201
   -24.01193     1.57496
   -24.00093     0.76977
   -23.98993     0.34300
   -23.97793     0.13915
   -23.96693     0.05135
   -23.95593     0.01723
   -23.94493     0.00525
   -23.93393     0.00145
   -23.92293     0.00037
   -23.91193     0.00008
   -23.89993     0.00002
   -23.88893     0.00000
   -23.87793     0.00000
   -23.86693     0.00000
   -23.85593     0.00000
   -23.84493     0.00000
   -23.83293     0.00000
   -23.82193     0.00000
   -23.81093     0.00000
   -23.79993     0.00000
   -23.78893     0.00000
   -23.77793     0.00000
   -23.76693     0.00000
   -23.75493     0.00000
   -23.74393     0.00000
   -23.73293     0.00000
   -23.72193     0.00000
   -23.71093     0.00000
   -23.69993     0.00000
   -23.68793     0.00000
   -23.67693     0.00000
   -23.66593     0.00000
   -23.65493     0.00000
   -23.64393     0.00000
   -23.63293     0.00000
   -23.62093     0.00000
   -23.60993     0.00000
   -23.59893     0.00000
   -23.58793     0.00000
   -23.57693     0.00000
   -23.56593     0.00000
   -23.55493     0.00000
   -23.54293     0.00000
   -23.53193     0.00000
   -23.52093     0.00000
   -23.50993     0.00000
   -23.49893     0.00000
   -23.48793     0.00000
   -23.47593     0.00000
   -23.46493     0.00000
   -23.45393     0.00000
   -23.44293     0.00000
   -23.43193     0.00000
   -23.42093     0.00000
   -23.40993     0.00000
   -23.39793     0.00000
   -23.38693     0.00000
   -23.37593     0.00000
   -23.36493     0.00000
   -23.35393     0.00000
   -23.34293     0.00000
   -23.33093     0.00000
   -23.31993     0.00000
   -23.30893     0.00000
   -23.29793     0.00000
   -23.28693     0.00000
   -23.27593     0.00000
   -23.26493     0.00000
   -23.25293     0.00000
   -23.24193     0.00000
   -23.23093     0.00000
   -23.21993     0.00000
   -23.20893     0.00000
   -23.19793     0.00000
   -23.18593     0.00000
   -23.17493     0.00000
   -23.16393     0.00000
   -23.15293     0.00000
   -23.14193     0.00000
   -23.13093     0.00000
   -23.11893     0.00000
   -23.10793     0.00000
   -23.09693     0.00000
   -23.08593     0.00000
   -23.07493     0.00000
   -23.06393     0.00000
   -23.05293     0.00000
   -23.04093     0.00000
   -23.02993     0.00000
   -23.01893     0.00000
   -23.00793     0.00000
   -22.99693     0.00000
   -22.98593     0.00000
   -22.97393     0.00000
   -22.96293     0.00000
   -22.95193     0.00000
   -22.94093     0.00000
   -22.92993     0.00000
   -22.91893     0.00000
   -22.90793     0.00000
   -22.89593     0.00000
   -22.88493     0.00000
   -22.87393     0.00000
   -22.86293     0.00000
   -22.85193     0.00000
   -22.84093     0.00000
   -22.82893     0.00000
   -22.81793     0.00000
   -22.80693     0.00000
   -22.79593     0.00000
   -22.78493     0.00000
   -22.77393     0.00000
   -22.76193     0.00000
   -22.75093     0.00000
   -22.73993     0.00000
   -22.72893     0.00000
   -22.71793     0.00000
   -22.70693     0.00000
   -22.69593     0.00000
   -22.68393     0.00000
   -22.67293     0.00000
   -22.66193     0.00000
   -22.65093     0.00000
   -22.63993     0.00000
   -22.62893     0.00000
   -22.61693     0.00000
   -22.60593     0.00000
   -22.59493     0.00000
   -22.58393     0.00000
   -22.57293     0.00000
   -22.56193     0.00000
   -22.55093     0.00000
   -22.53893     0.00000
   -22.52793     0.00000
   -22.51693     0.00000
   -22.50593     0.00000
   -22.49493     0.00000
   -22.48393     0.00000
   -22.47193     0.00000
   -22.46093     0.00000
   -22.44993     0.00000
   -22.43893     0.00000
   -22.42793     0.00000
   -22.41693     0.00000
   -22.40593     0.00000
   -22.39393     0.00000
   -22.38293     0.00000
   -22.37193     0.00000
   -22.36093     0.00000
   -22.34993     0.00000
   -22.33893     0.00000
   -22.32693     0.00000
   -22.31593     0.00000
   -22.30493     0.00000
   -22.29393     0.00000
   -22.28293     0.00000
   -22.27193     0.00000
   -22.25993     0.00000
   -22.24893     0.00000
   -22.23793     0.00000
   -22.22693     0.00000
   -22.21593     0.00000
   -22.20493     0.00000
   -22.19393     0.00000
   -22.18193     0.00000
   -22.17093     0.00000
   -22.15993     0.00000
   -22.14893     0.00000
   -22.13793     0.00000
   -22.12693     0.00000
   -22.11493     0.00000
   -22.10393     0.00000
   -22.09293     0.00000
   -22.08193     0.00000
   -22.07093     0.00000
   -22.05993     0.00000
   -22.04893     0.00000
   -22.03693     0.00000
   -22.02593     0.00000
   -22.01493     0.00000
   -22.00393     0.00000
   -21.99293     0.00000
   -21.98193     0.00000
   -21.96993     0.00000
   -21.95893     0.00000
   -21.94793     0.00000
   -21.93693     0.00000
   -21.92593     0.00000
   -21.91493     0.00000
   -21.90293     0.00000
   -21.89193     0.00000
   -21.88093     0.00000
   -21.86993     0.00000
   -21.85893     0.00000
   -21.84793     0.00000
   -21.83693     0.00000
   -21.82493     0.00000
   -21.81393     0.00000
   -21.80293     0.00000
   -21.79193     0.00000
   -21.78093     0.00000
   -21.76993     0.00000
   -21.75793     0.00000
   -21.74693     0.00000
   -21.73593     0.00000
   -21.72493     0.00000
   -21.71393     0.00000
   -21.70293     0.00000
   -21.69193     0.00000
   -21.67993     0.00000
   -21.66893     0.00000
   -21.65793     0.00000
   -21.64693     0.00000
   -21.63593     0.00000
   -21.62493     0.00000
   -21.61293     0.00000
   -21.60193     0.00000
   -21.59093     0.00000
   -21.57993     0.00000
   -21.56893     0.00000
   -21.55793     0.00000
   -21.54593     0.00000
   -21.53493     0.00000
   -21.52393     0.00000
   -21.51293     0.00000
   -21.50193     0.00000
   -21.49093     0.00000
   -21.47993     0.00000
   -21.46793     0.00000
   -21.45693     0.00000
   -21.44593     0.00000
   -21.43493     0.00000
   -21.42393     0.00000
   -21.41293     0.00000
   -21.40093     0.00000
   -21.38993     0.00000
   -21.37893     0.00000
   -21.36793     0.00000
   -21.35693     0.00000
   -21.34593     0.00000
   -21.33493     0.00000
   -21.32293     0.00000
   -21.31193     0.00000
   -21.30093     0.00000
   -21.28993     0.00000
   -21.27893     0.00000
   -21.26793     0.00000
   -21.25593     0.00000
   -21.24493     0.00000
   -21.23393     0.00000
   -21.22293     0.00000
   -21.21193     0.00000
   -21.20093     0.00000
   -21.18993     0.00000
   -21.17793     0.00000
   -21.16693     0.00000
   -21.15593     0.00000
   -21.14493     0.00000
   -21.13393     0.00000
   -21.12293     0.00000
   -21.11093     0.00000
   -21.09993     0.00000
   -21.08893     0.00000
   -21.07793     0.00000
   -21.06693     0.00000
   -21.05593     0.00000
   -21.04393     0.00000
   -21.03293     0.00000
   -21.02193     0.00000
   -21.01093     0.00000
   -20.99993     0.00000
   -20.98893     0.00000
   -20.97793     0.00000
   -20.96593     0.00000
   -20.95493     0.00000
   -20.94393     0.00000
   -20.93293     0.00000
   -20.92193     0.00000
   -20.91093     0.00000
   -20.89893     0.00000
   -20.88793     0.00000
   -20.87693     0.00000
   -20.86593     0.00000
   -20.85493     0.00000
   -20.84393     0.00000
   -20.83293     0.00000
   -20.82093     0.00000
   -20.80993     0.00000
   -20.79893     0.00000
   -20.78793     0.00000
   -20.77693     0.00000
   -20.76593     0.00000
   -20.75393     0.00000
   -20.74293     0.00000
   -20.73193     0.00000
   -20.72093     0.00000
   -20.70993     0.00000
   -20.69893     0.00000
   -20.68693     0.00000
   -20.67593     0.00000
   -20.66493     0.00000
   -20.65393     0.00000
   -20.64293     0.00000
   -20.63193     0.00000
   -20.62093     0.00000
   -20.60893     0.00000
   -20.59793     0.00000
   -20.58693     0.00000
   -20.57593     0.00000
   -20.56493     0.00000
   -20.55393     0.00000
   -20.54193     0.00000
   -20.53093     0.00000
   -20.51993     0.00000
   -20.50893     0.00000
   -20.49793     0.00000
   -20.48693     0.00000
   -20.47593     0.00000
   -20.46393     0.00000
   -20.45293     0.00000
   -20.44193     0.00000
   -20.43093     0.00000
   -20.41993     0.00000
   -20.40893     0.00000
   -20.39693     0.00000
   -20.38593     0.00000
   -20.37493     0.00000
   -20.36393     0.00000
   -20.35293     0.00000
   -20.34193     0.00000
   -20.33093     0.00000
   -20.31893     0.00000
   -20.30793     0.00000
   -20.29693     0.00000
   -20.28593     0.00000
   -20.27493     0.00000
   -20.26393     0.00000
   -20.25193     0.00000
   -20.24093     0.00000
   -20.22993     0.00000
   -20.21893     0.00000
   -20.20793     0.00000
   -20.19693     0.00000
   -20.18493     0.00000
   -20.17393     0.00000
   -20.16293     0.00000
   -20.15193     0.00000
   -20.14093     0.00000
   -20.12993     0.00000
   -20.11893     0.00000
   -20.10693     0.00000
   -20.09593     0.00000
   -20.08493     0.00000
   -20.07393     0.00000
   -20.06293     0.00000
   -20.05193     0.00000
   -20.03993     0.00000
   -20.02893     0.00000
   -20.01793     0.00000
   -20.00693     0.00000
   -19.99593     0.00000
   -19.98493     0.00000
   -19.97393     0.00000
   -19.96193     0.00000
   -19.95093     0.00000
   -19.93993     0.00000
   -19.92893     0.00000
   -19.91793     0.00000
   -19.90693     0.00000
   -19.89493     0.00000
   -19.88393     0.00000
   -19.87293     0.00000
   -19.86193     0.00000
   -19.85093     0.00000
   -19.83993     0.00000
   -19.82793     0.00000
   -19.81693     0.00000
   -19.80593     0.00000
   -19.79493     0.00000
   -19.78393     0.00000
   -19.77293     0.00000
   -19.76193     0.00000
   -19.74993     0.00000
   -19.73893     0.00000
   -19.72793     0.00000
   -19.71693     0.00000
   -19.70593     0.00000
   -19.69493     0.00000
   -19.68293     0.00000
   -19.67193     0.00000
   -19.66093     0.00000
   -19.64993     0.00000
   -19.63893     0.00000
   -19.62793     0.00000
   -19.61693     0.00000
   -19.60493     0.00000
   -19.59393     0.00000
   -19.58293     0.00000
   -19.57193     0.00000
   -19.56093     0.00000
   -19.54993     0.00000
   -19.53793     0.00000
   -19.52693     0.00000
   -19.51593     0.00000
   -19.50493     0.00000
   -19.49393     0.00000
   -19.48293     0.00000
   -19.47193     0.00000
   -19.45993     0.00000
   -19.44893     0.00000
   -19.43793     0.00000
   -19.42693     0.00000
   -19.41593     0.00000
   -19.40493     0.00000
   -19.39293     0.00000
   -19.38193     0.00000
   -19.37093     0.00000
   -19.35993     0.00000
   -19.34893     0.00000
   -19.33793     0.00000
   -19.32593     0.00000
   -19.31493     0.00000
   -19.30393     0.00000
   -19.29293     0.00000
   -19.28193     0.00000
   -19.27093     0.00000
   -19.25993     0.00000
   -19.24793     0.00000
   -19.23693     0.00000
   -19.22593     0.00000
   -19.21493     0.00000
   -19.20393     0.00000
   -19.19293     0.00000
   -19.18093     0.00000
   -19.16993     0.00000
   -19.15893     0.00000
   -19.14793     0.00000
   -19.13693     0.00000
   -19.12593     0.00000
   -19.11493     0.00000
   -19.10293     0.00000
   -19.09193     0.00000
   -19.08093     0.00000
   -19.06993     0.00000
   -19.05893     0.00000
   -19.04793     0.00000
   -19.03593     0.00000
   -19.02493     0.00000
   -19.01393     0.00000
   -19.00293     0.00000
   -18.99193     0.00000
   -18.98093     0.00000
   -18.96893     0.00000
   -18.95793     0.00000
   -18.94693     0.00000
   -18.93593     0.00000
   -18.92493     0.00000
   -18.91393     0.00000
   -18.90293     0.00000
   -18.89093     0.00000
   -18.87993     0.00000
   -18.86893     0.00000
   -18.85793     0.00000
   -18.84693     0.00000
   -18.83593     0.00000
   -18.82393     0.00000
   -18.81293     0.00000
   -18.80193     0.00000
   -18.79093     0.00000
   -18.77993     0.00000
   -18.76893     0.00000
   -18.75793     0.00000
   -18.74593     0.00000
   -18.73493     0.00000
   -18.72393     0.00000
   -18.71293     0.00000
   -18.70193     0.00000
   -18.69093     0.00000
   -18.67893     0.00000
   -18.66793     0.00000
   -18.65693     0.00000
   -18.64593     0.00000
   -18.63493     0.00000
   -18.62393     0.00000
   -18.61193     0.00000
   -18.60093     0.00000
   -18.58993     0.00000
   -18.57893     0.00000
   -18.56793     0.00000
   -18.55693     0.00000
   -18.54593     0.00000
   -18.53393     0.00000
   -18.52293     0.00000
   -18.51193     0.00000
   -18.50093     0.00000
   -18.48993     0.00000
   -18.47893     0.00000
   -18.46693     0.00000
   -18.45593     0.00000
   -18.44493     0.00000
   -18.43393     0.00000
   -18.42293     0.00000
   -18.41193     0.00000
   -18.40093     0.00000
   -18.38893     0.00000
   -18.37793     0.00000
   -18.36693     0.00000
   -18.35593     0.00000
   -18.34493     0.00000
   -18.33393     0.00000
   -18.32193     0.00000
   -18.31093     0.00000
   -18.29993     0.00000
   -18.28893     0.00000
   -18.27793     0.00000
   -18.26693     0.00000
   -18.25593     0.00000
   -18.24393     0.00000
   -18.23293     0.00000
   -18.22193     0.00000
   -18.21093     0.00000
   -18.19993     0.00000
   -18.18893     0.00000
   -18.17693     0.00000
   -18.16593     0.00000
   -18.15493     0.00000
   -18.14393     0.00000
   -18.13293     0.00000
   -18.12193     0.00000
   -18.10993     0.00000
   -18.09893     0.00000
   -18.08793     0.00000
   -18.07693     0.00000
   -18.06593     0.00000
   -18.05493     0.00000
   -18.04393     0.00000
   -18.03193     0.00000
   -18.02093     0.00000
   -18.00993     0.00000
   -17.99893     0.00000
   -17.98793     0.00000
   -17.97693     0.00000
   -17.96493     0.00000
   -17.95393     0.00000
   -17.94293     0.00000
   -17.93193     0.00000
   -17.92093     0.00000
   -17.90993     0.00000
   -17.89893     0.00000
   -17.88693     0.00000
   -17.87593     0.00000
   -17.86493     0.00000
   -17.85393     0.00000
   -17.84293     0.00000
   -17.83193     0.00000
   -17.81993     0.00000
   -17.80893     0.00000
   -17.79793     0.00000
   -17.78693     0.00000
   -17.77593     0.00000
   -17.76493     0.00000
   -17.75293     0.00000
   -17.74193     0.00000
   -17.73093     0.00000
   -17.71993     0.00000
   -17.70893     0.00000
   -17.69793     0.00000
   -17.68693     0.00000
   -17.67493     0.00000
   -17.66393     0.00000
   -17.65293     0.00000
   -17.64193     0.00000
   -17.63093     0.00000
   -17.61993     0.00000
   -17.60793     0.00000
   -17.59693     0.00000
   -17.58593     0.00000
   -17.57493     0.00000
   -17.56393     0.00000
   -17.55293     0.00000
   -17.54193     0.00000
   -17.52993     0.00000
   -17.51893     0.00000
   -17.50793     0.00000
   -17.49693     0.00000
   -17.48593     0.00000
   -17.47493     0.00000
   -17.46293     0.00000
   -17.45193     0.00000
   -17.44093     0.00000
   -17.42993     0.00000
   -17.41893     0.00000
   -17.40793     0.00000
   -17.39693     0.00000
   -17.38493     0.00000
   -17.37393     0.00000
   -17.36293     0.00000
   -17.35193     0.00000
   -17.34093     0.00000
   -17.32993     0.00000
   -17.31793     0.00000
   -17.30693     0.00000
   -17.29593     0.00000
   -17.28493     0.00000
   -17.27393     0.00000
   -17.26293     0.00000
   -17.25093     0.00000
   -17.23993     0.00000
   -17.22893     0.00000
   -17.21793     0.00000
   -17.20693     0.00000
   -17.19593     0.00000
   -17.18493     0.00000
   -17.17293     0.00000
   -17.16193     0.00000
   -17.15093     0.00000
   -17.13993     0.00000
   -17.12893     0.00000
   -17.11793     0.00000
   -17.10593     0.00000
   -17.09493     0.00000
   -17.08393     0.00000
   -17.07293     0.00000
   -17.06193     0.00000
   -17.05093     0.00000
   -17.03993     0.00000
   -17.02793     0.00000
   -17.01693     0.00000
   -17.00593     0.00000
   -16.99493     0.00000
   -16.98393     0.00000
   -16.97293     0.00000
   -16.96093     0.00000
   -16.94993     0.00000
   -16.93893     0.00000
   -16.92793     0.00000
   -16.91693     0.00000
   -16.90593     0.00000
   -16.89393     0.00000
   -16.88293     0.00000
   -16.87193     0.00000
   -16.86093     0.00000
   -16.84993     0.00000
   -16.83893     0.00000
   -16.82793     0.00000
   -16.81593     0.00000
   -16.80493     0.00000
   -16.79393     0.00000
   -16.78293     0.00000
   -16.77193     0.00000
   -16.76093     0.00000
   -16.74893     0.00000
   -16.73793     0.00000
   -16.72693     0.00000
   -16.71593     0.00000
   -16.70493     0.00000
   -16.69393     0.00000
   -16.68293     0.00000
   -16.67093     0.00000
   -16.65993     0.00000
   -16.64893     0.00000
   -16.63793     0.00000
   -16.62693     0.00000
   -16.61593     0.00000
   -16.60393     0.00000
   -16.59293     0.00000
   -16.58193     0.00000
   -16.57093     0.00000
   -16.55993     0.00000
   -16.54893     0.00000
   -16.53693     0.00000
   -16.52593     0.00000
   -16.51493     0.00000
   -16.50393     0.00000
   -16.49293     0.00000
   -16.48193     0.00000
   -16.47093     0.00000
   -16.45893     0.00000
   -16.44793     0.00000
   -16.43693     0.00000
   -16.42593     0.00000
   -16.41493     0.00000
   -16.40393     0.00000
   -16.39193     0.00000
   -16.38093     0.00000
   -16.36993     0.00000
   -16.35893     0.00000
   -16.34793     0.00000
   -16.33693     0.00000
   -16.32593     0.00000
   -16.31393     0.00000
   -16.30293     0.00000
   -16.29193     0.00000
   -16.28093     0.00000
   -16.26993     0.00000
   -16.25893     0.00000
   -16.24693     0.00000
   -16.23593     0.00000
   -16.22493     0.00000
   -16.21393     0.00000
   -16.20293     0.00000
   -16.19193     0.00000
   -16.18093     0.00000
   -16.16893     0.00000
   -16.15793     0.00000
   -16.14693     0.00000
   -16.13593     0.00000
   -16.12493     0.00000
   -16.11393     0.00000
   -16.10193     0.00000
   -16.09093     0.00000
   -16.07993     0.00000
   -16.06893     0.00000
   -16.05793     0.00000
   -16.04693     0.00000
   -16.03493     0.00000
   -16.02393     0.00000
   -16.01293     0.00000
   -16.00193     0.00000
   -15.99093     0.00000
   -15.97993     0.00000
   -15.96893     0.00000
   -15.95693     0.00000
   -15.94593     0.00000
   -15.93493     0.00000
   -15.92393     0.00000
   -15.91293     0.00000
   -15.90193     0.00000
   -15.88993     0.00000
   -15.87893     0.00000
   -15.86793     0.00000
   -15.85693     0.00000
   -15.84593     0.00000
   -15.83493     0.00000
   -15.82393     0.00000
   -15.81193     0.00000
   -15.80093     0.00000
   -15.78993     0.00000
   -15.77893     0.00000
   -15.76793     0.00000
   -15.75693     0.00000
   -15.74493     0.00000
   -15.73393     0.00000
   -15.72293     0.00000
   -15.71193     0.00000
   -15.70093     0.00000
   -15.68993     0.00000
   -15.67793     0.00000
   -15.66693     0.00000
   -15.65593     0.00000
   -15.64493     0.00000
   -15.63393     0.00000
   -15.62293     0.00000
   -15.61193     0.00000
   -15.59993     0.00000
   -15.58893     0.00000
   -15.57793     0.00000
   -15.56693     0.00000
   -15.55593     0.00000
   -15.54493     0.00000
   -15.53293     0.00000
   -15.52193     0.00000
   -15.51093     0.00000
   -15.49993     0.00000
   -15.48893     0.00000
   -15.47793     0.00000
   -15.46693     0.00000
   -15.45493     0.00000
   -15.44393     0.00000
   -15.43293     0.00000
   -15.42193     0.00000
   -15.41093     0.00000
   -15.39993     0.00000
   -15.38793     0.00000
   -15.37693     0.00000
   -15.36593     0.00000
   -15.35493     0.00000
   -15.34393     0.00000
   -15.33293     0.00000
   -15.32193     0.00000
   -15.30993     0.00000
   -15.29893     0.00000
   -15.28793     0.00000
   -15.27693     0.00000
   -15.26593     0.00000
   -15.25493     0.00000
   -15.24293     0.00000
   -15.23193     0.00000
   -15.22093     0.00000
   -15.20993     0.00000
   -15.19893     0.00000
   -15.18793     0.00000
   -15.17593     0.00000
   -15.16493     0.00000
   -15.15393     0.00000
   -15.14293     0.00000
   -15.13193     0.00000
   -15.12093     0.00000
   -15.10993     0.00000
   -15.09793     0.00000
   -15.08693     0.00000
   -15.07593     0.00000
   -15.06493     0.00000
   -15.05393     0.00000
   -15.04293     0.00000
   -15.03093     0.00000
   -15.01993     0.00000
   -15.00893     0.00000
   -14.99793     0.00000
   -14.98693     0.00000
   -14.97593     0.00000
   -14.96493     0.00000
   -14.95293     0.00000
   -14.94193     0.00000
   -14.93093     0.00000
   -14.91993     0.00000
   -14.90893     0.00000
   -14.89793     0.00000
   -14.88593     0.00000
   -14.87493     0.00000
   -14.86393     0.00000
   -14.85293     0.00000
   -14.84193     0.00000
   -14.83093     0.00000
   -14.81893     0.00000
   -14.80793     0.00000
   -14.79693     0.00000
   -14.78593     0.00000
   -14.77493     0.00000
   -14.76393     0.00000
   -14.75293     0.00000
   -14.74093     0.00000
   -14.72993     0.00000
   -14.71893     0.00000
   -14.70793     0.00000
   -14.69693     0.00000
   -14.68593     0.00000
   -14.67393     0.00000
   -14.66293     0.00000
   -14.65193     0.00000
   -14.64093     0.00000
   -14.62993     0.00000
   -14.61893     0.00000
   -14.60793     0.00000
   -14.59593     0.00000
   -14.58493     0.00000
   -14.57393     0.00000
   -14.56293     0.00000
   -14.55193     0.00000
   -14.54093     0.00000
   -14.52893     0.00000
   -14.51793     0.00000
   -14.50693     0.00000
   -14.49593     0.00000
   -14.48493     0.00000
   -14.47393     0.00000
   -14.46293     0.00000
   -14.45093     0.00000
   -14.43993     0.00000
   -14.42893     0.00000
   -14.41793     0.00000
   -14.40693     0.00000
   -14.39593     0.00000
   -14.38393     0.00000
   -14.37293     0.00000
   -14.36193     0.00000
   -14.35093     0.00000
   -14.33993     0.00000
   -14.32893     0.00000
   -14.31693     0.00000
   -14.30593     0.00000
   -14.29493     0.00000
   -14.28393     0.00000
   -14.27293     0.00000
   -14.26193     0.00000
   -14.25093     0.00000
   -14.23893     0.00000
   -14.22793     0.00000
   -14.21693     0.00000
   -14.20593     0.00000
   -14.19493     0.00000
   -14.18393     0.00000
   -14.17193     0.00000
   -14.16093     0.00000
   -14.14993     0.00000
   -14.13893     0.00000
   -14.12793     0.00000
   -14.11693     0.00000
   -14.10593     0.00000
   -14.09393     0.00000
   -14.08293     0.00000
   -14.07193     0.00000
   -14.06093     0.00000
   -14.04993     0.00000
   -14.03893     0.00000
   -14.02693     0.00000
   -14.01593     0.00000
   -14.00493     0.00000
   -13.99393     0.00000
   -13.98293     0.00000
   -13.97193     0.00000
   -13.95993     0.00000
   -13.94893     0.00000
   -13.93793     0.00000
   -13.92693     0.00000
   -13.91593     0.00000
   -13.90493     0.00000
   -13.89393     0.00000
   -13.88193     0.00000
   -13.87093     0.00000
   -13.85993     0.00000
   -13.84893     0.00000
   -13.83793     0.00000
   -13.82693     0.00000
   -13.81493     0.00000
   -13.80393     0.00000
   -13.79293     0.00000
   -13.78193     0.00000
   -13.77093     0.00000
   -13.75993     0.00000
   -13.74893     0.00000
   -13.73693     0.00000
   -13.72593     0.00000
   -13.71493     0.00000
   -13.70393     0.00000
   -13.69293     0.00000
   -13.68193     0.00000
   -13.66993     0.00000
   -13.65893     0.00000
   -13.64793     0.00000
   -13.63693     0.00000
   -13.62593     0.00000
   -13.61493     0.00000
   -13.60293     0.00000
   -13.59193     0.00000
   -13.58093     0.00000
   -13.56993     0.00000
   -13.55893     0.00000
   -13.54793     0.00000
   -13.53693     0.00000
   -13.52493     0.00000
   -13.51393     0.00000
   -13.50293     0.00000
   -13.49193     0.00000
   -13.48093     0.00000
   -13.46993     0.00000
   -13.45793     0.00000
   -13.44693     0.00000
   -13.43593     0.00000
   -13.42493     0.00000
   -13.41393     0.00000
   -13.40293     0.00000
   -13.39193     0.00000
   -13.37993     0.00000
   -13.36893     0.00000
   -13.35793     0.00000
   -13.34693     0.00000
   -13.33593     0.00000
   -13.32493     0.00000
   -13.31293     0.00000
   -13.30193     0.00000
   -13.29093     0.00000
   -13.27993     0.00000
   -13.26893     0.00000
   -13.25793     0.00000
   -13.24693     0.00000
   -13.23493     0.00000
   -13.22393     0.00000
   -13.21293     0.00000
   -13.20193     0.00000
   -13.19093     0.00000
   -13.17993     0.00000
   -13.16793     0.00000
   -13.15693     0.00000
   -13.14593     0.00000
   -13.13493     0.00000
   -13.12393     0.00000
   -13.11293     0.00000
   -13.10093     0.00000
   -13.08993     0.00000
   -13.07893     0.00000
   -13.06793     0.00000
   -13.05693     0.00000
   -13.04593     0.00000
   -13.03493     0.00000
   -13.02293     0.00000
   -13.01193     0.00000
   -13.00093     0.00000
   -12.98993     0.00000
   -12.97893     0.00000
   -12.96793     0.00000
   -12.95593     0.00000
   -12.94493     0.00000
   -12.93393     0.00000
   -12.92293     0.00000
   -12.91193     0.00000
   -12.90093     0.00000
   -12.88993     0.00000
   -12.87793     0.00000
   -12.86693     0.00000
   -12.85593     0.00000
   -12.84493     0.00000
   -12.83393     0.00000
   -12.82293     0.00000
   -12.81093     0.00000
   -12.79993     0.00000
   -12.78893     0.00000
   -12.77793     0.00000
   -12.76693     0.00000
   -12.75593     0.00000
   -12.74393     0.00000
   -12.73293     0.00000
   -12.72193     0.00000
   -12.71093     0.00000
   -12.69993     0.00000
   -12.68893     0.00000
   -12.67793     0.00000
   -12.66593     0.00000
   -12.65493     0.00000
   -12.64393     0.00000
   -12.63293     0.00000
   -12.62193     0.00000
   -12.61093     0.00000
   -12.59893     0.00000
   -12.58793     0.00000
   -12.57693     0.00000
   -12.56593     0.00000
   -12.55493     0.00000
   -12.54393     0.00000
   -12.53293     0.00000
   -12.52093     0.00000
   -12.50993     0.00000
   -12.49893     0.00000
   -12.48793     0.00000
   -12.47693     0.00000
   -12.46593     0.00000
   -12.45393     0.00000
   -12.44293     0.00000
   -12.43193     0.00002
   -12.42093     0.00007
   -12.40993     0.00023
   -12.39893     0.00068
   -12.38793     0.00182
   -12.37593     0.00442
   -12.36493     0.00972
   -12.35393     0.01935
   -12.34293     0.03490
   -12.33193     0.05703
   -12.32093     0.08440
   -12.30893     0.11319
   -12.29793     0.13753
   -12.28693     0.15138
   -12.27593     0.15097
   -12.26493     0.13640
   -12.25393     0.11164
   -12.24193     0.08279
   -12.23093     0.05562
   -12.21993     0.03386
   -12.20893     0.01867
   -12.19793     0.00934
   -12.18693     0.00426
   -12.17593     0.00188
   -12.16393     0.00116
   -12.15293     0.00183
   -12.14193     0.00461
   -12.13093     0.01161
   -12.11993     0.02680
   -12.10893     0.05609
   -12.09693     0.10640
   -12.08593     0.18282
   -12.07493     0.28455
   -12.06393     0.40134
   -12.05293     0.51284
   -12.04193     0.59376
   -12.03093     0.62270
   -12.01893     0.59172
   -12.00793     0.50937
   -11.99693     0.39726
   -11.98593     0.28067
   -11.97493     0.17964
   -11.96393     0.10418
   -11.95193     0.05475
   -11.94093     0.02611
   -11.92993     0.01148
   -11.91893     0.00519
   -11.90793     0.00394
   -11.89693     0.00697
   -11.88493     0.01603
   -11.87393     0.03543
   -11.86293     0.07148
   -11.85193     0.13087
   -11.84093     0.21727
   -11.82993     0.32710
   -11.81893     0.44640
   -11.80693     0.55247
   -11.79593     0.62020
   -11.78493     0.63105
   -11.77393     0.58236
   -11.76293     0.48734
   -11.75193     0.36989
   -11.73993     0.25473
   -11.72893     0.16012
   -11.71793     0.09340
   -11.70693     0.05419
   -11.69593     0.03778
   -11.68493     0.03871
   -11.67393     0.05223
   -11.66193     0.07375
   -11.65093     0.09815
   -11.63993     0.11948
   -11.62893     0.13208
   -11.61793     0.13234
   -11.60693     0.12014
   -11.59493     0.09882
   -11.58393     0.07365
   -11.57293     0.04973
   -11.56193     0.03042
   -11.55093     0.01687
   -11.53993     0.00852
   -11.52793     0.00407
   -11.51693     0.00230
   -11.50593     0.00272
   -11.49493     0.00597
   -11.48393     0.01423
   -11.47293     0.03151
   -11.46193     0.06340
   -11.44993     0.11567
   -11.43893     0.19123
   -11.42793     0.28645
   -11.41693     0.38928
   -11.40593     0.48037
   -11.39493     0.53969
   -11.38293     0.55640
   -11.37193     0.53438
   -11.36093     0.49360
   -11.34993     0.46155
   -11.33893     0.46187
   -11.32793     0.50204
   -11.31693     0.56939
   -11.30493     0.63692
   -11.29393     0.67359
   -11.28293     0.65952
   -11.27193     0.59418
   -11.26093     0.49659
   -11.24993     0.39646
   -11.23793     0.32302
   -11.22693     0.29558
   -11.21593     0.31822
   -11.20493     0.38109
   -11.19393     0.46508
   -11.18293     0.54996
   -11.17193     0.62343
   -11.15993     0.68666
   -11.14893     0.75468
   -11.13793     0.84678
   -11.12693     0.97353
   -11.11593     1.12438
   -11.10493     1.26707
   -11.09293     1.35789
   -11.08193     1.35985
   -11.07093     1.25966
   -11.05993     1.07329
   -11.04893     0.83872
   -11.03793     0.60011
   -11.02593     0.39359
   -11.01493     0.23811
   -11.00393     0.13611
   -10.99293     0.07890
   -10.98193     0.05370
   -10.97093     0.04799
   -10.95993     0.05162
   -10.94793     0.05720
   -10.93693     0.05999
   -10.92593     0.05776
   -10.91493     0.05058
   -10.90393     0.04017
   -10.89293     0.02891
   -10.88093     0.01887
   -10.86993     0.01120
   -10.85893     0.00618
   -10.84793     0.00359
   -10.83693     0.00336
   -10.82593     0.00618
   -10.81493     0.01421
   -10.80293     0.03169
   -10.79193     0.06503
   -10.78093     0.12189
   -10.76993     0.20847
   -10.75893     0.32544
   -10.74793     0.46405
   -10.73593     0.60495
   -10.72493     0.72292
   -10.71393     0.79591
   -10.70293     0.81484
   -10.69193     0.78908
   -10.68093     0.74313
   -10.66893     0.70564
   -10.65793     0.69888
   -10.64693     0.73135
   -10.63593     0.79904
   -10.62493     0.89029
   -10.61393     0.99349
   -10.60293     1.10048
   -10.59093     1.20712
   -10.57993     1.31030
   -10.56893     1.40293
   -10.55793     1.46903
   -10.54693     1.48550
   -10.53593     1.43015
   -10.52393     1.29376
   -10.51293     1.08789
   -10.50193     0.84366
   -10.49093     0.60005
   -10.47993     0.38994
   -10.46893     0.23091
   -10.45793     0.12449
   -10.44593     0.06099
   -10.43493     0.02715
   -10.42393     0.01097
   -10.41293     0.00402
   -10.40193     0.00135
   -10.39093     0.00044
   -10.37893     0.00020
   -10.36793     0.00024
   -10.35693     0.00048
   -10.34593     0.00095
   -10.33493     0.00172
   -10.32393     0.00284
   -10.31293     0.00423
   -10.30093     0.00574
   -10.28993     0.00710
   -10.27893     0.00817
   -10.26793     0.00916
   -10.25693     0.01115
   -10.24593     0.01673
   -10.23393     0.03102
   -10.22293     0.06264
   -10.21193     0.12443
   -10.20093     0.23232
   -10.18993     0.40118
   -10.17893     0.63833
   -10.16693     0.93471
   -10.15593     1.25963
   -10.14493     1.56276
   -10.13393     1.78586
   -10.12293     1.88228
   -10.11193     1.83430
   -10.10093     1.66185
   -10.08893     1.41615
   -10.07793     1.16275
   -10.06693     0.95946
   -10.05593     0.84128
   -10.04493     0.81350
   -10.03393     0.85332
   -10.02193     0.92032
   -10.01093     0.96895
    -9.99993     0.96433
    -9.98893     0.89280
    -9.97793     0.76402
    -9.96693     0.60434
    -9.95593     0.44436
    -9.94393     0.30662
    -9.93293     0.20153
    -9.92193     0.12830
    -9.91093     0.08025
    -9.89993     0.04959
    -9.88893     0.03013
    -9.87693     0.01788
    -9.86593     0.01056
    -9.85493     0.00699
    -9.84393     0.00676
    -9.83293     0.01007
    -9.82193     0.01752
    -9.80993     0.02975
    -9.79893     0.04680
    -9.78793     0.06775
    -9.77693     0.09099
    -9.76593     0.11560
    -9.75493     0.14307
    -9.74393     0.17855
    -9.73193     0.22982
    -9.72093     0.30337
    -9.70993     0.39908
    -9.69893     0.50655
    -9.68793     0.60550
    -9.67693     0.67264
    -9.66493     0.69048
    -9.65393     0.65679
    -9.64293     0.58555
    -9.63193     0.50271
    -9.62093     0.43675
    -9.60993     0.40869
    -9.59893     0.42480
    -9.58693     0.47521
    -9.57593     0.53651
    -9.56493     0.58117
    -9.55393     0.58679
    -9.54293     0.54497
    -9.53193     0.46277
    -9.51993     0.35832
    -9.50893     0.25285
    -9.49793     0.16263
    -9.48693     0.09542
    -9.47593     0.05120
    -9.46493     0.02524
    -9.45293     0.01158
    -9.44193     0.00513
    -9.43093     0.00257
    -9.41993     0.00218
    -9.40893     0.00357
    -9.39793     0.00724
    -9.38693     0.01434
    -9.37493     0.02622
    -9.36393     0.04390
    -9.35293     0.06734
    -9.34193     0.09504
    -9.33093     0.12408
    -9.31993     0.15093
    -9.30793     0.17244
    -9.29693     0.18640
    -9.28593     0.19178
    -9.27493     0.18839
    -9.26393     0.17652
    -9.25293     0.15727
    -9.24193     0.13254
    -9.22993     0.10513
    -9.21893     0.07807
    -9.20793     0.05406
    -9.19693     0.03479
    -9.18593     0.02073
    -9.17493     0.01140
    -9.16293     0.00577
    -9.15193     0.00269
    -9.14093     0.00117
    -9.12993     0.00053
    -9.11893     0.00042
    -9.10793     0.00082
    -9.09693     0.00208
    -9.08493     0.00504
    -9.07393     0.01111
    -9.06293     0.02224
    -9.05193     0.04041
    -9.04093     0.06670
    -9.02993     0.10018
    -9.01793     0.13717
    -9.00693     0.17168
    -8.99593     0.19721
    -8.98493     0.20898
    -8.97393     0.20558
    -8.96293     0.18899
    -8.95093     0.16340
    -8.93993     0.13353
    -8.92893     0.10337
    -8.91793     0.07596
    -8.90693     0.05369
    -8.89593     0.03843
    -8.88493     0.03199
    -8.87293     0.03615
    -8.86193     0.05245
    -8.85093     0.08132
    -8.83993     0.12090
    -8.82893     0.16603
    -8.81793     0.20882
    -8.80593     0.24068
    -8.79493     0.25550
    -8.78393     0.25190
    -8.77293     0.23325
    -8.76193     0.20582
    -8.75093     0.17604
    -8.73993     0.14922
    -8.72793     0.12986
    -8.71693     0.12251
    -8.70593     0.13173
    -8.69493     0.16038
    -8.68393     0.20688
    -8.67293     0.26341
    -8.66093     0.31694
    -8.64993     0.35312
    -8.63893     0.36283
    -8.62793     0.34549
    -8.61693     0.31006
    -8.60593     0.27173
    -8.59393     0.24715
    -8.58293     0.25017
    -8.57193     0.29048
    -8.56093     0.37152
    -8.54993     0.48808
    -8.53893     0.62372
    -8.52793     0.75300
    -8.51593     0.84770
    -8.50493     0.88798
    -8.49393     0.87159
    -8.48293     0.81301
    -8.47193     0.73447
    -8.46093     0.65418
    -8.44893     0.57898
    -8.43793     0.50527
    -8.42693     0.42817
    -8.41593     0.34756
    -8.40493     0.27152
    -8.39393     0.21315
    -8.38293     0.18539
    -8.37093     0.19582
    -8.35993     0.24345
    -8.34893     0.31723
    -8.33793     0.39802
    -8.32693     0.46241
    -8.31593     0.49089
    -8.30393     0.47429
    -8.29293     0.41806
    -8.28193     0.33880
    -8.27093     0.25750
    -8.25993     0.19185
    -8.24893     0.15060
    -8.23793     0.13317
    -8.22593     0.13201
    -8.21493     0.13675
    -8.20393     0.13806
    -8.19293     0.13052
    -8.18193     0.11342
    -8.17093     0.08991
    -8.15893     0.06481
    -8.14793     0.04243
    -8.13693     0.02521
    -8.12593     0.01360
    -8.11493     0.00666
    -8.10393     0.00297
    -8.09193     0.00120
    -8.08093     0.00044
    -8.06993     0.00015
    -8.05893     0.00005
    -8.04793     0.00001
    -8.03693     0.00000
    -8.02593     0.00000
    -8.01393     0.00000
    -8.00293     0.00000
    -7.99193     0.00001
    -7.98093     0.00003
    -7.96993     0.00010
    -7.95893     0.00036
    -7.94693     0.00115
    -7.93593     0.00335
    -7.92493     0.00882
    -7.91393     0.02107
    -7.90293     0.04557
    -7.89193     0.08934
    -7.88093     0.15863
    -7.86893     0.25527
    -7.85793     0.37197
    -7.84693     0.49116
    -7.83593     0.58744
    -7.82493     0.63663
    -7.81393     0.62520
    -7.80193     0.55608
    -7.79093     0.44846
    -7.77993     0.32760
    -7.76893     0.21725
    -7.75793     0.13091
    -7.74693     0.07213
    -7.73493     0.03685
    -7.72393     0.01809
    -7.71293     0.00920
    -7.70193     0.00542
    -7.69093     0.00396
    -7.67993     0.00344
    -7.66893     0.00331
    -7.65693     0.00351
    -7.64593     0.00446
    -7.63493     0.00731
    -7.62393     0.01447
    -7.61293     0.03031
    -7.60193     0.06178
    -7.58993     0.11841
    -7.57893     0.21153
    -7.56793     0.35200
    -7.55693     0.54649
    -7.54593     0.79333
    -7.53493     1.07752
    -7.52393     1.36898
    -7.51193     1.62447
    -7.50093     1.79695
    -7.48993     1.84924
    -7.47893     1.76849
    -7.46793     1.57275
    -7.45693     1.30553
    -7.44493     1.02377
    -7.43393     0.78179
    -7.42293     0.62119
    -7.41193     0.56683
    -7.40093     0.62495
    -7.38993     0.78352
    -7.37893     1.01181
    -7.36693     1.26436
    -7.35593     1.48927
    -7.34493     1.64093
    -7.33393     1.69109
    -7.32293     1.63373
    -7.31193     1.48364
    -7.29993     1.27147
    -7.28893     1.03536
    -7.27793     0.81332
    -7.26693     0.63631
    -7.25593     0.52203
    -7.24493     0.47350
    -7.23293     0.48365
    -7.22193     0.54045
    -7.21093     0.63279
    -7.19993     0.75185
    -7.18893     0.88710
    -7.17793     1.02478
    -7.16693     1.14699
    -7.15493     1.23544
    -7.14393     1.27568
    -7.13293     1.26082
    -7.12193     1.19288
    -7.11093     1.08338
    -7.09993     0.95259
    -7.08793     0.82501
    -7.07693     0.72317
    -7.06593     0.65857
    -7.05493     0.62758
    -7.04393     0.61431
    -7.03293     0.59891
    -7.02193     0.56816
    -7.00993     0.52047
    -6.99893     0.46281
    -6.98793     0.40465
    -6.97693     0.35129
    -6.96593     0.30330
    -6.95493     0.25909
    -6.94293     0.21861
    -6.93193     0.18500
    -6.92093     0.16298
    -6.90993     0.15628
    -6.89893     0.16616
    -6.88793     0.19158
    -6.87593     0.23021
    -6.86493     0.27876
    -6.85393     0.33228
    -6.84293     0.38359
    -6.83193     0.42427
    -6.82093     0.44611
    -6.80993     0.44577
    -6.79793     0.42513
    -6.78693     0.39298
    -6.77593     0.36280
    -6.76493     0.35003
    -6.75393     0.36686
    -6.74293     0.41707
    -6.73093     0.49172
    -6.71993     0.56960
    -6.70893     0.62346
    -6.69793     0.63125
    -6.68693     0.58479
    -6.67593     0.49414
    -6.66493     0.38155
    -6.65293     0.27356
    -6.64193     0.19225
    -6.63093     0.15189
    -6.61993     0.15881
    -6.60893     0.21288
    -6.59793     0.30716
    -6.58593     0.42637
    -6.57493     0.54696
    -6.56393     0.64071
    -6.55293     0.68357
    -6.54193     0.66463
    -6.53093     0.58996
    -6.51893     0.48092
    -6.50793     0.36582
    -6.49693     0.27087
    -6.48593     0.21385
    -6.47493     0.20109
    -6.46393     0.22819
    -6.45293     0.28186
    -6.44093     0.34313
    -6.42993     0.39281
    -6.41893     0.41762
    -6.40793     0.41453
    -6.39693     0.39205
    -6.38593     0.36439
    -6.37393     0.34368
    -6.36293     0.33418
    -6.35193     0.33022
    -6.34093     0.32123
    -6.32993     0.29828
    -6.31893     0.25906
    -6.30793     0.20859
    -6.29593     0.15598
    -6.28493     0.11023
    -6.27393     0.07722
    -6.26293     0.05987
    -6.25193     0.05911
    -6.24093     0.07513
    -6.22893     0.10707
    -6.21793     0.15149
    -6.20693     0.20100
    -6.19593     0.24482
    -6.18493     0.27163
    -6.17393     0.27340
    -6.16293     0.24974
    -6.15093     0.20671
    -6.13993     0.15503
    -6.12893     0.10534
    -6.11793     0.06487
    -6.10693     0.03623
    -6.09593     0.01845
    -6.08393     0.00887
    -6.07293     0.00489
    -6.06193     0.00507
    -6.05093     0.00980
    -6.03993     0.02183
    -6.02893     0.04660
    -6.01693     0.09208
    -6.00593     0.16685
    -5.99493     0.27623
    -5.98393     0.41686
    -5.97293     0.57275
    -5.96193     0.71535
    -5.95093     0.81175
    -5.93893     0.83661
    -5.92793     0.78336
    -5.91693     0.66615
    -5.90593     0.51470
    -5.89493     0.36159
    -5.88393     0.23092
    -5.87193     0.13429
    -5.86093     0.07119
    -5.84993     0.03450
    -5.83893     0.01542
    -5.82793     0.00670
    -5.81693     0.00369
    -5.80593     0.00417
    -5.79393     0.00771
    -5.78293     0.01501
    -5.77193     0.02714
    -5.76093     0.04456
    -5.74993     0.06638
    -5.73893     0.08959
    -5.72693     0.10953
    -5.71593     0.12138
    -5.70493     0.12204
    -5.69393     0.11171
    -5.68293     0.09407
    -5.67193     0.07541
    -5.65993     0.06287
    -5.64893     0.06309
    -5.63793     0.08120
    -5.62693     0.11961
    -5.61593     0.17657
    -5.60493     0.24499
    -5.59393     0.31270
    -5.58193     0.36544
    -5.57093     0.39174
    -5.55993     0.38745
    -5.54893     0.35712
    -5.53793     0.31125
    -5.52693     0.26111
    -5.51493     0.21434
    -5.50393     0.17363
    -5.49293     0.13818
    -5.48193     0.10643
    -5.47093     0.07791
    -5.45993     0.05342
    -5.44893     0.03410
    -5.43693     0.02070
    -5.42593     0.01332
    -5.41493     0.01180
    -5.40393     0.01623
    -5.39293     0.02705
    -5.38193     0.04450
    -5.36993     0.06764
    -5.35893     0.09353
    -5.34793     0.11731
    -5.33693     0.13334
    -5.32593     0.13730
    -5.31493     0.12817
    -5.30393     0.10856
    -5.29193     0.08378
    -5.28093     0.05974
    -5.26993     0.04096
    -5.25893     0.02991
    -5.24793     0.02695
    -5.23693     0.03089
    -5.22493     0.03953
    -5.21393     0.05022
    -5.20293     0.06061
    -5.19193     0.06980
    -5.18093     0.07938
    -5.16993     0.09374
    -5.15793     0.11882
    -5.14693     0.15934
    -5.13593     0.21535
    -5.12493     0.27992
    -5.11393     0.33974
    -5.10293     0.37915
    -5.09193     0.38626
    -5.07993     0.35795
    -5.06893     0.30153
    -5.05793     0.23058
    -5.04693     0.16003
    -5.03593     0.10079
    -5.02493     0.05760
    -5.01293     0.02986
    -5.00193     0.01404
    -4.99093     0.00599
    -4.97993     0.00232
    -4.96893     0.00081
    -4.95793     0.00026
    -4.94693     0.00007
    -4.93493     0.00002
    -4.92393     0.00000
    -4.91293     0.00000
    -4.90193     0.00000
    -4.89093     0.00000
    -4.87993     0.00000
    -4.86793     0.00001
    -4.85693     0.00004
    -4.84593     0.00013
    -4.83493     0.00040
    -4.82393     0.00118
    -4.81293     0.00313
    -4.80093     0.00753
    -4.78993     0.01643
    -4.77893     0.03256
    -4.76793     0.05854
    -4.75693     0.09557
    -4.74593     0.14166
    -4.73493     0.19065
    -4.72293     0.23304
    -4.71193     0.25872
    -4.70093     0.26092
    -4.68993     0.23907
    -4.67893     0.19901
    -4.66793     0.15055
    -4.65593     0.10347
    -4.64493     0.06465
    -4.63393     0.03678
    -4.62293     0.01921
    -4.61193     0.00974
    -4.60093     0.00619
    -4.58993     0.00752
    -4.57793     0.01435
    -4.56693     0.02878
    -4.55593     0.05368
    -4.54493     0.09104
    -4.53393     0.14003
    -4.52293     0.19513
    -4.51093     0.24630
    -4.49993     0.28169
    -4.48893     0.29187
    -4.47793     0.27407
    -4.46693     0.23322
    -4.45593     0.18008
    -4.44393     0.12672
    -4.43293     0.08252
    -4.42193     0.05245
    -4.41093     0.03759
    -4.39993     0.03703
    -4.38893     0.04961
    -4.37793     0.07492
    -4.36593     0.11331
    -4.35493     0.16499
    -4.34393     0.22849
    -4.33293     0.29908
    -4.32193     0.36763
    -4.31093     0.42186
    -4.29893     0.44964
    -4.28793     0.44406
    -4.27693     0.40736
    -4.26593     0.35183
    -4.25493     0.29746
    -4.24393     0.26672
    -4.23293     0.27850
    -4.22093     0.34224
    -4.20993     0.45350
    -4.19893     0.59261
    -4.18793     0.72756
    -4.17693     0.82456
    -4.16593     0.85791
    -4.15393     0.82106
    -4.14293     0.72511
    -4.13193     0.59417
    -4.12093     0.45530
    -4.10993     0.32740
    -4.09893     0.22209
    -4.08793     0.14223
    -4.07593     0.08579
    -4.06493     0.04850
    -4.05393     0.02555
    -4.04293     0.01247
    -4.03193     0.00565
    -4.02093     0.00248
    -4.00893     0.00138
    -3.99793     0.00164
    -3.98693     0.00322
    -3.97593     0.00664
    -3.96493     0.01270
    -3.95393     0.02215
    -3.94193     0.03529
    -3.93093     0.05163
    -3.91993     0.07017
    -3.90893     0.09028
    -3.89793     0.11278
    -3.88693     0.14045
    -3.87593     0.17682
    -3.86393     0.22340
    -3.85293     0.27667
    -3.84193     0.32745
    -3.83093     0.36359
    -3.81993     0.37594
    -3.80893     0.36403
    -3.79693     0.33808
    -3.78593     0.31636
    -3.77493     0.31850
    -3.76393     0.35852
    -3.75293     0.43973
    -3.74193     0.55319
    -3.73093     0.67931
    -3.71893     0.79191
    -3.70793     0.86597
    -3.69693     0.88195
    -3.68593     0.83390
    -3.67493     0.73105
    -3.66393     0.59451
    -3.65193     0.45162
    -3.64093     0.33011
    -3.62993     0.25236
    -3.61893     0.23369
    -3.60793     0.28163
    -3.59693     0.39472
    -3.58493     0.56003
    -3.57393     0.75187
    -3.56293     0.93400
    -3.55193     1.06931
    -3.54093     1.13159
    -3.52993     1.11318
    -3.51893     1.02729
    -3.50693     0.90015
    -3.49593     0.76105
    -3.48493     0.63136
    -3.47393     0.52464
    -3.46293     0.44580
    -3.45193     0.39598
    -3.43993     0.37493
    -3.42893     0.38146
    -3.41793     0.41239
    -3.40693     0.46194
    -3.39593     0.52246
    -3.38493     0.58688
    -3.37393     0.65109
    -3.36193     0.71598
    -3.35093     0.78480
    -3.33993     0.86110
    -3.32893     0.94089
    -3.31793     1.01081
    -3.30693     1.05004
    -3.29493     1.03814
    -3.28393     0.96447
    -3.27293     0.83403
    -3.26193     0.66713
    -3.25093     0.49180
    -3.23993     0.33382
    -3.22893     0.21062
    -3.21693     0.12947
    -3.20593     0.09121
    -3.19493     0.09584
    -3.18393     0.14621
    -3.17293     0.24777
    -3.16193     0.40337
    -3.14993     0.60554
    -3.13893     0.83000
    -3.12793     1.03658
    -3.11693     1.17842
    -3.10593     1.21937
    -3.09493     1.14884
    -3.08293     0.98595
    -3.07193     0.77151
    -3.06093     0.55215
    -3.04993     0.36501
    -3.03893     0.23019
    -3.02793     0.15385
    -3.01693     0.13510
    -3.00493     0.17257
    -2.99393     0.26661
    -2.98293     0.41634
    -2.97193     0.61374
    -2.96093     0.83920
    -2.94993     1.06122
    -2.93793     1.24312
    -2.92693     1.35491
    -2.91593     1.38296
    -2.90493     1.33466
    -2.89393     1.23480
    -2.88293     1.11553
    -2.87193     1.00611
    -2.85993     0.92752
    -2.84893     0.89184
    -2.83793     0.90374
    -2.82693     0.96249
    -2.81593     1.06086
    -2.80493     1.18251
    -2.79293     1.30156
    -2.78193     1.38552
    -2.77093     1.40370
    -2.75993     1.34052
    -2.74893     1.20291
    -2.73793     1.01977
    -2.72593     0.83251
    -2.71493     0.67947
    -2.70393     0.58243
    -2.69293     0.54251
    -2.68193     0.54398
    -2.67093     0.56566
    -2.65993     0.58970
    -2.64793     0.60833
    -2.63693     0.62290
    -2.62593     0.64087
    -2.61493     0.66914
    -2.60393     0.71120
    -2.59293     0.76386
    -2.58093     0.82048
    -2.56993     0.87235
    -2.55893     0.91237
    -2.54793     0.93673
    -2.53693     0.94579
    -2.52593     0.94295
    -2.51493     0.93239
    -2.50293     0.91810
    -2.49193     0.90160
    -2.48093     0.88479
    -2.46993     0.87316
    -2.45893     0.87442
    -2.44793     0.89620
    -2.43593     0.93718
    -2.42493     0.98473
    -2.41393     1.01714
    -2.40293     1.01291
    -2.39193     0.96029
    -2.38093     0.86347
    -2.36993     0.74086
    -2.35793     0.61743
    -2.34693     0.51673
    -2.33593     0.45500
    -2.32493     0.44095
    -2.31393     0.47568
    -2.30293     0.55338
    -2.29093     0.66000
    -2.27993     0.77615
    -2.26893     0.87835
    -2.25793     0.94627
    -2.24693     0.96803
    -2.23593     0.94258
    -2.22393     0.87736
    -2.21293     0.78648
    -2.20193     0.68663
    -2.19093     0.59500
    -2.17993     0.52446
    -2.16893     0.48240
    -2.15793     0.47185
    -2.14593     0.49399
    -2.13493     0.55265
    -2.12393     0.65567
    -2.11293     0.81242
    -2.10193     1.02802
    -2.09093     1.29573
    -2.07893     1.59189
    -2.06793     1.87478
    -2.05693     2.09213
    -2.04593     2.19447
    -2.03493     2.15595
    -2.02393     1.98655
    -2.01293     1.73384
    -2.00093     1.46854
    -1.98993     1.25779
    -1.97893     1.14239
    -1.96793     1.12531
    -1.95693     1.17604
    -1.94593     1.24416
    -1.93393     1.28021
    -1.92293     1.25043
    -1.91193     1.14401
    -1.90093     0.97577
    -1.88993     0.77435
    -1.87893     0.57585
    -1.86693     0.40995
    -1.85593     0.29538
    -1.84493     0.23781
    -1.83393     0.23261
    -1.82293     0.26942
    -1.81193     0.33659
    -1.80093     0.42441
    -1.78893     0.52556
    -1.77793     0.63301
    -1.76693     0.73565
    -1.75593     0.81744
    -1.74493     0.85930
    -1.73393     0.84813
    -1.72193     0.78527
    -1.71093     0.68963
    -1.69993     0.59440
    -1.68893     0.53550
    -1.67793     0.54036
    -1.66693     0.61747
    -1.65593     0.75289
    -1.64393     0.91241
    -1.63293     1.05362
    -1.62193     1.13708
    -1.61093     1.13959
    -1.59993     1.06018
    -1.58893     0.91712
    -1.57693     0.73997
    -1.56593     0.55840
    -1.55493     0.39770
    -1.54393     0.27403
    -1.53293     0.19563
    -1.52193     0.16457
    -1.50993     0.17936
    -1.49893     0.23600
    -1.48793     0.32766
    -1.47693     0.44357
    -1.46593     0.56797
    -1.45493     0.68117
    -1.44393     0.76422
    -1.43193     0.80199
    -1.42093     0.79099
    -1.40993     0.73866
    -1.39893     0.66123
    -1.38793     0.57753
    -1.37693     0.50503
    -1.36493     0.45547
    -1.35393     0.43634
    -1.34293     0.45349
    -1.33193     0.51253
    -1.32093     0.61708
    -1.30993     0.76304
    -1.29893     0.93307
    -1.28693     1.09605
    -1.27593     1.21382
    -1.26493     1.25510
    -1.25393     1.20924
    -1.24293     1.08952
    -1.23193     0.92925
    -1.21993     0.76605
    -1.20893     0.63060
    -1.19793     0.53811
    -1.18693     0.49032
    -1.17593     0.47885
    -1.16493     0.49000
    -1.15393     0.50564
    -1.14193     0.50907
    -1.13093     0.48638
    -1.11993     0.43412
    -1.10893     0.35933
    -1.09793     0.27688
    -1.08693     0.20488
    -1.07493     0.15860
    -1.06393     0.14795
    -1.05293     0.17642
    -1.04193     0.24176
    -1.03093     0.33549
    -1.01993     0.44343
    -1.00793     0.54698
    -0.99693     0.62790
    -0.98593     0.67261
    -0.97493     0.67649
    -0.96393     0.64380
    -0.95293     0.58369
    -0.94193     0.50704
    -0.92993     0.42370
    -0.91893     0.34230
    -0.90793     0.27200
    -0.89693     0.22269
    -0.88593     0.20380
    -0.87493     0.22124
    -0.86293     0.27399
    -0.85193     0.35186
    -0.84093     0.43627
    -0.82993     0.50455
    -0.81893     0.53634
    -0.80793     0.52271
    -0.79693     0.46697
    -0.78493     0.38395
    -0.77393     0.29308
    -0.76293     0.21111
    -0.75193     0.14734
    -0.74093     0.10327
    -0.72993     0.07556
    -0.71793     0.05984
    -0.70693     0.05350
    -0.69593     0.05659
    -0.68493     0.07115
    -0.67393     0.09956
    -0.66293     0.14295
    -0.65093     0.20015
    -0.63993     0.26718
    -0.62893     0.33748
    -0.61793     0.40200
    -0.60693     0.45045
    -0.59593     0.47246
    -0.58493     0.46168
    -0.57293     0.41813
    -0.56193     0.34930
    -0.55093     0.26801
    -0.53993     0.18841
    -0.52893     0.12133
    -0.51793     0.07196
    -0.50593     0.04040
    -0.49493     0.02352
    -0.48393     0.01766
    -0.47293     0.02025
    -0.46193     0.03061
    -0.45093     0.04979
    -0.43993     0.07979
    -0.42793     0.12222
    -0.41693     0.17641
    -0.40593     0.23784
    -0.39493     0.29730
    -0.38393     0.34292
    -0.37293     0.36382
    -0.36093     0.35485
    -0.34993     0.31898
    -0.33893     0.26653
    -0.32793     0.21072
    -0.31693     0.16259
    -0.30593     0.12765
    -0.29493     0.10581
    -0.28293     0.09380
    -0.27193     0.08840
    -0.26093     0.08852
    -0.24993     0.09538
    -0.23893     0.11066
    -0.22793     0.13404
    -0.21593     0.16164
    -0.20493     0.18630
    -0.19393     0.20026
    -0.18293     0.19840
    -0.17193     0.18075
    -0.16093     0.15254
    -0.14893     0.12172
    -0.13793     0.09547
    -0.12693     0.07762
    -0.11593     0.06791
    -0.10493     0.06323
    -0.09393     0.05964
    -0.08293     0.05445
    -0.07093     0.04683
    -0.05993     0.03766
    -0.04893     0.02854
    -0.03793     0.02087
    -0.02693     0.01530
    -0.01593     0.01190
    -0.00393     0.01050
     0.00707     0.01112
     0.01807     0.01403
     0.02907     0.01959
     0.04007     0.02790
     0.05107     0.03854
     0.06207     0.05054
     0.07407     0.06262
     0.08507     0.07344
     0.09607     0.08185
     0.10707     0.08675
     0.11807     0.08722
     0.12907     0.08280
     0.14107     0.07384
     0.15207     0.06195
     0.16307     0.04971
     0.17407     0.03990
     0.18507     0.03476
     0.19607     0.03512
     0.20807     0.04011
     0.21907     0.04743
     0.23007     0.05402
     0.24107     0.05714
     0.25207     0.05524
     0.26307     0.04858
     0.27407     0.03874
     0.28607     0.02800
     0.29707     0.01834
     0.30807     0.01088
     0.31907     0.00585
     0.33007     0.00285
     0.34107     0.00126
     0.35307     0.00052
     0.36407     0.00023
     0.37507     0.00021
     0.38607     0.00041
     0.39707     0.00096
     0.40807     0.00211
     0.41907     0.00422
     0.43107     0.00765
     0.44207     0.01256
     0.45307     0.01867
     0.46407     0.02515
     0.47507     0.03069
     0.48607     0.03393
     0.49807     0.03399
     0.50907     0.03084
     0.52007     0.02536
     0.53107     0.01889
     0.54207     0.01275
     0.55307     0.00780
     0.56507     0.00434
     0.57607     0.00224
     0.58707     0.00119
     0.59807     0.00089
     0.60907     0.00123
     0.62007     0.00219
     0.63107     0.00388
     0.64307     0.00633
     0.65407     0.00937
     0.66507     0.01258
     0.67607     0.01531
     0.68707     0.01687
     0.69807     0.01684
     0.71007     0.01524
     0.72107     0.01249
     0.73207     0.00927
     0.74307     0.00624
     0.75407     0.00382
     0.76507     0.00214
     0.77607     0.00115
     0.78807     0.00068
     0.79907     0.00057
     0.81007     0.00068
     0.82107     0.00093
     0.83207     0.00123
     0.84307     0.00149
     0.85507     0.00165
     0.86607     0.00166
     0.87707     0.00153
     0.88807     0.00134
     0.89907     0.00123
     0.91007     0.00142
     0.92107     0.00221
     0.93307     0.00401
     0.94407     0.00724
     0.95507     0.01220
     0.96607     0.01875
     0.97707     0.02616
     0.98807     0.03310
     1.00007     0.03794
     1.01107     0.03941
     1.02207     0.03709
     1.03307     0.03163
     1.04407     0.02446
     1.05507     0.01721
     1.06707     0.01120
     1.07807     0.00722
     1.08907     0.00572
     1.10007     0.00714
     1.11107     0.01214
     1.12207     0.02158
     1.13307     0.03596
     1.14507     0.05475
     1.15607     0.07583
     1.16707     0.09563
     1.17807     0.11031
     1.18907     0.11759
     1.20007     0.11787
     1.21207     0.11446
     1.22307     0.11197
     1.23407     0.11429
     1.24507     0.12289
     1.25607     0.13723
     1.26707     0.15579
     1.27807     0.17728
     1.29007     0.20061
     1.30107     0.22366
     1.31207     0.24213
     1.32307     0.25020
     1.33407     0.24293
     1.34507     0.21931
     1.35707     0.18364
     1.36807     0.14461
     1.37907     0.11243
     1.39007     0.09588
     1.40107     0.10034
     1.41207     0.12660
     1.42407     0.17068
     1.43507     0.22427
     1.44607     0.27610
     1.45707     0.31536
     1.46807     0.33504
     1.47907     0.33409
     1.49007     0.31737
     1.50207     0.29309
     1.51307     0.27031
     1.52407     0.25726
     1.53507     0.26145
     1.54607     0.28971
     1.55707     0.34683
     1.56907     0.43258
     1.58007     0.53872
     1.59107     0.64830
     1.60207     0.73971
     1.61307     0.79299
     1.62407     0.79671
     1.63507     0.75100
     1.64707     0.66633
     1.65807     0.55792
     1.66907     0.44226
     1.68007     0.33349
     1.69107     0.24305
     1.70207     0.17932
     1.71407     0.14778
     1.72507     0.15089
     1.73607     0.18790
     1.74707     0.25410
     1.75807     0.34006
     1.76907     0.43119
     1.78007     0.50923
     1.79207     0.55652
     1.80307     0.56128
     1.81407     0.52239
     1.82507     0.44957
     1.83607     0.36182
     1.84707     0.27880
     1.85907     0.21551
     1.87007     0.17768
     1.88107     0.16209
     1.89207     0.15962
     1.90307     0.16040
     1.91407     0.15816
     1.92607     0.15287
     1.93707     0.15036
     1.94807     0.15978
     1.95907     0.19022
     1.97007     0.24739
     1.98107     0.33175
     1.99207     0.43737
     2.00407     0.55258
     2.01507     0.66186
     2.02607     0.74926
     2.03707     0.80398
     2.04807     0.82558
     2.05907     0.82571
     2.07107     0.82622
     2.08207     0.84956
     2.09307     0.90916
     2.10407     1.00099
     2.11507     1.10456
     2.12607     1.19094
     2.13707     1.23698
     2.14907     1.23367
     2.16007     1.18751
     2.17107     1.11200
     2.18207     1.01942
     2.19307     0.91549
     2.20407     0.80109
     2.21607     0.68000
     2.22707     0.56238
     2.23807     0.46369
     2.24907     0.39829
     2.26007     0.37204
     2.27107     0.37886
     2.28307     0.40336
     2.29407     0.42768
     2.30507     0.43978
     2.31607     0.43761
     2.32707     0.42756
     2.33807     0.41855
     2.34907     0.41583
     2.36107     0.41982
     2.37207     0.43056
     2.38307     0.45417
     2.39407     0.50614
     2.40507     0.60757
     2.41607     0.77528
     2.42807     1.00898
     2.43907     1.28412
     2.45007     1.55420
     2.46107     1.76263
     2.47207     1.86347
     2.48307     1.83498
     2.49407     1.68902
     2.50607     1.46392
     2.51707     1.20796
     2.52807     0.96256
     2.53907     0.75133
     2.55007     0.58064
     2.56107     0.44693
     2.57307     0.34538
     2.58407     0.27409
     2.59507     0.23290
     2.60607     0.21932
     2.61707     0.22594
     2.62807     0.24071
     2.63907     0.25089
     2.65107     0.24789
     2.66207     0.23084
     2.67307     0.20649
     2.68407     0.18610
     2.69507     0.18033
     2.70607     0.19505
     2.71807     0.22967
     2.72907     0.27931
     2.74007     0.33924
     2.75107     0.40951
     2.76207     0.49615
     2.77307     0.60600
     2.78507     0.73842
     2.79607     0.87793
     2.80707     0.99459
     2.81807     1.05414
     2.82907     1.03268
     2.84007     0.92879
     2.85107     0.76499
     2.86307     0.57781
     2.87407     0.40417
     2.88507     0.27008
     2.89607     0.18584
     2.90707     0.14871
     2.91807     0.14764
     2.93007     0.16813
     2.94107     0.19577
     2.95207     0.21819
     2.96307     0.22733
     2.97407     0.22093
     2.98507     0.20315
     2.99607     0.18360
     3.00807     0.17505
     3.01907     0.19026
     3.03007     0.23882
     3.04107     0.32559
     3.05207     0.45009
     3.06307     0.60746
     3.07507     0.78901
     3.08607     0.98151
     3.09707     1.16594
     3.10807     1.31639
     3.11907     1.40411
     3.13007     1.40595
     3.14207     1.31396
     3.15307     1.14121
     3.16407     0.91865
     3.17507     0.68615
     3.18607     0.47864
     3.19707     0.31810
     3.20807     0.21060
     3.22007     0.15059
     3.23107     0.12812
     3.24207     0.13598
     3.25307     0.17401
     3.26407     0.24854
     3.27507     0.36707
     3.28707     0.52919
     3.29807     0.71888
     3.30907     0.90307
     3.32007     1.03980
     3.33107     1.09483
     3.34207     1.05665
     3.35307     0.94403
     3.36507     0.79827
     3.37607     0.66694
     3.38707     0.58606
     3.39807     0.57018
     3.40907     0.61295
     3.42007     0.69623
     3.43207     0.80092
     3.44307     0.91369
     3.45407     1.02736
     3.46507     1.13551
     3.47607     1.22859
     3.48707     1.29201
     3.49907     1.31097
     3.51007     1.27758
     3.52107     1.19475
     3.53207     1.07674
     3.54307     0.94428
     3.55407     0.81797
     3.56507     0.71318
     3.57707     0.63727
     3.58807     0.59067
     3.59907     0.56932
     3.61007     0.56762
     3.62107     0.57957
     3.63207     0.59731
     3.64407     0.61073
     3.65507     0.60868
     3.66607     0.58325
     3.67707     0.53400
     3.68807     0.46902
     3.69907     0.40206
     3.71007     0.34732
     3.72207     0.31552
     3.73307     0.31329
     3.74407     0.34456
     3.75507     0.41209
     3.76607     0.51770
     3.77707     0.66072
     3.78907     0.83528
     3.80007     1.02835
     3.81107     1.21892
     3.82207     1.38180
     3.83307     1.49194
     3.84407     1.53561
     3.85507     1.51547
     3.86707     1.45147
     3.87807     1.37375
     3.88907     1.31007
     3.90007     1.27247
     3.91107     1.25229
     3.92207     1.22355
     3.93407     1.15906
     3.94507     1.04215
     3.95607     0.87714
     3.96707     0.68570
     3.97807     0.49748
     3.98907     0.33861
     4.00107     0.22511
     4.01207     0.16285
     4.02307     0.15136
     4.03407     0.18802
     4.04507     0.26940
     4.05607     0.38959
     4.06707     0.53721
     4.07907     0.69350
     4.09007     0.83413
     4.10107     0.93413
     4.11207     0.97460
     4.12307     0.94867
     4.13407     0.86398
     4.14607     0.74140
     4.15707     0.60996
     4.16807     0.49923
     4.17907     0.43211
     4.19007     0.41936
     4.20107     0.45800
     4.21207     0.53358
     4.22407     0.62545
     4.23507     0.71261
     4.24607     0.77829
     4.25707     0.81244
     4.26807     0.81104
     4.27907     0.77491
     4.29107     0.70842
     4.30207     0.61980
     4.31307     0.52126
     4.32407     0.42796
     4.33507     0.35477
     4.34607     0.31172
     4.35807     0.30023
     4.36907     0.31284
     4.38007     0.33637
     4.39107     0.35763
     4.40207     0.36920
     4.41307     0.37239
     4.42407     0.37590
     4.43607     0.39116
     4.44707     0.42547
     4.45807     0.47662
     4.46907     0.53199
     4.48007     0.57253
     4.49107     0.58032
     4.50307     0.54640
     4.51407     0.47457
     4.52507     0.37951
     4.53607     0.28073
     4.54707     0.19623
     4.55807     0.13878
     4.56907     0.11614
     4.58107     0.13291
     4.59207     0.19181
     4.60307     0.29204
     4.61407     0.42603
     4.62507     0.57675
     4.63607     0.71884
     4.64807     0.82583
     4.65907     0.87878
     4.67007     0.87359
     4.68107     0.82119
     4.69207     0.74094
     4.70307     0.65111
     4.71407     0.56330
     4.72607     0.48218
     4.73707     0.41027
     4.74807     0.35316
     4.75907     0.32113
     4.77007     0.32618
     4.78107     0.37700
     4.79307     0.47381
     4.80407     0.60581
     4.81507     0.75225
     4.82607     0.88767
     4.83707     0.98845
     4.84807     1.04050
     4.86007     1.04186
     4.87107     1.00254
     4.88207     0.93791
     4.89307     0.86332
     4.90407     0.78650
     4.91507     0.71052
     4.92607     0.63346
     4.93807     0.55686
     4.94907     0.48592
     4.96007     0.42808
     4.97107     0.38805
     4.98207     0.36454
     4.99307     0.35166
     5.00507     0.34435
     5.01607     0.34399
     5.02707     0.36005
     5.03807     0.40556
     5.04907     0.48826
     5.06007     0.60245
     5.07107     0.72687
     5.08307     0.83113
     5.09407     0.88808
     5.10507     0.88665
     5.11607     0.83721
     5.12707     0.76703
     5.13807     0.70779
     5.15007     0.68304
     5.16107     0.70090
     5.17207     0.75477
     5.18307     0.82988
     5.19407     0.91031
     5.20507     0.98664
     5.21707     1.05483
     5.22807     1.11422
     5.23907     1.16239
     5.25007     1.19104
     5.26107     1.18945
     5.27207     1.14788
     5.28307     1.06669
     5.29507     0.95658
     5.30607     0.83417
     5.31707     0.71512
     5.32807     0.60880
     5.33907     0.51685
     5.35007     0.43723
     5.36207     0.36852
     5.37307     0.31258
     5.38407     0.27499
     5.39507     0.26252
     5.40607     0.28005
     5.41707     0.32747
     5.42807     0.39761
     5.44007     0.47634
     5.45107     0.54519
     5.46207     0.58676
     5.47307     0.59032
     5.48407     0.55595
     5.49507     0.49433
     5.50707     0.42213
     5.51807     0.35637
     5.52907     0.30931
     5.54007     0.28680
     5.55107     0.28844
     5.56207     0.30864
     5.57407     0.33848
     5.58507     0.36826
     5.59607     0.39109
     5.60707     0.40580
     5.61807     0.41656
     5.62907     0.42911
     5.64007     0.44578
     5.65207     0.46262
     5.66307     0.47128
     5.67407     0.46354
     5.68507     0.43572
     5.69607     0.38977
     5.70707     0.33158
     5.71907     0.26830
     5.73007     0.20613
     5.74107     0.14987
     5.75207     0.10287
     5.76307     0.06707
     5.77407     0.04306
     5.78507     0.03018
     5.79707     0.02688
     5.80807     0.03091
     5.81907     0.03951
     5.83007     0.04948
     5.84107     0.05755
     5.85207     0.06109
     5.86407     0.05889
     5.87507     0.05146
     5.88607     0.04074
     5.89707     0.02923
     5.90807     0.01900
     5.91907     0.01119
     5.93007     0.00597
     5.94207     0.00288
     5.95307     0.00126
     5.96407     0.00050
     5.97507     0.00018
     5.98607     0.00006
     5.99707     0.00002
     6.00907     0.00000
     6.02007     0.00000
     6.03107     0.00000
     6.04207     0.00000
     6.05307     0.00000
     6.06407     0.00000
     6.07607     0.00000
     6.08707     0.00000
     6.09807     0.00000
     6.10907     0.00000
     6.12007     0.00000
     6.13107     0.00000
     6.14207     0.00000
     6.15407     0.00000
     6.16507     0.00000
     6.17607     0.00000
     6.18707     0.00000
     6.19807     0.00000
     6.20907     0.00000
     6.22107     0.00000
     6.23207     0.00000
     6.24307     0.00000
     6.25407     0.00000
     6.26507     0.00000
     6.27607     0.00000
     6.28707     0.00000
     6.29907     0.00000
     6.31007     0.00000
     6.32107     0.00000
     6.33207     0.00000
     6.34307     0.00000
     6.35407     0.00000
     6.36607     0.00000
     6.37707     0.00000
     6.38807     0.00000
     6.39907     0.00000
     6.41007     0.00000
     6.42107     0.00000
     6.43307     0.00000
     6.44407     0.00000
     6.45507     0.00000
     6.46607     0.00000
     6.47707     0.00000
     6.48807     0.00000
     6.49907     0.00000
     6.51107     0.00000
     6.52207     0.00000
     6.53307     0.00000
     6.54407     0.00000
     6.55507     0.00000
     6.56607     0.00000
     6.57807     0.00000
     6.58907     0.00000
     6.60007     0.00000
     6.61107     0.00000
     6.62207     0.00000
     6.63307     0.00000
     6.64407     0.00000
     6.65607     0.00000
     6.66707     0.00000
     6.67807     0.00000
     6.68907     0.00000
     6.70007     0.00000
     6.71107     0.00000
     6.72307     0.00000
     6.73407     0.00000
     6.74507     0.00000
     6.75607     0.00000
     6.76707     0.00000
     6.77807     0.00000
     6.78907     0.00000
     6.80107     0.00000
     6.81207     0.00000
     6.82307     0.00000
     6.83407     0.00000
     6.84507     0.00000
     6.85607     0.00000
     6.86807     0.00000
     6.87907     0.00000
     6.89007     0.00000
     6.90107     0.00000
     6.91207     0.00000
     6.92307     0.00000
     6.93507     0.00000
     6.94607     0.00000
     6.95707     0.00000
     6.96807     0.00000
     6.97907     0.00000
     6.99007     0.00000
     7.00107     0.00000
     7.01307     0.00000
     7.02407     0.00000
     7.03507     0.00000
     7.04607     0.00000
     7.05707     0.00000
     7.06807     0.00000
     7.08007     0.00000
     7.09107     0.00000
     7.10207     0.00000
     7.11307     0.00000
     7.12407     0.00000
     7.13507     0.00000
     7.14607     0.00000
     7.15807     0.00000
     7.16907     0.00000
     7.18007     0.00000
     7.19107     0.00000
     7.20207     0.00000
     7.21307     0.00000
     7.22507     0.00000
     7.23607     0.00000
     7.24707     0.00000
     7.25807     0.00000
     7.26907     0.00000
     7.28007     0.00000
     7.29207     0.00000
     7.30307     0.00000
     7.31407     0.00000
     7.32507     0.00000
     7.33607     0.00000
     7.34707     0.00000
     7.35807     0.00000
     7.37007     0.00000
