     #Energy      1&3_px
   -26.09793     0.00000
   -26.08693     0.00000
   -26.07593     0.00000
   -26.06493     0.00000
   -26.05293     0.00000
   -26.04193     0.00000
   -26.03093     0.00000
   -26.01993     0.00000
   -26.00893     0.00000
   -25.99793     0.00000
   -25.98693     0.00000
   -25.97493     0.00000
   -25.96393     0.00000
   -25.95293     0.00000
   -25.94193     0.00000
   -25.93093     0.00000
   -25.91993     0.00000
   -25.90793     0.00000
   -25.89693     0.00000
   -25.88593     0.00000
   -25.87493     0.00000
   -25.86393     0.00000
   -25.85293     0.00000
   -25.84193     0.00000
   -25.82993     0.00000
   -25.81893     0.00000
   -25.80793     0.00000
   -25.79693     0.00000
   -25.78593     0.00000
   -25.77493     0.00000
   -25.76293     0.00000
   -25.75193     0.00000
   -25.74093     0.00000
   -25.72993     0.00000
   -25.71893     0.00000
   -25.70793     0.00000
   -25.69593     0.00000
   -25.68493     0.00000
   -25.67393     0.00000
   -25.66293     0.00000
   -25.65193     0.00000
   -25.64093     0.00000
   -25.62993     0.00000
   -25.61793     0.00000
   -25.60693     0.00000
   -25.59593     0.00000
   -25.58493     0.00000
   -25.57393     0.00000
   -25.56293     0.00000
   -25.55093     0.00000
   -25.53993     0.00000
   -25.52893     0.00000
   -25.51793     0.00000
   -25.50693     0.00000
   -25.49593     0.00000
   -25.48493     0.00000
   -25.47293     0.00000
   -25.46193     0.00000
   -25.45093     0.00000
   -25.43993     0.00000
   -25.42893     0.00000
   -25.41793     0.00000
   -25.40593     0.00000
   -25.39493     0.00000
   -25.38393     0.00000
   -25.37293     0.00000
   -25.36193     0.00000
   -25.35093     0.00000
   -25.33993     0.00000
   -25.32793     0.00000
   -25.31693     0.00000
   -25.30593     0.00000
   -25.29493     0.00000
   -25.28393     0.00000
   -25.27293     0.00000
   -25.26093     0.00000
   -25.24993     0.00000
   -25.23893     0.00000
   -25.22793     0.00000
   -25.21693     0.00000
   -25.20593     0.00000
   -25.19393     0.00000
   -25.18293     0.00000
   -25.17193     0.00000
   -25.16093     0.00000
   -25.14993     0.00000
   -25.13893     0.00000
   -25.12793     0.00000
   -25.11593     0.00000
   -25.10493     0.00000
   -25.09393     0.00000
   -25.08293     0.00000
   -25.07193     0.00000
   -25.06093     0.00000
   -25.04893     0.00000
   -25.03793     0.00000
   -25.02693     0.00000
   -25.01593     0.00000
   -25.00493     0.00000
   -24.99393     0.00000
   -24.98293     0.00000
   -24.97093     0.00000
   -24.95993     0.00000
   -24.94893     0.00000
   -24.93793     0.00000
   -24.92693     0.00000
   -24.91593     0.00000
   -24.90393     0.00000
   -24.89293     0.00000
   -24.88193     0.00000
   -24.87093     0.00000
   -24.85993     0.00000
   -24.84893     0.00000
   -24.83693     0.00000
   -24.82593     0.00000
   -24.81493     0.00000
   -24.80393     0.00000
   -24.79293     0.00000
   -24.78193     0.00000
   -24.77093     0.00000
   -24.75893     0.00000
   -24.74793     0.00000
   -24.73693     0.00000
   -24.72593     0.00000
   -24.71493     0.00000
   -24.70393     0.00000
   -24.69193     0.00000
   -24.68093     0.00000
   -24.66993     0.00000
   -24.65893     0.00000
   -24.64793     0.00000
   -24.63693     0.00000
   -24.62593     0.00000
   -24.61393     0.00000
   -24.60293     0.00001
   -24.59193     0.00001
   -24.58093     0.00002
   -24.56993     0.00002
   -24.55893     0.00003
   -24.54693     0.00005
   -24.53593     0.00008
   -24.52493     0.00013
   -24.51393     0.00022
   -24.50293     0.00038
   -24.49193     0.00063
   -24.48093     0.00101
   -24.46893     0.00151
   -24.45793     0.00212
   -24.44693     0.00278
   -24.43593     0.00338
   -24.42493     0.00383
   -24.41393     0.00401
   -24.40193     0.00390
   -24.39093     0.00353
   -24.37993     0.00298
   -24.36893     0.00240
   -24.35793     0.00189
   -24.34693     0.00155
   -24.33493     0.00139
   -24.32393     0.00141
   -24.31293     0.00156
   -24.30193     0.00178
   -24.29093     0.00201
   -24.27993     0.00220
   -24.26893     0.00230
   -24.25693     0.00232
   -24.24593     0.00225
   -24.23493     0.00212
   -24.22393     0.00196
   -24.21293     0.00183
   -24.20193     0.00177
   -24.18993     0.00181
   -24.17893     0.00195
   -24.16793     0.00214
   -24.15693     0.00233
   -24.14593     0.00242
   -24.13493     0.00236
   -24.12393     0.00213
   -24.11193     0.00177
   -24.10093     0.00135
   -24.08993     0.00095
   -24.07893     0.00063
   -24.06793     0.00039
   -24.05693     0.00024
   -24.04493     0.00015
   -24.03393     0.00011
   -24.02293     0.00008
   -24.01193     0.00006
   -24.00093     0.00005
   -23.98993     0.00004
   -23.97793     0.00004
   -23.96693     0.00005
   -23.95593     0.00009
   -23.94493     0.00017
   -23.93393     0.00033
   -23.92293     0.00062
   -23.91193     0.00108
   -23.89993     0.00176
   -23.88893     0.00265
   -23.87793     0.00369
   -23.86693     0.00477
   -23.85593     0.00571
   -23.84493     0.00632
   -23.83293     0.00649
   -23.82193     0.00618
   -23.81093     0.00550
   -23.79993     0.00457
   -23.78893     0.00358
   -23.77793     0.00264
   -23.76693     0.00184
   -23.75493     0.00122
   -23.74393     0.00076
   -23.73293     0.00044
   -23.72193     0.00024
   -23.71093     0.00012
   -23.69993     0.00006
   -23.68793     0.00002
   -23.67693     0.00001
   -23.66593     0.00000
   -23.65493     0.00000
   -23.64393     0.00000
   -23.63293     0.00000
   -23.62093     0.00000
   -23.60993     0.00000
   -23.59893     0.00000
   -23.58793     0.00000
   -23.57693     0.00000
   -23.56593     0.00000
   -23.55493     0.00000
   -23.54293     0.00000
   -23.53193     0.00000
   -23.52093     0.00000
   -23.50993     0.00000
   -23.49893     0.00000
   -23.48793     0.00000
   -23.47593     0.00000
   -23.46493     0.00000
   -23.45393     0.00000
   -23.44293     0.00000
   -23.43193     0.00000
   -23.42093     0.00000
   -23.40993     0.00000
   -23.39793     0.00000
   -23.38693     0.00000
   -23.37593     0.00000
   -23.36493     0.00000
   -23.35393     0.00000
   -23.34293     0.00000
   -23.33093     0.00000
   -23.31993     0.00000
   -23.30893     0.00000
   -23.29793     0.00000
   -23.28693     0.00000
   -23.27593     0.00000
   -23.26493     0.00000
   -23.25293     0.00000
   -23.24193     0.00000
   -23.23093     0.00000
   -23.21993     0.00000
   -23.20893     0.00000
   -23.19793     0.00000
   -23.18593     0.00000
   -23.17493     0.00000
   -23.16393     0.00000
   -23.15293     0.00000
   -23.14193     0.00000
   -23.13093     0.00000
   -23.11893     0.00000
   -23.10793     0.00000
   -23.09693     0.00000
   -23.08593     0.00000
   -23.07493     0.00000
   -23.06393     0.00000
   -23.05293     0.00000
   -23.04093     0.00000
   -23.02993     0.00000
   -23.01893     0.00000
   -23.00793     0.00000
   -22.99693     0.00000
   -22.98593     0.00000
   -22.97393     0.00000
   -22.96293     0.00000
   -22.95193     0.00000
   -22.94093     0.00000
   -22.92993     0.00000
   -22.91893     0.00000
   -22.90793     0.00000
   -22.89593     0.00000
   -22.88493     0.00000
   -22.87393     0.00000
   -22.86293     0.00000
   -22.85193     0.00000
   -22.84093     0.00000
   -22.82893     0.00000
   -22.81793     0.00000
   -22.80693     0.00000
   -22.79593     0.00000
   -22.78493     0.00000
   -22.77393     0.00000
   -22.76193     0.00000
   -22.75093     0.00000
   -22.73993     0.00000
   -22.72893     0.00000
   -22.71793     0.00000
   -22.70693     0.00000
   -22.69593     0.00000
   -22.68393     0.00000
   -22.67293     0.00000
   -22.66193     0.00000
   -22.65093     0.00000
   -22.63993     0.00000
   -22.62893     0.00000
   -22.61693     0.00000
   -22.60593     0.00000
   -22.59493     0.00000
   -22.58393     0.00000
   -22.57293     0.00000
   -22.56193     0.00000
   -22.55093     0.00000
   -22.53893     0.00000
   -22.52793     0.00000
   -22.51693     0.00000
   -22.50593     0.00000
   -22.49493     0.00000
   -22.48393     0.00000
   -22.47193     0.00000
   -22.46093     0.00000
   -22.44993     0.00000
   -22.43893     0.00000
   -22.42793     0.00000
   -22.41693     0.00000
   -22.40593     0.00000
   -22.39393     0.00000
   -22.38293     0.00000
   -22.37193     0.00000
   -22.36093     0.00000
   -22.34993     0.00000
   -22.33893     0.00000
   -22.32693     0.00000
   -22.31593     0.00000
   -22.30493     0.00000
   -22.29393     0.00000
   -22.28293     0.00000
   -22.27193     0.00000
   -22.25993     0.00000
   -22.24893     0.00000
   -22.23793     0.00000
   -22.22693     0.00000
   -22.21593     0.00000
   -22.20493     0.00000
   -22.19393     0.00000
   -22.18193     0.00000
   -22.17093     0.00000
   -22.15993     0.00000
   -22.14893     0.00000
   -22.13793     0.00000
   -22.12693     0.00000
   -22.11493     0.00000
   -22.10393     0.00000
   -22.09293     0.00000
   -22.08193     0.00000
   -22.07093     0.00000
   -22.05993     0.00000
   -22.04893     0.00000
   -22.03693     0.00000
   -22.02593     0.00000
   -22.01493     0.00000
   -22.00393     0.00000
   -21.99293     0.00000
   -21.98193     0.00000
   -21.96993     0.00000
   -21.95893     0.00000
   -21.94793     0.00000
   -21.93693     0.00000
   -21.92593     0.00000
   -21.91493     0.00000
   -21.90293     0.00000
   -21.89193     0.00000
   -21.88093     0.00000
   -21.86993     0.00000
   -21.85893     0.00000
   -21.84793     0.00000
   -21.83693     0.00000
   -21.82493     0.00000
   -21.81393     0.00000
   -21.80293     0.00000
   -21.79193     0.00000
   -21.78093     0.00000
   -21.76993     0.00000
   -21.75793     0.00000
   -21.74693     0.00000
   -21.73593     0.00000
   -21.72493     0.00000
   -21.71393     0.00000
   -21.70293     0.00000
   -21.69193     0.00000
   -21.67993     0.00000
   -21.66893     0.00000
   -21.65793     0.00000
   -21.64693     0.00000
   -21.63593     0.00000
   -21.62493     0.00000
   -21.61293     0.00000
   -21.60193     0.00000
   -21.59093     0.00000
   -21.57993     0.00000
   -21.56893     0.00000
   -21.55793     0.00000
   -21.54593     0.00000
   -21.53493     0.00000
   -21.52393     0.00000
   -21.51293     0.00000
   -21.50193     0.00000
   -21.49093     0.00000
   -21.47993     0.00000
   -21.46793     0.00000
   -21.45693     0.00000
   -21.44593     0.00000
   -21.43493     0.00000
   -21.42393     0.00000
   -21.41293     0.00000
   -21.40093     0.00000
   -21.38993     0.00000
   -21.37893     0.00000
   -21.36793     0.00000
   -21.35693     0.00000
   -21.34593     0.00000
   -21.33493     0.00000
   -21.32293     0.00000
   -21.31193     0.00000
   -21.30093     0.00000
   -21.28993     0.00000
   -21.27893     0.00000
   -21.26793     0.00000
   -21.25593     0.00000
   -21.24493     0.00000
   -21.23393     0.00000
   -21.22293     0.00000
   -21.21193     0.00000
   -21.20093     0.00000
   -21.18993     0.00000
   -21.17793     0.00000
   -21.16693     0.00000
   -21.15593     0.00000
   -21.14493     0.00000
   -21.13393     0.00000
   -21.12293     0.00000
   -21.11093     0.00000
   -21.09993     0.00000
   -21.08893     0.00000
   -21.07793     0.00000
   -21.06693     0.00000
   -21.05593     0.00000
   -21.04393     0.00000
   -21.03293     0.00000
   -21.02193     0.00000
   -21.01093     0.00000
   -20.99993     0.00000
   -20.98893     0.00000
   -20.97793     0.00000
   -20.96593     0.00000
   -20.95493     0.00000
   -20.94393     0.00000
   -20.93293     0.00000
   -20.92193     0.00000
   -20.91093     0.00000
   -20.89893     0.00000
   -20.88793     0.00000
   -20.87693     0.00000
   -20.86593     0.00000
   -20.85493     0.00000
   -20.84393     0.00000
   -20.83293     0.00000
   -20.82093     0.00000
   -20.80993     0.00000
   -20.79893     0.00000
   -20.78793     0.00000
   -20.77693     0.00000
   -20.76593     0.00000
   -20.75393     0.00000
   -20.74293     0.00000
   -20.73193     0.00000
   -20.72093     0.00000
   -20.70993     0.00000
   -20.69893     0.00000
   -20.68693     0.00000
   -20.67593     0.00000
   -20.66493     0.00000
   -20.65393     0.00000
   -20.64293     0.00000
   -20.63193     0.00000
   -20.62093     0.00000
   -20.60893     0.00000
   -20.59793     0.00000
   -20.58693     0.00000
   -20.57593     0.00000
   -20.56493     0.00000
   -20.55393     0.00000
   -20.54193     0.00000
   -20.53093     0.00000
   -20.51993     0.00000
   -20.50893     0.00000
   -20.49793     0.00000
   -20.48693     0.00000
   -20.47593     0.00000
   -20.46393     0.00000
   -20.45293     0.00000
   -20.44193     0.00000
   -20.43093     0.00000
   -20.41993     0.00000
   -20.40893     0.00000
   -20.39693     0.00000
   -20.38593     0.00000
   -20.37493     0.00000
   -20.36393     0.00000
   -20.35293     0.00000
   -20.34193     0.00000
   -20.33093     0.00000
   -20.31893     0.00000
   -20.30793     0.00000
   -20.29693     0.00000
   -20.28593     0.00000
   -20.27493     0.00000
   -20.26393     0.00000
   -20.25193     0.00000
   -20.24093     0.00000
   -20.22993     0.00000
   -20.21893     0.00000
   -20.20793     0.00000
   -20.19693     0.00000
   -20.18493     0.00000
   -20.17393     0.00000
   -20.16293     0.00000
   -20.15193     0.00000
   -20.14093     0.00000
   -20.12993     0.00000
   -20.11893     0.00000
   -20.10693     0.00000
   -20.09593     0.00000
   -20.08493     0.00000
   -20.07393     0.00000
   -20.06293     0.00000
   -20.05193     0.00000
   -20.03993     0.00000
   -20.02893     0.00000
   -20.01793     0.00000
   -20.00693     0.00000
   -19.99593     0.00000
   -19.98493     0.00000
   -19.97393     0.00000
   -19.96193     0.00000
   -19.95093     0.00000
   -19.93993     0.00000
   -19.92893     0.00000
   -19.91793     0.00000
   -19.90693     0.00000
   -19.89493     0.00000
   -19.88393     0.00000
   -19.87293     0.00000
   -19.86193     0.00000
   -19.85093     0.00000
   -19.83993     0.00000
   -19.82793     0.00000
   -19.81693     0.00000
   -19.80593     0.00000
   -19.79493     0.00000
   -19.78393     0.00000
   -19.77293     0.00000
   -19.76193     0.00000
   -19.74993     0.00000
   -19.73893     0.00000
   -19.72793     0.00000
   -19.71693     0.00000
   -19.70593     0.00000
   -19.69493     0.00000
   -19.68293     0.00000
   -19.67193     0.00000
   -19.66093     0.00000
   -19.64993     0.00000
   -19.63893     0.00000
   -19.62793     0.00000
   -19.61693     0.00000
   -19.60493     0.00000
   -19.59393     0.00000
   -19.58293     0.00000
   -19.57193     0.00000
   -19.56093     0.00000
   -19.54993     0.00000
   -19.53793     0.00000
   -19.52693     0.00000
   -19.51593     0.00000
   -19.50493     0.00000
   -19.49393     0.00000
   -19.48293     0.00000
   -19.47193     0.00000
   -19.45993     0.00000
   -19.44893     0.00000
   -19.43793     0.00000
   -19.42693     0.00000
   -19.41593     0.00000
   -19.40493     0.00000
   -19.39293     0.00000
   -19.38193     0.00000
   -19.37093     0.00000
   -19.35993     0.00000
   -19.34893     0.00000
   -19.33793     0.00000
   -19.32593     0.00000
   -19.31493     0.00000
   -19.30393     0.00000
   -19.29293     0.00000
   -19.28193     0.00000
   -19.27093     0.00000
   -19.25993     0.00000
   -19.24793     0.00000
   -19.23693     0.00000
   -19.22593     0.00000
   -19.21493     0.00000
   -19.20393     0.00000
   -19.19293     0.00000
   -19.18093     0.00000
   -19.16993     0.00000
   -19.15893     0.00000
   -19.14793     0.00000
   -19.13693     0.00000
   -19.12593     0.00000
   -19.11493     0.00000
   -19.10293     0.00000
   -19.09193     0.00000
   -19.08093     0.00000
   -19.06993     0.00000
   -19.05893     0.00000
   -19.04793     0.00000
   -19.03593     0.00000
   -19.02493     0.00000
   -19.01393     0.00000
   -19.00293     0.00000
   -18.99193     0.00000
   -18.98093     0.00000
   -18.96893     0.00000
   -18.95793     0.00000
   -18.94693     0.00000
   -18.93593     0.00000
   -18.92493     0.00000
   -18.91393     0.00000
   -18.90293     0.00000
   -18.89093     0.00000
   -18.87993     0.00000
   -18.86893     0.00000
   -18.85793     0.00000
   -18.84693     0.00000
   -18.83593     0.00000
   -18.82393     0.00000
   -18.81293     0.00000
   -18.80193     0.00000
   -18.79093     0.00000
   -18.77993     0.00000
   -18.76893     0.00000
   -18.75793     0.00000
   -18.74593     0.00000
   -18.73493     0.00000
   -18.72393     0.00000
   -18.71293     0.00000
   -18.70193     0.00000
   -18.69093     0.00000
   -18.67893     0.00000
   -18.66793     0.00000
   -18.65693     0.00000
   -18.64593     0.00000
   -18.63493     0.00000
   -18.62393     0.00000
   -18.61193     0.00000
   -18.60093     0.00000
   -18.58993     0.00000
   -18.57893     0.00000
   -18.56793     0.00000
   -18.55693     0.00000
   -18.54593     0.00000
   -18.53393     0.00000
   -18.52293     0.00000
   -18.51193     0.00000
   -18.50093     0.00000
   -18.48993     0.00000
   -18.47893     0.00000
   -18.46693     0.00000
   -18.45593     0.00000
   -18.44493     0.00000
   -18.43393     0.00000
   -18.42293     0.00000
   -18.41193     0.00000
   -18.40093     0.00000
   -18.38893     0.00000
   -18.37793     0.00000
   -18.36693     0.00000
   -18.35593     0.00000
   -18.34493     0.00000
   -18.33393     0.00000
   -18.32193     0.00000
   -18.31093     0.00000
   -18.29993     0.00000
   -18.28893     0.00000
   -18.27793     0.00000
   -18.26693     0.00000
   -18.25593     0.00000
   -18.24393     0.00000
   -18.23293     0.00000
   -18.22193     0.00000
   -18.21093     0.00000
   -18.19993     0.00000
   -18.18893     0.00000
   -18.17693     0.00000
   -18.16593     0.00000
   -18.15493     0.00000
   -18.14393     0.00000
   -18.13293     0.00000
   -18.12193     0.00000
   -18.10993     0.00000
   -18.09893     0.00000
   -18.08793     0.00000
   -18.07693     0.00000
   -18.06593     0.00000
   -18.05493     0.00000
   -18.04393     0.00000
   -18.03193     0.00000
   -18.02093     0.00000
   -18.00993     0.00000
   -17.99893     0.00000
   -17.98793     0.00000
   -17.97693     0.00000
   -17.96493     0.00000
   -17.95393     0.00000
   -17.94293     0.00000
   -17.93193     0.00000
   -17.92093     0.00000
   -17.90993     0.00000
   -17.89893     0.00000
   -17.88693     0.00000
   -17.87593     0.00000
   -17.86493     0.00000
   -17.85393     0.00000
   -17.84293     0.00000
   -17.83193     0.00000
   -17.81993     0.00000
   -17.80893     0.00000
   -17.79793     0.00000
   -17.78693     0.00000
   -17.77593     0.00000
   -17.76493     0.00000
   -17.75293     0.00000
   -17.74193     0.00000
   -17.73093     0.00000
   -17.71993     0.00000
   -17.70893     0.00000
   -17.69793     0.00000
   -17.68693     0.00000
   -17.67493     0.00000
   -17.66393     0.00000
   -17.65293     0.00000
   -17.64193     0.00000
   -17.63093     0.00000
   -17.61993     0.00000
   -17.60793     0.00000
   -17.59693     0.00000
   -17.58593     0.00000
   -17.57493     0.00000
   -17.56393     0.00000
   -17.55293     0.00000
   -17.54193     0.00000
   -17.52993     0.00000
   -17.51893     0.00000
   -17.50793     0.00000
   -17.49693     0.00000
   -17.48593     0.00000
   -17.47493     0.00000
   -17.46293     0.00000
   -17.45193     0.00000
   -17.44093     0.00000
   -17.42993     0.00000
   -17.41893     0.00000
   -17.40793     0.00000
   -17.39693     0.00000
   -17.38493     0.00000
   -17.37393     0.00000
   -17.36293     0.00000
   -17.35193     0.00000
   -17.34093     0.00000
   -17.32993     0.00000
   -17.31793     0.00000
   -17.30693     0.00000
   -17.29593     0.00000
   -17.28493     0.00000
   -17.27393     0.00000
   -17.26293     0.00000
   -17.25093     0.00000
   -17.23993     0.00000
   -17.22893     0.00000
   -17.21793     0.00000
   -17.20693     0.00000
   -17.19593     0.00000
   -17.18493     0.00000
   -17.17293     0.00000
   -17.16193     0.00000
   -17.15093     0.00000
   -17.13993     0.00000
   -17.12893     0.00000
   -17.11793     0.00000
   -17.10593     0.00000
   -17.09493     0.00000
   -17.08393     0.00000
   -17.07293     0.00000
   -17.06193     0.00000
   -17.05093     0.00000
   -17.03993     0.00000
   -17.02793     0.00000
   -17.01693     0.00000
   -17.00593     0.00000
   -16.99493     0.00000
   -16.98393     0.00000
   -16.97293     0.00000
   -16.96093     0.00000
   -16.94993     0.00000
   -16.93893     0.00000
   -16.92793     0.00000
   -16.91693     0.00000
   -16.90593     0.00000
   -16.89393     0.00000
   -16.88293     0.00000
   -16.87193     0.00000
   -16.86093     0.00000
   -16.84993     0.00000
   -16.83893     0.00000
   -16.82793     0.00000
   -16.81593     0.00000
   -16.80493     0.00000
   -16.79393     0.00000
   -16.78293     0.00000
   -16.77193     0.00000
   -16.76093     0.00000
   -16.74893     0.00000
   -16.73793     0.00000
   -16.72693     0.00000
   -16.71593     0.00000
   -16.70493     0.00000
   -16.69393     0.00000
   -16.68293     0.00000
   -16.67093     0.00000
   -16.65993     0.00000
   -16.64893     0.00000
   -16.63793     0.00000
   -16.62693     0.00000
   -16.61593     0.00000
   -16.60393     0.00000
   -16.59293     0.00000
   -16.58193     0.00000
   -16.57093     0.00000
   -16.55993     0.00000
   -16.54893     0.00000
   -16.53693     0.00000
   -16.52593     0.00000
   -16.51493     0.00000
   -16.50393     0.00000
   -16.49293     0.00000
   -16.48193     0.00000
   -16.47093     0.00000
   -16.45893     0.00000
   -16.44793     0.00000
   -16.43693     0.00000
   -16.42593     0.00000
   -16.41493     0.00000
   -16.40393     0.00000
   -16.39193     0.00000
   -16.38093     0.00000
   -16.36993     0.00000
   -16.35893     0.00000
   -16.34793     0.00000
   -16.33693     0.00000
   -16.32593     0.00000
   -16.31393     0.00000
   -16.30293     0.00000
   -16.29193     0.00000
   -16.28093     0.00000
   -16.26993     0.00000
   -16.25893     0.00000
   -16.24693     0.00000
   -16.23593     0.00000
   -16.22493     0.00000
   -16.21393     0.00000
   -16.20293     0.00000
   -16.19193     0.00000
   -16.18093     0.00000
   -16.16893     0.00000
   -16.15793     0.00000
   -16.14693     0.00000
   -16.13593     0.00000
   -16.12493     0.00000
   -16.11393     0.00000
   -16.10193     0.00000
   -16.09093     0.00000
   -16.07993     0.00000
   -16.06893     0.00000
   -16.05793     0.00000
   -16.04693     0.00000
   -16.03493     0.00000
   -16.02393     0.00000
   -16.01293     0.00000
   -16.00193     0.00000
   -15.99093     0.00000
   -15.97993     0.00000
   -15.96893     0.00000
   -15.95693     0.00000
   -15.94593     0.00000
   -15.93493     0.00000
   -15.92393     0.00000
   -15.91293     0.00000
   -15.90193     0.00000
   -15.88993     0.00000
   -15.87893     0.00000
   -15.86793     0.00000
   -15.85693     0.00000
   -15.84593     0.00000
   -15.83493     0.00000
   -15.82393     0.00000
   -15.81193     0.00000
   -15.80093     0.00000
   -15.78993     0.00000
   -15.77893     0.00000
   -15.76793     0.00000
   -15.75693     0.00000
   -15.74493     0.00000
   -15.73393     0.00000
   -15.72293     0.00000
   -15.71193     0.00000
   -15.70093     0.00000
   -15.68993     0.00000
   -15.67793     0.00000
   -15.66693     0.00000
   -15.65593     0.00000
   -15.64493     0.00000
   -15.63393     0.00000
   -15.62293     0.00000
   -15.61193     0.00000
   -15.59993     0.00000
   -15.58893     0.00000
   -15.57793     0.00000
   -15.56693     0.00000
   -15.55593     0.00000
   -15.54493     0.00000
   -15.53293     0.00000
   -15.52193     0.00000
   -15.51093     0.00000
   -15.49993     0.00000
   -15.48893     0.00000
   -15.47793     0.00000
   -15.46693     0.00000
   -15.45493     0.00000
   -15.44393     0.00000
   -15.43293     0.00000
   -15.42193     0.00000
   -15.41093     0.00000
   -15.39993     0.00000
   -15.38793     0.00000
   -15.37693     0.00000
   -15.36593     0.00000
   -15.35493     0.00000
   -15.34393     0.00000
   -15.33293     0.00000
   -15.32193     0.00000
   -15.30993     0.00000
   -15.29893     0.00000
   -15.28793     0.00000
   -15.27693     0.00000
   -15.26593     0.00000
   -15.25493     0.00000
   -15.24293     0.00000
   -15.23193     0.00000
   -15.22093     0.00000
   -15.20993     0.00000
   -15.19893     0.00000
   -15.18793     0.00000
   -15.17593     0.00000
   -15.16493     0.00000
   -15.15393     0.00000
   -15.14293     0.00000
   -15.13193     0.00000
   -15.12093     0.00000
   -15.10993     0.00000
   -15.09793     0.00000
   -15.08693     0.00000
   -15.07593     0.00000
   -15.06493     0.00000
   -15.05393     0.00000
   -15.04293     0.00000
   -15.03093     0.00000
   -15.01993     0.00000
   -15.00893     0.00000
   -14.99793     0.00000
   -14.98693     0.00000
   -14.97593     0.00000
   -14.96493     0.00000
   -14.95293     0.00000
   -14.94193     0.00000
   -14.93093     0.00000
   -14.91993     0.00000
   -14.90893     0.00000
   -14.89793     0.00000
   -14.88593     0.00000
   -14.87493     0.00000
   -14.86393     0.00000
   -14.85293     0.00000
   -14.84193     0.00000
   -14.83093     0.00000
   -14.81893     0.00000
   -14.80793     0.00000
   -14.79693     0.00000
   -14.78593     0.00000
   -14.77493     0.00000
   -14.76393     0.00000
   -14.75293     0.00000
   -14.74093     0.00000
   -14.72993     0.00000
   -14.71893     0.00000
   -14.70793     0.00000
   -14.69693     0.00000
   -14.68593     0.00000
   -14.67393     0.00000
   -14.66293     0.00000
   -14.65193     0.00000
   -14.64093     0.00000
   -14.62993     0.00000
   -14.61893     0.00000
   -14.60793     0.00000
   -14.59593     0.00000
   -14.58493     0.00000
   -14.57393     0.00000
   -14.56293     0.00000
   -14.55193     0.00000
   -14.54093     0.00000
   -14.52893     0.00000
   -14.51793     0.00000
   -14.50693     0.00000
   -14.49593     0.00000
   -14.48493     0.00000
   -14.47393     0.00000
   -14.46293     0.00000
   -14.45093     0.00000
   -14.43993     0.00000
   -14.42893     0.00000
   -14.41793     0.00000
   -14.40693     0.00000
   -14.39593     0.00000
   -14.38393     0.00000
   -14.37293     0.00000
   -14.36193     0.00000
   -14.35093     0.00000
   -14.33993     0.00000
   -14.32893     0.00000
   -14.31693     0.00000
   -14.30593     0.00000
   -14.29493     0.00000
   -14.28393     0.00000
   -14.27293     0.00000
   -14.26193     0.00000
   -14.25093     0.00000
   -14.23893     0.00000
   -14.22793     0.00000
   -14.21693     0.00000
   -14.20593     0.00000
   -14.19493     0.00000
   -14.18393     0.00000
   -14.17193     0.00000
   -14.16093     0.00000
   -14.14993     0.00000
   -14.13893     0.00000
   -14.12793     0.00000
   -14.11693     0.00000
   -14.10593     0.00000
   -14.09393     0.00000
   -14.08293     0.00000
   -14.07193     0.00000
   -14.06093     0.00000
   -14.04993     0.00000
   -14.03893     0.00000
   -14.02693     0.00000
   -14.01593     0.00000
   -14.00493     0.00000
   -13.99393     0.00000
   -13.98293     0.00000
   -13.97193     0.00000
   -13.95993     0.00000
   -13.94893     0.00000
   -13.93793     0.00000
   -13.92693     0.00000
   -13.91593     0.00000
   -13.90493     0.00000
   -13.89393     0.00000
   -13.88193     0.00000
   -13.87093     0.00000
   -13.85993     0.00000
   -13.84893     0.00000
   -13.83793     0.00000
   -13.82693     0.00000
   -13.81493     0.00000
   -13.80393     0.00000
   -13.79293     0.00000
   -13.78193     0.00000
   -13.77093     0.00000
   -13.75993     0.00000
   -13.74893     0.00000
   -13.73693     0.00000
   -13.72593     0.00000
   -13.71493     0.00000
   -13.70393     0.00000
   -13.69293     0.00000
   -13.68193     0.00000
   -13.66993     0.00000
   -13.65893     0.00000
   -13.64793     0.00000
   -13.63693     0.00000
   -13.62593     0.00000
   -13.61493     0.00000
   -13.60293     0.00000
   -13.59193     0.00000
   -13.58093     0.00000
   -13.56993     0.00000
   -13.55893     0.00000
   -13.54793     0.00000
   -13.53693     0.00000
   -13.52493     0.00000
   -13.51393     0.00000
   -13.50293     0.00000
   -13.49193     0.00000
   -13.48093     0.00000
   -13.46993     0.00000
   -13.45793     0.00000
   -13.44693     0.00000
   -13.43593     0.00000
   -13.42493     0.00000
   -13.41393     0.00000
   -13.40293     0.00000
   -13.39193     0.00000
   -13.37993     0.00000
   -13.36893     0.00000
   -13.35793     0.00000
   -13.34693     0.00000
   -13.33593     0.00000
   -13.32493     0.00000
   -13.31293     0.00000
   -13.30193     0.00000
   -13.29093     0.00000
   -13.27993     0.00000
   -13.26893     0.00000
   -13.25793     0.00000
   -13.24693     0.00000
   -13.23493     0.00000
   -13.22393     0.00000
   -13.21293     0.00000
   -13.20193     0.00000
   -13.19093     0.00000
   -13.17993     0.00000
   -13.16793     0.00000
   -13.15693     0.00000
   -13.14593     0.00000
   -13.13493     0.00000
   -13.12393     0.00000
   -13.11293     0.00000
   -13.10093     0.00000
   -13.08993     0.00000
   -13.07893     0.00000
   -13.06793     0.00000
   -13.05693     0.00000
   -13.04593     0.00000
   -13.03493     0.00000
   -13.02293     0.00000
   -13.01193     0.00000
   -13.00093     0.00000
   -12.98993     0.00000
   -12.97893     0.00000
   -12.96793     0.00000
   -12.95593     0.00000
   -12.94493     0.00000
   -12.93393     0.00000
   -12.92293     0.00000
   -12.91193     0.00000
   -12.90093     0.00000
   -12.88993     0.00000
   -12.87793     0.00000
   -12.86693     0.00000
   -12.85593     0.00000
   -12.84493     0.00000
   -12.83393     0.00000
   -12.82293     0.00000
   -12.81093     0.00000
   -12.79993     0.00000
   -12.78893     0.00000
   -12.77793     0.00000
   -12.76693     0.00000
   -12.75593     0.00000
   -12.74393     0.00000
   -12.73293     0.00000
   -12.72193     0.00000
   -12.71093     0.00000
   -12.69993     0.00000
   -12.68893     0.00000
   -12.67793     0.00000
   -12.66593     0.00000
   -12.65493     0.00000
   -12.64393     0.00000
   -12.63293     0.00000
   -12.62193     0.00000
   -12.61093     0.00000
   -12.59893     0.00000
   -12.58793     0.00000
   -12.57693     0.00000
   -12.56593     0.00000
   -12.55493     0.00000
   -12.54393     0.00000
   -12.53293     0.00000
   -12.52093     0.00000
   -12.50993     0.00000
   -12.49893     0.00000
   -12.48793     0.00000
   -12.47693     0.00000
   -12.46593     0.00000
   -12.45393     0.00000
   -12.44293     0.00000
   -12.43193     0.00000
   -12.42093     0.00000
   -12.40993     0.00000
   -12.39893     0.00000
   -12.38793     0.00000
   -12.37593     0.00000
   -12.36493     0.00000
   -12.35393     0.00000
   -12.34293     0.00000
   -12.33193     0.00000
   -12.32093     0.00000
   -12.30893     0.00000
   -12.29793     0.00000
   -12.28693     0.00000
   -12.27593     0.00000
   -12.26493     0.00000
   -12.25393     0.00000
   -12.24193     0.00000
   -12.23093     0.00000
   -12.21993     0.00000
   -12.20893     0.00000
   -12.19793     0.00000
   -12.18693     0.00000
   -12.17593     0.00000
   -12.16393     0.00000
   -12.15293     0.00000
   -12.14193     0.00000
   -12.13093     0.00001
   -12.11993     0.00002
   -12.10893     0.00005
   -12.09693     0.00009
   -12.08593     0.00016
   -12.07493     0.00024
   -12.06393     0.00034
   -12.05293     0.00044
   -12.04193     0.00050
   -12.03093     0.00053
   -12.01893     0.00050
   -12.00793     0.00043
   -11.99693     0.00034
   -11.98593     0.00024
   -11.97493     0.00015
   -11.96393     0.00009
   -11.95193     0.00005
   -11.94093     0.00002
   -11.92993     0.00001
   -11.91893     0.00001
   -11.90793     0.00001
   -11.89693     0.00001
   -11.88493     0.00003
   -11.87393     0.00006
   -11.86293     0.00012
   -11.85193     0.00021
   -11.84093     0.00035
   -11.82993     0.00051
   -11.81893     0.00069
   -11.80693     0.00084
   -11.79593     0.00093
   -11.78493     0.00093
   -11.77393     0.00085
   -11.76293     0.00070
   -11.75193     0.00052
   -11.73993     0.00035
   -11.72893     0.00022
   -11.71793     0.00012
   -11.70693     0.00006
   -11.69593     0.00003
   -11.68493     0.00001
   -11.67393     0.00000
   -11.66193     0.00000
   -11.65093     0.00000
   -11.63993     0.00000
   -11.62893     0.00000
   -11.61793     0.00000
   -11.60693     0.00000
   -11.59493     0.00000
   -11.58393     0.00000
   -11.57293     0.00000
   -11.56193     0.00000
   -11.55093     0.00000
   -11.53993     0.00000
   -11.52793     0.00000
   -11.51693     0.00000
   -11.50593     0.00001
   -11.49493     0.00003
   -11.48393     0.00008
   -11.47293     0.00019
   -11.46193     0.00038
   -11.44993     0.00069
   -11.43893     0.00114
   -11.42793     0.00171
   -11.41693     0.00233
   -11.40593     0.00286
   -11.39493     0.00320
   -11.38293     0.00326
   -11.37193     0.00306
   -11.36093     0.00267
   -11.34993     0.00226
   -11.33893     0.00196
   -11.32793     0.00182
   -11.31693     0.00183
   -11.30493     0.00192
   -11.29393     0.00197
   -11.28293     0.00192
   -11.27193     0.00178
   -11.26093     0.00161
   -11.24993     0.00153
   -11.23793     0.00167
   -11.22693     0.00210
   -11.21593     0.00281
   -11.20493     0.00371
   -11.19393     0.00462
   -11.18293     0.00533
   -11.17193     0.00569
   -11.15993     0.00567
   -11.14893     0.00537
   -11.13793     0.00496
   -11.12693     0.00459
   -11.11593     0.00433
   -11.10493     0.00415
   -11.09293     0.00396
   -11.08193     0.00364
   -11.07093     0.00315
   -11.05993     0.00255
   -11.04893     0.00190
   -11.03793     0.00130
   -11.02593     0.00082
   -11.01493     0.00047
   -11.00393     0.00025
   -10.99293     0.00012
   -10.98193     0.00005
   -10.97093     0.00002
   -10.95993     0.00001
   -10.94793     0.00000
   -10.93693     0.00000
   -10.92593     0.00000
   -10.91493     0.00000
   -10.90393     0.00000
   -10.89293     0.00000
   -10.88093     0.00000
   -10.86993     0.00000
   -10.85893     0.00000
   -10.84793     0.00001
   -10.83693     0.00003
   -10.82593     0.00008
   -10.81493     0.00021
   -10.80293     0.00047
   -10.79193     0.00100
   -10.78093     0.00192
   -10.76993     0.00336
   -10.75893     0.00536
   -10.74793     0.00779
   -10.73593     0.01031
   -10.72493     0.01243
   -10.71393     0.01366
   -10.70293     0.01369
   -10.69193     0.01258
   -10.68093     0.01073
   -10.66893     0.00878
   -10.65793     0.00738
   -10.64693     0.00701
   -10.63593     0.00781
   -10.62493     0.00963
   -10.61393     0.01203
   -10.60293     0.01447
   -10.59093     0.01649
   -10.57993     0.01779
   -10.56893     0.01830
   -10.55793     0.01805
   -10.54693     0.01713
   -10.53593     0.01556
   -10.52393     0.01342
   -10.51293     0.01087
   -10.50193     0.00819
   -10.49093     0.00570
   -10.47993     0.00364
   -10.46893     0.00212
   -10.45793     0.00113
   -10.44593     0.00055
   -10.43493     0.00024
   -10.42393     0.00010
   -10.41293     0.00004
   -10.40193     0.00002
   -10.39093     0.00004
   -10.37893     0.00009
   -10.36793     0.00022
   -10.35693     0.00049
   -10.34593     0.00098
   -10.33493     0.00177
   -10.32393     0.00291
   -10.31293     0.00434
   -10.30093     0.00586
   -10.28993     0.00716
   -10.27893     0.00794
   -10.26793     0.00799
   -10.25693     0.00732
   -10.24593     0.00618
   -10.23393     0.00495
   -10.22293     0.00407
   -10.21193     0.00391
   -10.20093     0.00470
   -10.18993     0.00650
   -10.17893     0.00919
   -10.16693     0.01241
   -10.15593     0.01563
   -10.14493     0.01826
   -10.13393     0.01984
   -10.12293     0.02024
   -10.11193     0.01963
   -10.10093     0.01849
   -10.08893     0.01727
   -10.07793     0.01623
   -10.06693     0.01529
   -10.05593     0.01420
   -10.04493     0.01271
   -10.03393     0.01077
   -10.02193     0.00853
   -10.01093     0.00630
    -9.99993     0.00436
    -9.98893     0.00284
    -9.97793     0.00178
    -9.96693     0.00109
    -9.95593     0.00065
    -9.94393     0.00038
    -9.93293     0.00022
    -9.92193     0.00012
    -9.91093     0.00007
    -9.89993     0.00004
    -9.88893     0.00003
    -9.87693     0.00006
    -9.86593     0.00015
    -9.85493     0.00038
    -9.84393     0.00088
    -9.83293     0.00184
    -9.82193     0.00348
    -9.80993     0.00596
    -9.79893     0.00926
    -9.78793     0.01307
    -9.77693     0.01678
    -9.76593     0.01971
    -9.75493     0.02136
    -9.74393     0.02174
    -9.73193     0.02138
    -9.72093     0.02118
    -9.70993     0.02189
    -9.69893     0.02384
    -9.68793     0.02674
    -9.67693     0.02984
    -9.66493     0.03231
    -9.65393     0.03352
    -9.64293     0.03325
    -9.63193     0.03164
    -9.62093     0.02912
    -9.60993     0.02621
    -9.59893     0.02343
    -9.58693     0.02122
    -9.57593     0.01986
    -9.56493     0.01935
    -9.55393     0.01941
    -9.54293     0.01960
    -9.53193     0.01952
    -9.51993     0.01901
    -9.50893     0.01818
    -9.49793     0.01727
    -9.48693     0.01640
    -9.47593     0.01548
    -9.46493     0.01427
    -9.45293     0.01258
    -9.44193     0.01040
    -9.43093     0.00797
    -9.41993     0.00567
    -9.40893     0.00384
    -9.39793     0.00272
    -9.38693     0.00245
    -9.37493     0.00309
    -9.36393     0.00468
    -9.35293     0.00728
    -9.34193     0.01091
    -9.33093     0.01556
    -9.31993     0.02120
    -9.30793     0.02769
    -9.29693     0.03472
    -9.28593     0.04168
    -9.27493     0.04765
    -9.26393     0.05151
    -9.25293     0.05231
    -9.24193     0.04960
    -9.22993     0.04371
    -9.21893     0.03562
    -9.20793     0.02676
    -9.19693     0.01848
    -9.18593     0.01169
    -9.17493     0.00676
    -9.16293     0.00357
    -9.15193     0.00173
    -9.14093     0.00080
    -9.12993     0.00045
    -9.11893     0.00052
    -9.10793     0.00104
    -9.09693     0.00222
    -9.08493     0.00441
    -9.07393     0.00795
    -9.06293     0.01301
    -9.05193     0.01930
    -9.04093     0.02596
    -9.02993     0.03168
    -9.01793     0.03506
    -9.00693     0.03521
    -8.99593     0.03209
    -8.98493     0.02655
    -8.97393     0.01995
    -8.96293     0.01363
    -8.95093     0.00846
    -8.93993     0.00479
    -8.92893     0.00248
    -8.91793     0.00122
    -8.90693     0.00067
    -8.89593     0.00063
    -8.88493     0.00105
    -8.87293     0.00201
    -8.86193     0.00366
    -8.85093     0.00608
    -8.83993     0.00918
    -8.82893     0.01256
    -8.81793     0.01557
    -8.80593     0.01748
    -8.79493     0.01778
    -8.78393     0.01639
    -8.77293     0.01368
    -8.76193     0.01036
    -8.75093     0.00711
    -8.73993     0.00445
    -8.72793     0.00258
    -8.71693     0.00147
    -8.70593     0.00097
    -8.69493     0.00088
    -8.68393     0.00105
    -8.67293     0.00133
    -8.66093     0.00161
    -8.64993     0.00179
    -8.63893     0.00182
    -8.62793     0.00168
    -8.61693     0.00142
    -8.60593     0.00110
    -8.59393     0.00078
    -8.58293     0.00053
    -8.57193     0.00037
    -8.56093     0.00029
    -8.54993     0.00030
    -8.53893     0.00043
    -8.52793     0.00071
    -8.51593     0.00125
    -8.50493     0.00214
    -8.49393     0.00345
    -8.48293     0.00518
    -8.47193     0.00712
    -8.46093     0.00895
    -8.44893     0.01023
    -8.43793     0.01067
    -8.42693     0.01021
    -8.41593     0.00915
    -8.40493     0.00814
    -8.39393     0.00796
    -8.38293     0.00941
    -8.37093     0.01301
    -8.35993     0.01881
    -8.34893     0.02620
    -8.33793     0.03390
    -8.32693     0.04038
    -8.31593     0.04439
    -8.30393     0.04554
    -8.29293     0.04446
    -8.28193     0.04238
    -8.27093     0.04042
    -8.25993     0.03892
    -8.24893     0.03744
    -8.23793     0.03512
    -8.22593     0.03135
    -8.21493     0.02616
    -8.20393     0.02022
    -8.19293     0.01440
    -8.18193     0.00944
    -8.17093     0.00570
    -8.15893     0.00318
    -8.14793     0.00165
    -8.13693     0.00079
    -8.12593     0.00036
    -8.11493     0.00015
    -8.10393     0.00006
    -8.09193     0.00002
    -8.08093     0.00001
    -8.06993     0.00000
    -8.05893     0.00000
    -8.04793     0.00000
    -8.03693     0.00000
    -8.02593     0.00000
    -8.01393     0.00001
    -8.00293     0.00002
    -7.99193     0.00006
    -7.98093     0.00018
    -7.96993     0.00048
    -7.95893     0.00117
    -7.94693     0.00256
    -7.93593     0.00510
    -7.92493     0.00920
    -7.91393     0.01507
    -7.90293     0.02246
    -7.89193     0.03046
    -7.88093     0.03770
    -7.86893     0.04267
    -7.85793     0.04435
    -7.84693     0.04251
    -7.83593     0.03778
    -7.82493     0.03129
    -7.81393     0.02426
    -7.80193     0.01768
    -7.79093     0.01212
    -7.77993     0.00781
    -7.76893     0.00476
    -7.75793     0.00278
    -7.74693     0.00166
    -7.73493     0.00119
    -7.72393     0.00119
    -7.71293     0.00158
    -7.70193     0.00226
    -7.69093     0.00315
    -7.67993     0.00409
    -7.66893     0.00489
    -7.65693     0.00535
    -7.64593     0.00532
    -7.63493     0.00483
    -7.62393     0.00403
    -7.61293     0.00316
    -7.60193     0.00247
    -7.58993     0.00217
    -7.57893     0.00236
    -7.56793     0.00309
    -7.55693     0.00434
    -7.54593     0.00607
    -7.53493     0.00819
    -7.52393     0.01061
    -7.51193     0.01318
    -7.50093     0.01573
    -7.48993     0.01803
    -7.47893     0.01980
    -7.46793     0.02076
    -7.45693     0.02066
    -7.44493     0.01942
    -7.43393     0.01713
    -7.42293     0.01417
    -7.41193     0.01109
    -7.40093     0.00850
    -7.38993     0.00696
    -7.37893     0.00685
    -7.36693     0.00836
    -7.35593     0.01137
    -7.34493     0.01546
    -7.33393     0.01985
    -7.32293     0.02352
    -7.31193     0.02548
    -7.29993     0.02518
    -7.28893     0.02265
    -7.27793     0.01856
    -7.26693     0.01392
    -7.25593     0.00973
    -7.24493     0.00664
    -7.23293     0.00493
    -7.22193     0.00448
    -7.21093     0.00499
    -7.19993     0.00602
    -7.18893     0.00713
    -7.17793     0.00796
    -7.16693     0.00828
    -7.15493     0.00810
    -7.14393     0.00760
    -7.13293     0.00723
    -7.12193     0.00761
    -7.11093     0.00956
    -7.09993     0.01394
    -7.08793     0.02140
    -7.07693     0.03192
    -7.06593     0.04446
    -7.05493     0.05683
    -7.04393     0.06619
    -7.03293     0.07005
    -7.02193     0.06730
    -7.00993     0.05870
    -6.99893     0.04657
    -6.98793     0.03382
    -6.97693     0.02302
    -6.96593     0.01585
    -6.95493     0.01303
    -6.94293     0.01466
    -6.93193     0.02034
    -6.92093     0.02924
    -6.90993     0.03999
    -6.89893     0.05078
    -6.88793     0.05984
    -6.87593     0.06600
    -6.86493     0.06897
    -6.85393     0.06925
    -6.84293     0.06756
    -6.83193     0.06440
    -6.82093     0.05983
    -6.80993     0.05381
    -6.79793     0.04647
    -6.78693     0.03831
    -6.77593     0.03013
    -6.76493     0.02278
    -6.75393     0.01689
    -6.74293     0.01275
    -6.73093     0.01024
    -6.71993     0.00893
    -6.70893     0.00824
    -6.69793     0.00762
    -6.68693     0.00678
    -6.67593     0.00568
    -6.66493     0.00455
    -6.65293     0.00377
    -6.64193     0.00385
    -6.63093     0.00541
    -6.61993     0.00912
    -6.60893     0.01565
    -6.59793     0.02536
    -6.58593     0.03791
    -6.57493     0.05201
    -6.56393     0.06540
    -6.55293     0.07539
    -6.54193     0.07970
    -6.53093     0.07732
    -6.51893     0.06894
    -6.50793     0.05672
    -6.49693     0.04354
    -6.48593     0.03206
    -6.47493     0.02396
    -6.46393     0.01969
    -6.45293     0.01859
    -6.44093     0.01935
    -6.42993     0.02058
    -6.41893     0.02128
    -6.40793     0.02120
    -6.39693     0.02074
    -6.38593     0.02066
    -6.37393     0.02165
    -6.36293     0.02410
    -6.35193     0.02810
    -6.34093     0.03378
    -6.32993     0.04146
    -6.31893     0.05148
    -6.30793     0.06358
    -6.29593     0.07630
    -6.28493     0.08697
    -6.27393     0.09250
    -6.26293     0.09081
    -6.25193     0.08190
    -6.24093     0.06790
    -6.22893     0.05218
    -6.21793     0.03792
    -6.20693     0.02696
    -6.19593     0.01964
    -6.18493     0.01512
    -6.17393     0.01219
    -6.16293     0.00989
    -6.15093     0.00772
    -6.13993     0.00563
    -6.12893     0.00378
    -6.11793     0.00231
    -6.10693     0.00129
    -6.09593     0.00066
    -6.08393     0.00032
    -6.07293     0.00020
    -6.06193     0.00027
    -6.05093     0.00064
    -6.03993     0.00158
    -6.02893     0.00364
    -6.01693     0.00767
    -6.00593     0.01474
    -5.99493     0.02586
    -5.98393     0.04148
    -5.97293     0.06100
    -5.96193     0.08265
    -5.95093     0.10375
    -5.93893     0.12147
    -5.92793     0.13355
    -5.91693     0.13865
    -5.90593     0.13631
    -5.89493     0.12677
    -5.88393     0.11108
    -5.87193     0.09109
    -5.86093     0.06944
    -5.84993     0.04888
    -5.83893     0.03160
    -5.82793     0.01868
    -5.81693     0.01007
    -5.80593     0.00494
    -5.79393     0.00220
    -5.78293     0.00089
    -5.77193     0.00033
    -5.76093     0.00011
    -5.74993     0.00003
    -5.73893     0.00001
    -5.72693     0.00001
    -5.71593     0.00002
    -5.70493     0.00007
    -5.69393     0.00022
    -5.68293     0.00063
    -5.67193     0.00165
    -5.65993     0.00389
    -5.64893     0.00835
    -5.63793     0.01630
    -5.62693     0.02893
    -5.61593     0.04668
    -5.60493     0.06848
    -5.59393     0.09134
    -5.58193     0.11079
    -5.57093     0.12220
    -5.55993     0.12254
    -5.54893     0.11173
    -5.53793     0.09261
    -5.52693     0.06979
    -5.51493     0.04781
    -5.50393     0.02978
    -5.49293     0.01686
    -5.48193     0.00868
    -5.47093     0.00407
    -5.45993     0.00174
    -5.44893     0.00068
    -5.43693     0.00026
    -5.42593     0.00013
    -5.41493     0.00014
    -5.40393     0.00024
    -5.39293     0.00044
    -5.38193     0.00073
    -5.36993     0.00112
    -5.35893     0.00155
    -5.34793     0.00195
    -5.33693     0.00224
    -5.32593     0.00238
    -5.31493     0.00246
    -5.30393     0.00277
    -5.29193     0.00389
    -5.28093     0.00687
    -5.26993     0.01319
    -5.25893     0.02460
    -5.24793     0.04253
    -5.23693     0.06707
    -5.22493     0.09607
    -5.21393     0.12489
    -5.20293     0.14740
    -5.19193     0.15837
    -5.18093     0.15577
    -5.16993     0.14197
    -5.15793     0.12275
    -5.14693     0.10478
    -5.13593     0.09270
    -5.12493     0.08747
    -5.11393     0.08657
    -5.10293     0.08585
    -5.09193     0.08163
    -5.07993     0.07243
    -5.06893     0.05909
    -5.05793     0.04401
    -5.04693     0.02985
    -5.03593     0.01840
    -5.02493     0.01030
    -5.01293     0.00524
    -5.00193     0.00242
    -4.99093     0.00101
    -4.97993     0.00039
    -4.96893     0.00013
    -4.95793     0.00004
    -4.94693     0.00001
    -4.93493     0.00000
    -4.92393     0.00000
    -4.91293     0.00000
    -4.90193     0.00000
    -4.89093     0.00000
    -4.87993     0.00000
    -4.86793     0.00000
    -4.85693     0.00000
    -4.84593     0.00001
    -4.83493     0.00004
    -4.82393     0.00013
    -4.81293     0.00038
    -4.80093     0.00100
    -4.78993     0.00239
    -4.77893     0.00518
    -4.76793     0.01019
    -4.75693     0.01817
    -4.74593     0.02932
    -4.73493     0.04290
    -4.72293     0.05684
    -4.71193     0.06824
    -4.70093     0.07422
    -4.68993     0.07314
    -4.67893     0.06530
    -4.66793     0.05281
    -4.65593     0.03870
    -4.64493     0.02570
    -4.63393     0.01546
    -4.62293     0.00844
    -4.61193     0.00423
    -4.60093     0.00205
    -4.58993     0.00124
    -4.57793     0.00139
    -4.56693     0.00240
    -4.55593     0.00435
    -4.54493     0.00735
    -4.53393     0.01130
    -4.52293     0.01574
    -4.51093     0.01987
    -4.49993     0.02272
    -4.48893     0.02354
    -4.47793     0.02212
    -4.46693     0.01884
    -4.45593     0.01461
    -4.44393     0.01044
    -4.43293     0.00716
    -4.42193     0.00527
    -4.41093     0.00499
    -4.39993     0.00631
    -4.38893     0.00910
    -4.37793     0.01309
    -4.36593     0.01787
    -4.35493     0.02286
    -4.34393     0.02746
    -4.33293     0.03100
    -4.32193     0.03294
    -4.31093     0.03285
    -4.29893     0.03065
    -4.28793     0.02660
    -4.27693     0.02136
    -4.26593     0.01581
    -4.25493     0.01077
    -4.24393     0.00683
    -4.23293     0.00428
    -4.22093     0.00325
    -4.20993     0.00386
    -4.19893     0.00637
    -4.18793     0.01118
    -4.17693     0.01849
    -4.16593     0.02798
    -4.15393     0.03850
    -4.14293     0.04802
    -4.13193     0.05430
    -4.12093     0.05566
    -4.10993     0.05169
    -4.09893     0.04350
    -4.08793     0.03316
    -4.07593     0.02292
    -4.06493     0.01434
    -4.05393     0.00813
    -4.04293     0.00418
    -4.03193     0.00194
    -4.02093     0.00082
    -4.00893     0.00031
    -3.99793     0.00011
    -3.98693     0.00003
    -3.97593     0.00001
    -3.96493     0.00001
    -3.95393     0.00003
    -3.94193     0.00008
    -3.93093     0.00023
    -3.91993     0.00057
    -3.90893     0.00130
    -3.89793     0.00268
    -3.88693     0.00500
    -3.87593     0.00847
    -3.86393     0.01299
    -3.85293     0.01806
    -3.84193     0.02278
    -3.83093     0.02612
    -3.81993     0.02735
    -3.80893     0.02654
    -3.79693     0.02470
    -3.78593     0.02357
    -3.77493     0.02524
    -3.76393     0.03136
    -3.75293     0.04260
    -3.74193     0.05810
    -3.73093     0.07544
    -3.71893     0.09114
    -3.70793     0.10156
    -3.69693     0.10416
    -3.68593     0.09832
    -3.67493     0.08547
    -3.66393     0.06865
    -3.65193     0.05149
    -3.64093     0.03740
    -3.62993     0.02907
    -3.61893     0.02842
    -3.60793     0.03653
    -3.59693     0.05343
    -3.58493     0.07742
    -3.57393     0.10475
    -3.56293     0.13002
    -3.55193     0.14781
    -3.54093     0.15487
    -3.52993     0.15165
    -3.51893     0.14207
    -3.50693     0.13143
    -3.49593     0.12363
    -3.48493     0.11941
    -3.47393     0.11667
    -3.46293     0.11229
    -3.45193     0.10428
    -3.43993     0.09286
    -3.42893     0.07997
    -3.41793     0.06803
    -3.40693     0.05869
    -3.39593     0.05253
    -3.38493     0.04938
    -3.37393     0.04903
    -3.36193     0.05158
    -3.35093     0.05735
    -3.33993     0.06635
    -3.32893     0.07763
    -3.31793     0.08912
    -3.30693     0.09805
    -3.29493     0.10187
    -3.28393     0.09914
    -3.27293     0.09009
    -3.26193     0.07638
    -3.25093     0.06046
    -3.23993     0.04481
    -3.22893     0.03140
    -3.21693     0.02168
    -3.20593     0.01677
    -3.19493     0.01796
    -3.18393     0.02698
    -3.17293     0.04584
    -3.16193     0.07586
    -3.14993     0.11617
    -3.13893     0.16239
    -3.12793     0.20660
    -3.11693     0.23940
    -3.10593     0.25280
    -3.09493     0.24400
    -3.08293     0.21600
    -3.07193     0.17624
    -3.06093     0.13358
    -3.04993     0.09516
    -3.03893     0.06532
    -3.02793     0.04607
    -3.01693     0.03843
    -3.00493     0.04375
    -2.99393     0.06410
    -2.98293     0.10139
    -2.97193     0.15564
    -2.96093     0.22280
    -2.94993     0.29400
    -2.93793     0.35660
    -2.92693     0.39800
    -2.91593     0.41100
    -2.90493     0.39670
    -2.89393     0.36470
    -2.88293     0.32840
    -2.87193     0.29940
    -2.85993     0.28340
    -2.84893     0.27970
    -2.83793     0.28380
    -2.82693     0.29140
    -2.81593     0.30020
    -2.80493     0.30900
    -2.79293     0.31670
    -2.78193     0.32000
    -2.77093     0.31400
    -2.75993     0.29450
    -2.74893     0.26020
    -2.73793     0.21460
    -2.72593     0.16473
    -2.71493     0.11865
    -2.70393     0.08264
    -2.69293     0.05962
    -2.68193     0.04912
    -2.67093     0.04858
    -2.65993     0.05486
    -2.64793     0.06580
    -2.63693     0.08105
    -2.62593     0.10201
    -2.61493     0.13056
    -2.60393     0.16706
    -2.59293     0.20860
    -2.58093     0.24820
    -2.56993     0.27740
    -2.55893     0.28860
    -2.54793     0.27840
    -2.53693     0.24960
    -2.52593     0.20900
    -2.51493     0.16565
    -2.50293     0.12698
    -2.49193     0.09746
    -2.48093     0.07853
    -2.46993     0.06977
    -2.45893     0.07021
    -2.44793     0.07901
    -2.43593     0.09519
    -2.42493     0.11710
    -2.41393     0.14232
    -2.40293     0.16818
    -2.39193     0.19272
    -2.38093     0.21530
    -2.36993     0.23620
    -2.35793     0.25540
    -2.34693     0.27220
    -2.33593     0.28540
    -2.32493     0.29480
    -2.31393     0.30180
    -2.30293     0.30940
    -2.29093     0.31950
    -2.27993     0.33060
    -2.26893     0.33870
    -2.25793     0.33930
    -2.24693     0.33030
    -2.23593     0.31350
    -2.22393     0.29320
    -2.21293     0.27380
    -2.20193     0.25760
    -2.19093     0.24400
    -2.17993     0.23150
    -2.16893     0.21820
    -2.15793     0.20390
    -2.14593     0.19072
    -2.13493     0.18246
    -2.12393     0.18362
    -2.11293     0.19824
    -2.10193     0.22870
    -2.09093     0.27440
    -2.07893     0.33110
    -2.06793     0.38980
    -2.05693     0.43800
    -2.04593     0.46320
    -2.03493     0.45710
    -2.02393     0.41970
    -2.01293     0.36030
    -2.00093     0.29380
    -1.98993     0.23520
    -1.97893     0.19370
    -1.96793     0.17131
    -1.95693     0.16357
    -1.94593     0.16319
    -1.93393     0.16343
    -1.92293     0.16032
    -1.91193     0.15298
    -1.90093     0.14308
    -1.88993     0.13372
    -1.87893     0.12860
    -1.86693     0.13122
    -1.85593     0.14435
    -1.84493     0.16908
    -1.83393     0.20380
    -1.82293     0.24400
    -1.81193     0.28180
    -1.80093     0.30920
    -1.78893     0.31980
    -1.77793     0.31180
    -1.76693     0.28760
    -1.75593     0.25280
    -1.74493     0.21240
    -1.73393     0.17105
    -1.72193     0.13172
    -1.71093     0.09687
    -1.69993     0.06868
    -1.68893     0.04891
    -1.67793     0.03863
    -1.66693     0.03801
    -1.65593     0.04646
    -1.64393     0.06278
    -1.63293     0.08500
    -1.62193     0.11007
    -1.61093     0.13382
    -1.59993     0.15150
    -1.58893     0.15936
    -1.57693     0.15652
    -1.56593     0.14656
    -1.55493     0.13746
    -1.54393     0.13970
    -1.53293     0.16296
    -1.52193     0.21200
    -1.50993     0.28400
    -1.49893     0.36710
    -1.48793     0.44380
    -1.47693     0.49680
    -1.46593     0.51520
    -1.45493     0.49880
    -1.44393     0.45680
    -1.43193     0.40240
    -1.42093     0.34720
    -1.40993     0.29780
    -1.39893     0.25580
    -1.38793     0.22060
    -1.37693     0.19223
    -1.36493     0.17175
    -1.35393     0.16088
    -1.34293     0.16124
    -1.33193     0.17372
    -1.32093     0.19805
    -1.30993     0.23220
    -1.29893     0.27200
    -1.28693     0.31080
    -1.27593     0.34100
    -1.26493     0.35660
    -1.25393     0.35620
    -1.24293     0.34330
    -1.23193     0.32380
    -1.21993     0.30280
    -1.20893     0.28130
    -1.19793     0.25700
    -1.18693     0.22660
    -1.17593     0.18898
    -1.16493     0.14675
    -1.15393     0.10501
    -1.14193     0.06884
    -1.13093     0.04132
    -1.11993     0.02298
    -1.10893     0.01256
    -1.09793     0.00829
    -1.08693     0.00879
    -1.07493     0.01337
    -1.06393     0.02178
    -1.05293     0.03366
    -1.04193     0.04814
    -1.03093     0.06381
    -1.01993     0.07934
    -1.00793     0.09414
    -0.99693     0.10866
    -0.98593     0.12377
    -0.97493     0.13951
    -0.96393     0.15397
    -0.95293     0.16355
    -0.94193     0.16447
    -0.92993     0.15496
    -0.91893     0.13671
    -0.90793     0.11475
    -0.89693     0.09595
    -0.88593     0.08666
    -0.87493     0.09066
    -0.86293     0.10772
    -0.85193     0.13344
    -0.84093     0.16019
    -0.82993     0.17954
    -0.81893     0.18512
    -0.80793     0.17486
    -0.79693     0.15163
    -0.78493     0.12171
    -0.77393     0.09244
    -0.76293     0.06997
    -0.75193     0.05842
    -0.74093     0.05985
    -0.72993     0.07475
    -0.71793     0.10196
    -0.70693     0.13824
    -0.69593     0.17844
    -0.68493     0.21680
    -0.67393     0.24950
    -0.66293     0.27630
    -0.65093     0.30070
    -0.63993     0.32660
    -0.62893     0.35510
    -0.61793     0.38160
    -0.60693     0.39720
    -0.59593     0.39320
    -0.58493     0.36500
    -0.57293     0.31520
    -0.56193     0.25260
    -0.55093     0.18828
    -0.53993     0.13243
    -0.52893     0.09133
    -0.51793     0.06679
    -0.50593     0.05684
    -0.49493     0.05705
    -0.48393     0.06212
    -0.47293     0.06741
    -0.46193     0.07025
    -0.45093     0.07076
    -0.43993     0.07164
    -0.42793     0.07696
    -0.41693     0.09024
    -0.40593     0.11259
    -0.39493     0.14186
    -0.38393     0.17342
    -0.37293     0.20220
    -0.36093     0.22530
    -0.34993     0.24390
    -0.33893     0.26260
    -0.32793     0.28730
    -0.31693     0.32100
    -0.30593     0.36080
    -0.29493     0.39800
    -0.28293     0.42070
    -0.27193     0.41920
    -0.26093     0.39070
    -0.24993     0.34010
    -0.23893     0.27820
    -0.22793     0.21700
    -0.21593     0.16508
    -0.20493     0.12580
    -0.19393     0.09776
    -0.18293     0.07727
    -0.17193     0.06089
    -0.16093     0.04684
    -0.14893     0.03491
    -0.13793     0.02564
    -0.12693     0.01936
    -0.11593     0.01573
    -0.10493     0.01390
    -0.09393     0.01288
    -0.08293     0.01197
    -0.07093     0.01092
    -0.05993     0.00982
    -0.04893     0.00893
    -0.03793     0.00843
    -0.02693     0.00851
    -0.01593     0.00944
    -0.00393     0.01188
     0.00707     0.01694
     0.01807     0.02604
     0.02907     0.04042
     0.04007     0.06046
     0.05107     0.08532
     0.06207     0.11292
     0.07407     0.14052
     0.08507     0.16526
     0.09607     0.18450
     0.10707     0.19581
     0.11807     0.19706
     0.12907     0.18699
     0.14107     0.16624
     0.15207     0.13793
     0.16307     0.10721
     0.17407     0.07974
     0.18507     0.05986
     0.19607     0.04934
     0.20807     0.04720
     0.21907     0.05030
     0.23007     0.05467
     0.24107     0.05675
     0.25207     0.05450
     0.26307     0.04779
     0.27407     0.03808
     0.28607     0.02752
     0.29707     0.01802
     0.30807     0.01069
     0.31907     0.00575
     0.33007     0.00280
     0.34107     0.00124
     0.35307     0.00050
     0.36407     0.00021
     0.37507     0.00015
     0.38607     0.00027
     0.39707     0.00061
     0.40807     0.00134
     0.41907     0.00268
     0.43107     0.00485
     0.44207     0.00795
     0.45307     0.01183
     0.46407     0.01593
     0.47507     0.01944
     0.48607     0.02150
     0.49807     0.02152
     0.50907     0.01954
     0.52007     0.01606
     0.53107     0.01196
     0.54207     0.00808
     0.55307     0.00496
     0.56507     0.00280
     0.57607     0.00156
     0.58707     0.00113
     0.59807     0.00149
     0.60907     0.00281
     0.62007     0.00543
     0.63107     0.00976
     0.64307     0.01595
     0.65407     0.02364
     0.66507     0.03174
     0.67607     0.03861
     0.68707     0.04255
     0.69807     0.04248
     0.71007     0.03843
     0.72107     0.03149
     0.73207     0.02339
     0.74307     0.01575
     0.75407     0.00963
     0.76507     0.00540
     0.77607     0.00289
     0.78807     0.00168
     0.79907     0.00136
     0.81007     0.00161
     0.82107     0.00218
     0.83207     0.00287
     0.84307     0.00349
     0.85507     0.00385
     0.86607     0.00386
     0.87707     0.00350
     0.88807     0.00288
     0.89907     0.00214
     0.91007     0.00145
     0.92107     0.00088
     0.93307     0.00049
     0.94407     0.00025
     0.95507     0.00011
     0.96607     0.00005
     0.97707     0.00002
     0.98807     0.00001
     1.00007     0.00000
     1.01107     0.00000
     1.02207     0.00000
     1.03307     0.00000
     1.04407     0.00000
     1.05507     0.00000
     1.06707     0.00000
     1.07807     0.00000
     1.08907     0.00000
     1.10007     0.00000
     1.11107     0.00000
     1.12207     0.00000
     1.13307     0.00000
     1.14507     0.00000
     1.15607     0.00000
     1.16707     0.00000
     1.17807     0.00000
     1.18907     0.00000
     1.20007     0.00000
     1.21207     0.00000
     1.22307     0.00000
     1.23407     0.00000
     1.24507     0.00000
     1.25607     0.00000
     1.26707     0.00000
     1.27807     0.00000
     1.29007     0.00000
     1.30107     0.00000
     1.31207     0.00000
     1.32307     0.00001
     1.33407     0.00005
     1.34507     0.00013
     1.35707     0.00033
     1.36807     0.00077
     1.37907     0.00162
     1.39007     0.00313
     1.40107     0.00550
     1.41207     0.00881
     1.42407     0.01290
     1.43507     0.01734
     1.44607     0.02154
     1.45707     0.02512
     1.46807     0.02810
     1.47907     0.03125
     1.49007     0.03589
     1.50207     0.04363
     1.51307     0.05585
     1.52407     0.07308
     1.53507     0.09441
     1.54607     0.11712
     1.55707     0.13701
     1.56907     0.14960
     1.58007     0.15195
     1.59107     0.14406
     1.60207     0.12902
     1.61307     0.11159
     1.62407     0.09592
     1.63507     0.08395
     1.64707     0.07505
     1.65807     0.06718
     1.66907     0.05846
     1.68007     0.04838
     1.69107     0.03790
     1.70207     0.02892
     1.71407     0.02347
     1.72507     0.02310
     1.73607     0.02870
     1.74707     0.04030
     1.75807     0.05694
     1.76907     0.07644
     1.78007     0.09543
     1.79207     0.10993
     1.80307     0.11643
     1.81407     0.11313
     1.82507     0.10067
     1.83607     0.08194
     1.84707     0.06092
     1.85907     0.04134
     1.87007     0.02558
     1.88107     0.01447
     1.89207     0.00760
     1.90307     0.00407
     1.91407     0.00306
     1.92607     0.00435
     1.93707     0.00843
     1.94807     0.01651
     1.95907     0.03026
     1.97007     0.05128
     1.98107     0.08024
     1.99207     0.11615
     2.00407     0.15583
     2.01507     0.19418
     2.02607     0.22520
     2.03707     0.24390
     2.04807     0.24760
     2.05907     0.23740
     2.07107     0.21760
     2.08207     0.19415
     2.09307     0.17274
     2.10407     0.15686
     2.11507     0.14786
     2.12607     0.14591
     2.13707     0.15106
     2.14907     0.16335
     2.16007     0.18190
     2.17107     0.20380
     2.18207     0.22410
     2.19307     0.23740
     2.20407     0.23980
     2.21607     0.23060
     2.22707     0.21220
     2.23807     0.18847
     2.24907     0.16283
     2.26007     0.13775
     2.27107     0.11435
     2.28307     0.09303
     2.29407     0.07386
     2.30507     0.05691
     2.31607     0.04232
     2.32707     0.03028
     2.33807     0.02097
     2.34907     0.01446
     2.36107     0.01077
     2.37207     0.01006
     2.38307     0.01283
     2.39407     0.02022
     2.40507     0.03392
     2.41607     0.05568
     2.42807     0.08637
     2.43907     0.12473
     2.45007     0.16681
     2.46107     0.20640
     2.47207     0.23720
     2.48307     0.25480
     2.49407     0.25880
     2.50607     0.25220
     2.51707     0.23880
     2.52807     0.22100
     2.53907     0.19970
     2.55007     0.17458
     2.56107     0.14659
     2.57307     0.11874
     2.58407     0.09543
     2.59507     0.08053
     2.60607     0.07557
     2.61707     0.07879
     2.62807     0.08589
     2.63907     0.09174
     2.65107     0.09248
     2.66207     0.08702
     2.67307     0.07733
     2.68407     0.06731
     2.69507     0.06098
     2.70607     0.06080
     2.71807     0.06701
     2.72907     0.07802
     2.74007     0.09186
     2.75107     0.10763
     2.76207     0.12595
     2.77307     0.14803
     2.78507     0.17387
     2.79607     0.20060
     2.80707     0.22240
     2.81807     0.23300
     2.82907     0.22760
     2.84007     0.20660
     2.85107     0.17454
     2.86307     0.13962
     2.87407     0.11036
     2.88507     0.09352
     2.89607     0.09266
     2.90707     0.10754
     2.91807     0.13435
     2.93007     0.16654
     2.94107     0.19613
     2.95207     0.21560
     2.96307     0.21980
     2.97407     0.20720
     2.98507     0.18116
     2.99607     0.14772
     3.00807     0.11481
     3.01907     0.08979
     3.03007     0.07796
     3.04107     0.08192
     3.05207     0.10165
     3.06307     0.13496
     3.07507     0.17792
     3.08607     0.22510
     3.09707     0.26980
     3.10807     0.30420
     3.11907     0.32150
     3.13007     0.31720
     3.14207     0.29100
     3.15307     0.24750
     3.16407     0.19453
     3.17507     0.14102
     3.18607     0.09411
     3.19707     0.05778
     3.20807     0.03261
     3.22007     0.01702
     3.23107     0.00839
     3.24207     0.00431
     3.25307     0.00300
     3.26407     0.00342
     3.27507     0.00502
     3.28707     0.00745
     3.29807     0.01029
     3.30907     0.01302
     3.32007     0.01504
     3.33107     0.01598
     3.34207     0.01596
     3.35307     0.01575
     3.36507     0.01682
     3.37607     0.02113
     3.38707     0.03088
     3.39807     0.04808
     3.40907     0.07383
     3.42007     0.10772
     3.43207     0.14730
     3.44307     0.18816
     3.45407     0.22500
     3.46507     0.25280
     3.47607     0.26820
     3.48707     0.27030
     3.49907     0.26000
     3.51007     0.24000
     3.52107     0.21340
     3.53207     0.18400
     3.54307     0.15530
     3.55407     0.13008
     3.56507     0.11007
     3.57707     0.09569
     3.58807     0.08625
     3.59907     0.08041
     3.61007     0.07678
     3.62107     0.07439
     3.63207     0.07258
     3.64407     0.07084
     3.65507     0.06877
     3.66607     0.06609
     3.67707     0.06289
     3.68807     0.05949
     3.69907     0.05615
     3.71007     0.05281
     3.72207     0.04913
     3.73307     0.04500
     3.74407     0.04102
     3.75507     0.03876
     3.76607     0.04066
     3.77707     0.04931
     3.78907     0.06659
     3.80007     0.09277
     3.81107     0.12563
     3.82207     0.16060
     3.83307     0.19175
     3.84407     0.21380
     3.85507     0.22420
     3.86707     0.22400
     3.87807     0.21730
     3.88907     0.20860
     3.90007     0.20080
     3.91107     0.19394
     3.92207     0.18523
     3.93407     0.17133
     3.94507     0.15051
     3.95607     0.12391
     3.96707     0.09525
     3.97807     0.06919
     3.98907     0.04966
     4.00107     0.03874
     4.01207     0.03670
     4.02307     0.04255
     4.03407     0.05485
     4.04507     0.07203
     4.05607     0.09233
     4.06707     0.11343
     4.07907     0.13218
     4.09007     0.14494
     4.10107     0.14862
     4.11207     0.14200
     4.12307     0.12647
     4.13407     0.10582
     4.14607     0.08513
     4.15707     0.06923
     4.16807     0.06146
     4.17907     0.06318
     4.19007     0.07382
     4.20107     0.09161
     4.21207     0.11439
     4.22407     0.14024
     4.23507     0.16751
     4.24607     0.19425
     4.25707     0.21760
     4.26807     0.23340
     4.27907     0.23760
     4.29107     0.22800
     4.30207     0.20560
     4.31307     0.17480
     4.32407     0.14292
     4.33507     0.11700
     4.34607     0.10185
     4.35807     0.09845
     4.36907     0.10407
     4.38007     0.11366
     4.39107     0.12201
     4.40207     0.12602
     4.41307     0.12605
     4.42407     0.12585
     4.43607     0.13073
     4.44707     0.14481
     4.45807     0.16827
     4.46907     0.19645
     4.48007     0.22100
     4.49107     0.23340
     4.50307     0.22790
     4.51407     0.20450
     4.52507     0.16828
     4.53607     0.12720
     4.54707     0.08920
     4.55807     0.06005
     4.56907     0.04279
     4.58107     0.03829
     4.59207     0.04597
     4.60307     0.06404
     4.61407     0.08924
     4.62507     0.11666
     4.63607     0.14021
     4.64807     0.15414
     4.65907     0.15490
     4.67007     0.14237
     4.68107     0.11983
     4.69207     0.09250
     4.70307     0.06565
     4.71407     0.04304
     4.72607     0.02640
     4.73707     0.01580
     4.74807     0.01046
     4.75907     0.00955
     4.77007     0.01250
     4.78107     0.01897
     4.79307     0.02846
     4.80407     0.04005
     4.81507     0.05241
     4.82607     0.06429
     4.83707     0.07539
     4.84807     0.08698
     4.86007     0.10160
     4.87107     0.12183
     4.88207     0.14834
     4.89307     0.17842
     4.90407     0.20600
     4.91507     0.22330
     4.92607     0.22480
     4.93807     0.20920
     4.94907     0.18020
     4.96007     0.14513
     4.97107     0.11128
     4.98207     0.08365
     4.99307     0.06412
     5.00507     0.05239
     5.01607     0.04772
     5.02707     0.05007
     5.03807     0.06020
     5.04907     0.07870
     5.06007     0.10470
     5.07107     0.13504
     5.08307     0.16452
     5.09407     0.18720
     5.10507     0.19834
     5.11607     0.19619
     5.12707     0.18248
     5.13807     0.16157
     5.15007     0.13853
     5.16107     0.11751
     5.17207     0.10094
     5.18307     0.09017
     5.19407     0.08656
     5.20507     0.09210
     5.21707     0.10893
     5.22807     0.13773
     5.23907     0.17597
     5.25007     0.21740
     5.26107     0.25330
     5.27207     0.27560
     5.28307     0.27980
     5.29507     0.26760
     5.30607     0.24460
     5.31707     0.21880
     5.32807     0.19605
     5.33907     0.17895
     5.35007     0.16654
     5.36207     0.15628
     5.37307     0.14646
     5.38407     0.13796
     5.39507     0.13450
     5.40607     0.14113
     5.41707     0.16176
     5.42807     0.19631
     5.44007     0.23950
     5.45107     0.28130
     5.46207     0.31080
     5.47307     0.32010
     5.48407     0.30750
     5.49507     0.27750
     5.50707     0.23770
     5.51807     0.19623
     5.52907     0.15774
     5.54007     0.12400
     5.55107     0.09493
     5.56207     0.07030
     5.57407     0.05045
     5.58507     0.03616
     5.59607     0.02807
     5.60707     0.02632
     5.61807     0.03030
     5.62907     0.03867
     5.64007     0.04942
     5.65207     0.06016
     5.66307     0.06862
     5.67407     0.07316
     5.68507     0.07310
     5.69607     0.06869
     5.70707     0.06084
     5.71907     0.05080
     5.73007     0.03989
     5.74107     0.02931
     5.75207     0.02005
     5.76307     0.01270
     5.77407     0.00741
     5.78507     0.00397
     5.79707     0.00195
     5.80807     0.00087
     5.81907     0.00036
     5.83007     0.00014
     5.84107     0.00005
     5.85207     0.00002
     5.86407     0.00001
     5.87507     0.00001
     5.88607     0.00000
     5.89707     0.00000
     5.90807     0.00000
     5.91907     0.00000
     5.93007     0.00000
     5.94207     0.00000
     5.95307     0.00000
     5.96407     0.00000
     5.97507     0.00000
     5.98607     0.00000
     5.99707     0.00000
     6.00907     0.00000
     6.02007     0.00000
     6.03107     0.00000
     6.04207     0.00000
     6.05307     0.00000
     6.06407     0.00000
     6.07607     0.00000
     6.08707     0.00000
     6.09807     0.00000
     6.10907     0.00000
     6.12007     0.00000
     6.13107     0.00000
     6.14207     0.00000
     6.15407     0.00000
     6.16507     0.00000
     6.17607     0.00000
     6.18707     0.00000
     6.19807     0.00000
     6.20907     0.00000
     6.22107     0.00000
     6.23207     0.00000
     6.24307     0.00000
     6.25407     0.00000
     6.26507     0.00000
     6.27607     0.00000
     6.28707     0.00000
     6.29907     0.00000
     6.31007     0.00000
     6.32107     0.00000
     6.33207     0.00000
     6.34307     0.00000
     6.35407     0.00000
     6.36607     0.00000
     6.37707     0.00000
     6.38807     0.00000
     6.39907     0.00000
     6.41007     0.00000
     6.42107     0.00000
     6.43307     0.00000
     6.44407     0.00000
     6.45507     0.00000
     6.46607     0.00000
     6.47707     0.00000
     6.48807     0.00000
     6.49907     0.00000
     6.51107     0.00000
     6.52207     0.00000
     6.53307     0.00000
     6.54407     0.00000
     6.55507     0.00000
     6.56607     0.00000
     6.57807     0.00000
     6.58907     0.00000
     6.60007     0.00000
     6.61107     0.00000
     6.62207     0.00000
     6.63307     0.00000
     6.64407     0.00000
     6.65607     0.00000
     6.66707     0.00000
     6.67807     0.00000
     6.68907     0.00000
     6.70007     0.00000
     6.71107     0.00000
     6.72307     0.00000
     6.73407     0.00000
     6.74507     0.00000
     6.75607     0.00000
     6.76707     0.00000
     6.77807     0.00000
     6.78907     0.00000
     6.80107     0.00000
     6.81207     0.00000
     6.82307     0.00000
     6.83407     0.00000
     6.84507     0.00000
     6.85607     0.00000
     6.86807     0.00000
     6.87907     0.00000
     6.89007     0.00000
     6.90107     0.00000
     6.91207     0.00000
     6.92307     0.00000
     6.93507     0.00000
     6.94607     0.00000
     6.95707     0.00000
     6.96807     0.00000
     6.97907     0.00000
     6.99007     0.00000
     7.00107     0.00000
     7.01307     0.00000
     7.02407     0.00000
     7.03507     0.00000
     7.04607     0.00000
     7.05707     0.00000
     7.06807     0.00000
     7.08007     0.00000
     7.09107     0.00000
     7.10207     0.00000
     7.11307     0.00000
     7.12407     0.00000
     7.13507     0.00000
     7.14607     0.00000
     7.15807     0.00000
     7.16907     0.00000
     7.18007     0.00000
     7.19107     0.00000
     7.20207     0.00000
     7.21307     0.00000
     7.22507     0.00000
     7.23607     0.00000
     7.24707     0.00000
     7.25807     0.00000
     7.26907     0.00000
     7.28007     0.00000
     7.29207     0.00000
     7.30307     0.00000
     7.31407     0.00000
     7.32507     0.00000
     7.33607     0.00000
     7.34707     0.00000
     7.35807     0.00000
     7.37007     0.00000
