      #Energy        TDOS
     -26.09793       0.00000
     -26.08693       0.00000
     -26.07593       0.00000
     -26.06493       0.00000
     -26.05293       0.00000
     -26.04193       0.00000
     -26.03093       0.00000
     -26.01993       0.00000
     -26.00893       0.00000
     -25.99793       0.00000
     -25.98693       0.00000
     -25.97493       0.00000
     -25.96393       0.00000
     -25.95293       0.00000
     -25.94193       0.00000
     -25.93093       0.00000
     -25.91993       0.00000
     -25.90793       0.00000
     -25.89693       0.00000
     -25.88593       0.00000
     -25.87493       0.00000
     -25.86393       0.00000
     -25.85293       0.00000
     -25.84193       0.00000
     -25.82993       0.00000
     -25.81893       0.00000
     -25.80793       0.00000
     -25.79693       0.00000
     -25.78593       0.00000
     -25.77493       0.00000
     -25.76293       0.00000
     -25.75193       0.00000
     -25.74093       0.00000
     -25.72993       0.00000
     -25.71893       0.00000
     -25.70793       0.00000
     -25.69593       0.00000
     -25.68493       0.00000
     -25.67393       0.00000
     -25.66293       0.00000
     -25.65193       0.00000
     -25.64093       0.00000
     -25.62993       0.00000
     -25.61793       0.00000
     -25.60693       0.00000
     -25.59593       0.00000
     -25.58493       0.00000
     -25.57393       0.00000
     -25.56293       0.00000
     -25.55093       0.00000
     -25.53993       0.00000
     -25.52893       0.00000
     -25.51793       0.00000
     -25.50693       0.00000
     -25.49593       0.00000
     -25.48493       0.00000
     -25.47293       0.00000
     -25.46193       0.00000
     -25.45093       0.00000
     -25.43993       0.00000
     -25.42893       0.00000
     -25.41793       0.00000
     -25.40593       0.00000
     -25.39493       0.00000
     -25.38393       0.00000
     -25.37293       0.00000
     -25.36193       0.00000
     -25.35093       0.00000
     -25.33993       0.00000
     -25.32793       0.00000
     -25.31693       0.00000
     -25.30593       0.00000
     -25.29493       0.00000
     -25.28393       0.00000
     -25.27293       0.00000
     -25.26093       0.00000
     -25.24993       0.00000
     -25.23893       0.00000
     -25.22793       0.00000
     -25.21693       0.00000
     -25.20593       0.00000
     -25.19393       0.00000
     -25.18293       0.00000
     -25.17193       0.00000
     -25.16093       0.00000
     -25.14993       0.00000
     -25.13893       0.00000
     -25.12793       0.00000
     -25.11593       0.00000
     -25.10493       0.00000
     -25.09393       0.00000
     -25.08293       0.00000
     -25.07193       0.00000
     -25.06093       0.00000
     -25.04893       0.00000
     -25.03793       0.00000
     -25.02693       0.00000
     -25.01593       0.00000
     -25.00493       0.00000
     -24.99393       0.00000
     -24.98293       0.00000
     -24.97093       0.00000
     -24.95993       0.00000
     -24.94893       0.00000
     -24.93793       0.00000
     -24.92693       0.00000
     -24.91593       0.00000
     -24.90393       0.00000
     -24.89293       0.00000
     -24.88193       0.00000
     -24.87093       0.00000
     -24.85993       0.00000
     -24.84893       0.00000
     -24.83693       0.00000
     -24.82593       0.00000
     -24.81493       0.00000
     -24.80393       0.00000
     -24.79293       0.00000
     -24.78193       0.00000
     -24.77093       0.00000
     -24.75893       0.00002
     -24.74793       0.00010
     -24.73693       0.00047
     -24.72593       0.00204
     -24.71493       0.00816
     -24.70393       0.02961
     -24.69193       0.09775
     -24.68093       0.29370
     -24.66993       0.80320
     -24.65893       2.00200
     -24.64793       4.55100
     -24.63693       9.44600
     -24.62593      17.93000
     -24.61393      31.16000
     -24.60293      49.73000
     -24.59193      73.05000
     -24.58093      99.09000
     -24.56993     124.60000
     -24.55893     146.00000
     -24.54693     160.60000
     -24.53593     167.20000
     -24.52493     167.30000
     -24.51393     164.30000
     -24.50293     162.30000
     -24.49193     165.50000
     -24.48093     176.10000
     -24.46893     194.00000
     -24.45793     217.10000
     -24.44693     241.50000
     -24.43593     263.10000
     -24.42493     278.90000
     -24.41393     287.50000
     -24.40193     289.60000
     -24.39093     287.40000
     -24.37993     284.20000
     -24.36893     283.20000
     -24.35793     286.70000
     -24.34693     295.50000
     -24.33493     308.90000
     -24.32393     324.80000
     -24.31293     340.50000
     -24.30193     353.20000
     -24.29093     361.00000
     -24.27993     363.70000
     -24.26893     362.20000
     -24.25693     359.00000
     -24.24593     356.50000
     -24.23493     356.50000
     -24.22393     359.40000
     -24.21293     364.50000
     -24.20193     370.30000
     -24.18993     375.40000
     -24.17893     378.90000
     -24.16793     380.30000
     -24.15693     379.30000
     -24.14593     375.30000
     -24.13493     367.50000
     -24.12393     354.90000
     -24.11193     336.90000
     -24.10093     313.00000
     -24.08993     283.40000
     -24.07893     249.20000
     -24.06793     212.40000
     -24.05693     175.90000
     -24.04493     142.80000
     -24.03393     115.10000
     -24.02293      93.33000
     -24.01193      76.44000
     -24.00093      62.59000
     -23.98993      50.26000
     -23.97793      38.86000
     -23.96693      28.82000
     -23.95593      21.18000
     -23.94493      17.18000
     -23.93393      17.97000
     -23.92293      24.49000
     -23.91193      37.41000
     -23.89993      56.79000
     -23.88893      81.67000
     -23.87793     109.80000
     -23.86693     137.60000
     -23.85593     160.80000
     -23.84493     175.50000
     -23.83293     179.30000
     -23.82193     172.00000
     -23.81093     155.50000
     -23.79993     132.90000
     -23.78893     107.80000
     -23.77793      82.92000
     -23.76693      60.45000
     -23.75493      41.58000
     -23.74393      26.83000
     -23.73293      16.13000
     -23.72193       8.98500
     -23.71093       4.61000
     -23.69993       2.17000
     -23.68793       0.93380
     -23.67693       0.36650
     -23.66593       0.13100
     -23.65493       0.04258
     -23.64393       0.01257
     -23.63293       0.00337
     -23.62093       0.00082
     -23.60993       0.00018
     -23.59893       0.00004
     -23.58793       0.00001
     -23.57693       0.00000
     -23.56593       0.00000
     -23.55493       0.00000
     -23.54293       0.00000
     -23.53193       0.00000
     -23.52093       0.00000
     -23.50993       0.00000
     -23.49893       0.00000
     -23.48793       0.00000
     -23.47593       0.00000
     -23.46493       0.00000
     -23.45393       0.00000
     -23.44293       0.00000
     -23.43193       0.00000
     -23.42093       0.00000
     -23.40993       0.00000
     -23.39793       0.00000
     -23.38693       0.00000
     -23.37593       0.00000
     -23.36493       0.00000
     -23.35393       0.00000
     -23.34293       0.00000
     -23.33093       0.00000
     -23.31993       0.00000
     -23.30893       0.00000
     -23.29793       0.00000
     -23.28693       0.00000
     -23.27593       0.00000
     -23.26493       0.00000
     -23.25293       0.00000
     -23.24193       0.00000
     -23.23093       0.00000
     -23.21993       0.00000
     -23.20893       0.00000
     -23.19793       0.00000
     -23.18593       0.00000
     -23.17493       0.00000
     -23.16393       0.00000
     -23.15293       0.00000
     -23.14193       0.00000
     -23.13093       0.00000
     -23.11893       0.00000
     -23.10793       0.00000
     -23.09693       0.00000
     -23.08593       0.00000
     -23.07493       0.00000
     -23.06393       0.00000
     -23.05293       0.00000
     -23.04093       0.00000
     -23.02993       0.00000
     -23.01893       0.00000
     -23.00793       0.00000
     -22.99693       0.00000
     -22.98593       0.00000
     -22.97393       0.00000
     -22.96293       0.00000
     -22.95193       0.00000
     -22.94093       0.00000
     -22.92993       0.00000
     -22.91893       0.00000
     -22.90793       0.00000
     -22.89593       0.00000
     -22.88493       0.00000
     -22.87393       0.00000
     -22.86293       0.00000
     -22.85193       0.00000
     -22.84093       0.00000
     -22.82893       0.00000
     -22.81793       0.00000
     -22.80693       0.00000
     -22.79593       0.00000
     -22.78493       0.00000
     -22.77393       0.00000
     -22.76193       0.00000
     -22.75093       0.00000
     -22.73993       0.00000
     -22.72893       0.00000
     -22.71793       0.00000
     -22.70693       0.00000
     -22.69593       0.00000
     -22.68393       0.00000
     -22.67293       0.00000
     -22.66193       0.00000
     -22.65093       0.00000
     -22.63993       0.00000
     -22.62893       0.00000
     -22.61693       0.00000
     -22.60593       0.00000
     -22.59493       0.00000
     -22.58393       0.00000
     -22.57293       0.00000
     -22.56193       0.00000
     -22.55093       0.00000
     -22.53893       0.00000
     -22.52793       0.00000
     -22.51693       0.00000
     -22.50593       0.00000
     -22.49493       0.00000
     -22.48393       0.00000
     -22.47193       0.00000
     -22.46093       0.00000
     -22.44993       0.00000
     -22.43893       0.00000
     -22.42793       0.00000
     -22.41693       0.00000
     -22.40593       0.00000
     -22.39393       0.00000
     -22.38293       0.00000
     -22.37193       0.00000
     -22.36093       0.00000
     -22.34993       0.00000
     -22.33893       0.00000
     -22.32693       0.00000
     -22.31593       0.00000
     -22.30493       0.00000
     -22.29393       0.00000
     -22.28293       0.00000
     -22.27193       0.00000
     -22.25993       0.00000
     -22.24893       0.00000
     -22.23793       0.00000
     -22.22693       0.00000
     -22.21593       0.00000
     -22.20493       0.00000
     -22.19393       0.00000
     -22.18193       0.00000
     -22.17093       0.00000
     -22.15993       0.00000
     -22.14893       0.00000
     -22.13793       0.00000
     -22.12693       0.00000
     -22.11493       0.00000
     -22.10393       0.00000
     -22.09293       0.00000
     -22.08193       0.00000
     -22.07093       0.00000
     -22.05993       0.00000
     -22.04893       0.00000
     -22.03693       0.00000
     -22.02593       0.00000
     -22.01493       0.00000
     -22.00393       0.00000
     -21.99293       0.00000
     -21.98193       0.00000
     -21.96993       0.00000
     -21.95893       0.00000
     -21.94793       0.00000
     -21.93693       0.00000
     -21.92593       0.00000
     -21.91493       0.00000
     -21.90293       0.00000
     -21.89193       0.00000
     -21.88093       0.00000
     -21.86993       0.00000
     -21.85893       0.00000
     -21.84793       0.00000
     -21.83693       0.00000
     -21.82493       0.00000
     -21.81393       0.00000
     -21.80293       0.00000
     -21.79193       0.00000
     -21.78093       0.00000
     -21.76993       0.00000
     -21.75793       0.00000
     -21.74693       0.00000
     -21.73593       0.00000
     -21.72493       0.00000
     -21.71393       0.00000
     -21.70293       0.00000
     -21.69193       0.00000
     -21.67993       0.00000
     -21.66893       0.00000
     -21.65793       0.00000
     -21.64693       0.00000
     -21.63593       0.00000
     -21.62493       0.00000
     -21.61293       0.00000
     -21.60193       0.00000
     -21.59093       0.00000
     -21.57993       0.00000
     -21.56893       0.00000
     -21.55793       0.00000
     -21.54593       0.00000
     -21.53493       0.00000
     -21.52393       0.00000
     -21.51293       0.00000
     -21.50193       0.00000
     -21.49093       0.00000
     -21.47993       0.00000
     -21.46793       0.00000
     -21.45693       0.00000
     -21.44593       0.00000
     -21.43493       0.00000
     -21.42393       0.00000
     -21.41293       0.00000
     -21.40093       0.00000
     -21.38993       0.00000
     -21.37893       0.00000
     -21.36793       0.00000
     -21.35693       0.00000
     -21.34593       0.00000
     -21.33493       0.00000
     -21.32293       0.00000
     -21.31193       0.00000
     -21.30093       0.00000
     -21.28993       0.00000
     -21.27893       0.00000
     -21.26793       0.00000
     -21.25593       0.00000
     -21.24493       0.00000
     -21.23393       0.00000
     -21.22293       0.00000
     -21.21193       0.00000
     -21.20093       0.00000
     -21.18993       0.00000
     -21.17793       0.00000
     -21.16693       0.00000
     -21.15593       0.00000
     -21.14493       0.00000
     -21.13393       0.00000
     -21.12293       0.00000
     -21.11093       0.00000
     -21.09993       0.00000
     -21.08893       0.00000
     -21.07793       0.00000
     -21.06693       0.00000
     -21.05593       0.00000
     -21.04393       0.00000
     -21.03293       0.00000
     -21.02193       0.00000
     -21.01093       0.00000
     -20.99993       0.00000
     -20.98893       0.00000
     -20.97793       0.00000
     -20.96593       0.00000
     -20.95493       0.00000
     -20.94393       0.00000
     -20.93293       0.00000
     -20.92193       0.00000
     -20.91093       0.00000
     -20.89893       0.00000
     -20.88793       0.00000
     -20.87693       0.00000
     -20.86593       0.00000
     -20.85493       0.00000
     -20.84393       0.00000
     -20.83293       0.00000
     -20.82093       0.00000
     -20.80993       0.00000
     -20.79893       0.00000
     -20.78793       0.00000
     -20.77693       0.00000
     -20.76593       0.00000
     -20.75393       0.00000
     -20.74293       0.00000
     -20.73193       0.00000
     -20.72093       0.00000
     -20.70993       0.00000
     -20.69893       0.00000
     -20.68693       0.00000
     -20.67593       0.00000
     -20.66493       0.00000
     -20.65393       0.00000
     -20.64293       0.00000
     -20.63193       0.00000
     -20.62093       0.00000
     -20.60893       0.00000
     -20.59793       0.00000
     -20.58693       0.00000
     -20.57593       0.00000
     -20.56493       0.00000
     -20.55393       0.00000
     -20.54193       0.00000
     -20.53093       0.00000
     -20.51993       0.00000
     -20.50893       0.00000
     -20.49793       0.00000
     -20.48693       0.00000
     -20.47593       0.00000
     -20.46393       0.00000
     -20.45293       0.00000
     -20.44193       0.00000
     -20.43093       0.00000
     -20.41993       0.00000
     -20.40893       0.00000
     -20.39693       0.00000
     -20.38593       0.00000
     -20.37493       0.00000
     -20.36393       0.00000
     -20.35293       0.00000
     -20.34193       0.00000
     -20.33093       0.00000
     -20.31893       0.00000
     -20.30793       0.00000
     -20.29693       0.00000
     -20.28593       0.00000
     -20.27493       0.00000
     -20.26393       0.00000
     -20.25193       0.00000
     -20.24093       0.00000
     -20.22993       0.00000
     -20.21893       0.00000
     -20.20793       0.00000
     -20.19693       0.00000
     -20.18493       0.00000
     -20.17393       0.00000
     -20.16293       0.00000
     -20.15193       0.00000
     -20.14093       0.00000
     -20.12993       0.00000
     -20.11893       0.00000
     -20.10693       0.00000
     -20.09593       0.00000
     -20.08493       0.00000
     -20.07393       0.00000
     -20.06293       0.00000
     -20.05193       0.00000
     -20.03993       0.00000
     -20.02893       0.00000
     -20.01793       0.00000
     -20.00693       0.00000
     -19.99593       0.00000
     -19.98493       0.00000
     -19.97393       0.00000
     -19.96193       0.00000
     -19.95093       0.00000
     -19.93993       0.00000
     -19.92893       0.00000
     -19.91793       0.00000
     -19.90693       0.00000
     -19.89493       0.00000
     -19.88393       0.00000
     -19.87293       0.00000
     -19.86193       0.00000
     -19.85093       0.00000
     -19.83993       0.00000
     -19.82793       0.00000
     -19.81693       0.00000
     -19.80593       0.00000
     -19.79493       0.00000
     -19.78393       0.00000
     -19.77293       0.00000
     -19.76193       0.00000
     -19.74993       0.00000
     -19.73893       0.00000
     -19.72793       0.00000
     -19.71693       0.00000
     -19.70593       0.00000
     -19.69493       0.00000
     -19.68293       0.00000
     -19.67193       0.00000
     -19.66093       0.00000
     -19.64993       0.00000
     -19.63893       0.00000
     -19.62793       0.00000
     -19.61693       0.00000
     -19.60493       0.00000
     -19.59393       0.00000
     -19.58293       0.00000
     -19.57193       0.00000
     -19.56093       0.00000
     -19.54993       0.00000
     -19.53793       0.00000
     -19.52693       0.00000
     -19.51593       0.00000
     -19.50493       0.00000
     -19.49393       0.00000
     -19.48293       0.00000
     -19.47193       0.00000
     -19.45993       0.00000
     -19.44893       0.00000
     -19.43793       0.00000
     -19.42693       0.00000
     -19.41593       0.00000
     -19.40493       0.00000
     -19.39293       0.00000
     -19.38193       0.00000
     -19.37093       0.00000
     -19.35993       0.00000
     -19.34893       0.00000
     -19.33793       0.00000
     -19.32593       0.00000
     -19.31493       0.00000
     -19.30393       0.00000
     -19.29293       0.00000
     -19.28193       0.00000
     -19.27093       0.00000
     -19.25993       0.00000
     -19.24793       0.00000
     -19.23693       0.00000
     -19.22593       0.00000
     -19.21493       0.00000
     -19.20393       0.00000
     -19.19293       0.00000
     -19.18093       0.00000
     -19.16993       0.00000
     -19.15893       0.00000
     -19.14793       0.00000
     -19.13693       0.00000
     -19.12593       0.00000
     -19.11493       0.00000
     -19.10293       0.00000
     -19.09193       0.00000
     -19.08093       0.00000
     -19.06993       0.00000
     -19.05893       0.00000
     -19.04793       0.00000
     -19.03593       0.00000
     -19.02493       0.00000
     -19.01393       0.00000
     -19.00293       0.00000
     -18.99193       0.00000
     -18.98093       0.00000
     -18.96893       0.00000
     -18.95793       0.00000
     -18.94693       0.00000
     -18.93593       0.00000
     -18.92493       0.00000
     -18.91393       0.00000
     -18.90293       0.00000
     -18.89093       0.00000
     -18.87993       0.00000
     -18.86893       0.00000
     -18.85793       0.00000
     -18.84693       0.00000
     -18.83593       0.00000
     -18.82393       0.00000
     -18.81293       0.00000
     -18.80193       0.00000
     -18.79093       0.00000
     -18.77993       0.00000
     -18.76893       0.00000
     -18.75793       0.00000
     -18.74593       0.00000
     -18.73493       0.00000
     -18.72393       0.00000
     -18.71293       0.00000
     -18.70193       0.00000
     -18.69093       0.00000
     -18.67893       0.00000
     -18.66793       0.00000
     -18.65693       0.00000
     -18.64593       0.00000
     -18.63493       0.00000
     -18.62393       0.00000
     -18.61193       0.00000
     -18.60093       0.00000
     -18.58993       0.00000
     -18.57893       0.00000
     -18.56793       0.00000
     -18.55693       0.00000
     -18.54593       0.00000
     -18.53393       0.00000
     -18.52293       0.00000
     -18.51193       0.00000
     -18.50093       0.00000
     -18.48993       0.00000
     -18.47893       0.00000
     -18.46693       0.00000
     -18.45593       0.00000
     -18.44493       0.00000
     -18.43393       0.00000
     -18.42293       0.00000
     -18.41193       0.00000
     -18.40093       0.00000
     -18.38893       0.00000
     -18.37793       0.00000
     -18.36693       0.00000
     -18.35593       0.00000
     -18.34493       0.00000
     -18.33393       0.00000
     -18.32193       0.00000
     -18.31093       0.00000
     -18.29993       0.00000
     -18.28893       0.00000
     -18.27793       0.00000
     -18.26693       0.00000
     -18.25593       0.00000
     -18.24393       0.00000
     -18.23293       0.00000
     -18.22193       0.00000
     -18.21093       0.00000
     -18.19993       0.00000
     -18.18893       0.00000
     -18.17693       0.00000
     -18.16593       0.00000
     -18.15493       0.00000
     -18.14393       0.00000
     -18.13293       0.00000
     -18.12193       0.00000
     -18.10993       0.00000
     -18.09893       0.00000
     -18.08793       0.00000
     -18.07693       0.00000
     -18.06593       0.00000
     -18.05493       0.00000
     -18.04393       0.00000
     -18.03193       0.00000
     -18.02093       0.00000
     -18.00993       0.00000
     -17.99893       0.00000
     -17.98793       0.00000
     -17.97693       0.00000
     -17.96493       0.00000
     -17.95393       0.00000
     -17.94293       0.00000
     -17.93193       0.00000
     -17.92093       0.00000
     -17.90993       0.00000
     -17.89893       0.00000
     -17.88693       0.00000
     -17.87593       0.00000
     -17.86493       0.00000
     -17.85393       0.00000
     -17.84293       0.00000
     -17.83193       0.00000
     -17.81993       0.00000
     -17.80893       0.00000
     -17.79793       0.00000
     -17.78693       0.00000
     -17.77593       0.00000
     -17.76493       0.00000
     -17.75293       0.00000
     -17.74193       0.00000
     -17.73093       0.00000
     -17.71993       0.00000
     -17.70893       0.00000
     -17.69793       0.00000
     -17.68693       0.00000
     -17.67493       0.00000
     -17.66393       0.00000
     -17.65293       0.00000
     -17.64193       0.00000
     -17.63093       0.00000
     -17.61993       0.00000
     -17.60793       0.00000
     -17.59693       0.00000
     -17.58593       0.00000
     -17.57493       0.00000
     -17.56393       0.00000
     -17.55293       0.00000
     -17.54193       0.00000
     -17.52993       0.00000
     -17.51893       0.00000
     -17.50793       0.00000
     -17.49693       0.00000
     -17.48593       0.00000
     -17.47493       0.00000
     -17.46293       0.00000
     -17.45193       0.00000
     -17.44093       0.00000
     -17.42993       0.00000
     -17.41893       0.00000
     -17.40793       0.00000
     -17.39693       0.00000
     -17.38493       0.00000
     -17.37393       0.00000
     -17.36293       0.00000
     -17.35193       0.00000
     -17.34093       0.00000
     -17.32993       0.00000
     -17.31793       0.00000
     -17.30693       0.00000
     -17.29593       0.00000
     -17.28493       0.00000
     -17.27393       0.00000
     -17.26293       0.00000
     -17.25093       0.00000
     -17.23993       0.00000
     -17.22893       0.00000
     -17.21793       0.00000
     -17.20693       0.00000
     -17.19593       0.00000
     -17.18493       0.00000
     -17.17293       0.00000
     -17.16193       0.00000
     -17.15093       0.00000
     -17.13993       0.00000
     -17.12893       0.00000
     -17.11793       0.00000
     -17.10593       0.00000
     -17.09493       0.00000
     -17.08393       0.00000
     -17.07293       0.00000
     -17.06193       0.00000
     -17.05093       0.00000
     -17.03993       0.00000
     -17.02793       0.00000
     -17.01693       0.00000
     -17.00593       0.00000
     -16.99493       0.00000
     -16.98393       0.00000
     -16.97293       0.00000
     -16.96093       0.00000
     -16.94993       0.00000
     -16.93893       0.00000
     -16.92793       0.00000
     -16.91693       0.00000
     -16.90593       0.00000
     -16.89393       0.00000
     -16.88293       0.00000
     -16.87193       0.00000
     -16.86093       0.00000
     -16.84993       0.00000
     -16.83893       0.00000
     -16.82793       0.00000
     -16.81593       0.00000
     -16.80493       0.00000
     -16.79393       0.00000
     -16.78293       0.00000
     -16.77193       0.00000
     -16.76093       0.00000
     -16.74893       0.00000
     -16.73793       0.00000
     -16.72693       0.00000
     -16.71593       0.00000
     -16.70493       0.00000
     -16.69393       0.00000
     -16.68293       0.00000
     -16.67093       0.00000
     -16.65993       0.00000
     -16.64893       0.00000
     -16.63793       0.00000
     -16.62693       0.00000
     -16.61593       0.00000
     -16.60393       0.00000
     -16.59293       0.00000
     -16.58193       0.00000
     -16.57093       0.00000
     -16.55993       0.00000
     -16.54893       0.00000
     -16.53693       0.00000
     -16.52593       0.00000
     -16.51493       0.00000
     -16.50393       0.00000
     -16.49293       0.00000
     -16.48193       0.00000
     -16.47093       0.00000
     -16.45893       0.00000
     -16.44793       0.00000
     -16.43693       0.00000
     -16.42593       0.00000
     -16.41493       0.00000
     -16.40393       0.00000
     -16.39193       0.00000
     -16.38093       0.00000
     -16.36993       0.00000
     -16.35893       0.00000
     -16.34793       0.00000
     -16.33693       0.00000
     -16.32593       0.00000
     -16.31393       0.00000
     -16.30293       0.00000
     -16.29193       0.00000
     -16.28093       0.00000
     -16.26993       0.00000
     -16.25893       0.00000
     -16.24693       0.00000
     -16.23593       0.00000
     -16.22493       0.00000
     -16.21393       0.00000
     -16.20293       0.00000
     -16.19193       0.00000
     -16.18093       0.00000
     -16.16893       0.00000
     -16.15793       0.00000
     -16.14693       0.00000
     -16.13593       0.00000
     -16.12493       0.00000
     -16.11393       0.00000
     -16.10193       0.00000
     -16.09093       0.00000
     -16.07993       0.00000
     -16.06893       0.00000
     -16.05793       0.00000
     -16.04693       0.00000
     -16.03493       0.00000
     -16.02393       0.00000
     -16.01293       0.00000
     -16.00193       0.00000
     -15.99093       0.00000
     -15.97993       0.00000
     -15.96893       0.00000
     -15.95693       0.00000
     -15.94593       0.00000
     -15.93493       0.00000
     -15.92393       0.00000
     -15.91293       0.00000
     -15.90193       0.00000
     -15.88993       0.00000
     -15.87893       0.00000
     -15.86793       0.00000
     -15.85693       0.00000
     -15.84593       0.00000
     -15.83493       0.00000
     -15.82393       0.00000
     -15.81193       0.00000
     -15.80093       0.00000
     -15.78993       0.00000
     -15.77893       0.00000
     -15.76793       0.00000
     -15.75693       0.00000
     -15.74493       0.00000
     -15.73393       0.00000
     -15.72293       0.00000
     -15.71193       0.00000
     -15.70093       0.00000
     -15.68993       0.00000
     -15.67793       0.00000
     -15.66693       0.00000
     -15.65593       0.00000
     -15.64493       0.00000
     -15.63393       0.00000
     -15.62293       0.00000
     -15.61193       0.00000
     -15.59993       0.00000
     -15.58893       0.00000
     -15.57793       0.00000
     -15.56693       0.00000
     -15.55593       0.00000
     -15.54493       0.00000
     -15.53293       0.00000
     -15.52193       0.00000
     -15.51093       0.00000
     -15.49993       0.00000
     -15.48893       0.00000
     -15.47793       0.00000
     -15.46693       0.00000
     -15.45493       0.00000
     -15.44393       0.00000
     -15.43293       0.00000
     -15.42193       0.00000
     -15.41093       0.00000
     -15.39993       0.00000
     -15.38793       0.00000
     -15.37693       0.00000
     -15.36593       0.00000
     -15.35493       0.00000
     -15.34393       0.00000
     -15.33293       0.00000
     -15.32193       0.00000
     -15.30993       0.00000
     -15.29893       0.00000
     -15.28793       0.00000
     -15.27693       0.00000
     -15.26593       0.00000
     -15.25493       0.00000
     -15.24293       0.00000
     -15.23193       0.00000
     -15.22093       0.00000
     -15.20993       0.00000
     -15.19893       0.00000
     -15.18793       0.00000
     -15.17593       0.00000
     -15.16493       0.00000
     -15.15393       0.00000
     -15.14293       0.00000
     -15.13193       0.00000
     -15.12093       0.00000
     -15.10993       0.00000
     -15.09793       0.00000
     -15.08693       0.00000
     -15.07593       0.00000
     -15.06493       0.00000
     -15.05393       0.00000
     -15.04293       0.00000
     -15.03093       0.00000
     -15.01993       0.00000
     -15.00893       0.00000
     -14.99793       0.00000
     -14.98693       0.00000
     -14.97593       0.00000
     -14.96493       0.00000
     -14.95293       0.00000
     -14.94193       0.00000
     -14.93093       0.00000
     -14.91993       0.00000
     -14.90893       0.00000
     -14.89793       0.00000
     -14.88593       0.00000
     -14.87493       0.00000
     -14.86393       0.00000
     -14.85293       0.00000
     -14.84193       0.00000
     -14.83093       0.00000
     -14.81893       0.00000
     -14.80793       0.00000
     -14.79693       0.00000
     -14.78593       0.00000
     -14.77493       0.00000
     -14.76393       0.00000
     -14.75293       0.00000
     -14.74093       0.00000
     -14.72993       0.00000
     -14.71893       0.00000
     -14.70793       0.00000
     -14.69693       0.00000
     -14.68593       0.00000
     -14.67393       0.00000
     -14.66293       0.00000
     -14.65193       0.00000
     -14.64093       0.00000
     -14.62993       0.00000
     -14.61893       0.00000
     -14.60793       0.00000
     -14.59593       0.00000
     -14.58493       0.00000
     -14.57393       0.00000
     -14.56293       0.00000
     -14.55193       0.00000
     -14.54093       0.00000
     -14.52893       0.00000
     -14.51793       0.00000
     -14.50693       0.00000
     -14.49593       0.00000
     -14.48493       0.00000
     -14.47393       0.00000
     -14.46293       0.00000
     -14.45093       0.00000
     -14.43993       0.00000
     -14.42893       0.00000
     -14.41793       0.00000
     -14.40693       0.00000
     -14.39593       0.00000
     -14.38393       0.00000
     -14.37293       0.00000
     -14.36193       0.00000
     -14.35093       0.00000
     -14.33993       0.00000
     -14.32893       0.00000
     -14.31693       0.00000
     -14.30593       0.00000
     -14.29493       0.00000
     -14.28393       0.00000
     -14.27293       0.00000
     -14.26193       0.00000
     -14.25093       0.00000
     -14.23893       0.00000
     -14.22793       0.00000
     -14.21693       0.00000
     -14.20593       0.00000
     -14.19493       0.00000
     -14.18393       0.00000
     -14.17193       0.00000
     -14.16093       0.00000
     -14.14993       0.00000
     -14.13893       0.00000
     -14.12793       0.00000
     -14.11693       0.00000
     -14.10593       0.00000
     -14.09393       0.00000
     -14.08293       0.00000
     -14.07193       0.00000
     -14.06093       0.00000
     -14.04993       0.00000
     -14.03893       0.00000
     -14.02693       0.00000
     -14.01593       0.00000
     -14.00493       0.00000
     -13.99393       0.00000
     -13.98293       0.00000
     -13.97193       0.00000
     -13.95993       0.00000
     -13.94893       0.00000
     -13.93793       0.00000
     -13.92693       0.00000
     -13.91593       0.00000
     -13.90493       0.00000
     -13.89393       0.00000
     -13.88193       0.00000
     -13.87093       0.00000
     -13.85993       0.00000
     -13.84893       0.00000
     -13.83793       0.00000
     -13.82693       0.00000
     -13.81493       0.00000
     -13.80393       0.00000
     -13.79293       0.00000
     -13.78193       0.00000
     -13.77093       0.00000
     -13.75993       0.00000
     -13.74893       0.00000
     -13.73693       0.00000
     -13.72593       0.00000
     -13.71493       0.00000
     -13.70393       0.00000
     -13.69293       0.00000
     -13.68193       0.00000
     -13.66993       0.00000
     -13.65893       0.00000
     -13.64793       0.00000
     -13.63693       0.00000
     -13.62593       0.00000
     -13.61493       0.00000
     -13.60293       0.00000
     -13.59193       0.00000
     -13.58093       0.00000
     -13.56993       0.00000
     -13.55893       0.00000
     -13.54793       0.00000
     -13.53693       0.00000
     -13.52493       0.00000
     -13.51393       0.00000
     -13.50293       0.00000
     -13.49193       0.00000
     -13.48093       0.00000
     -13.46993       0.00000
     -13.45793       0.00000
     -13.44693       0.00000
     -13.43593       0.00000
     -13.42493       0.00000
     -13.41393       0.00000
     -13.40293       0.00000
     -13.39193       0.00000
     -13.37993       0.00000
     -13.36893       0.00000
     -13.35793       0.00000
     -13.34693       0.00000
     -13.33593       0.00000
     -13.32493       0.00000
     -13.31293       0.00000
     -13.30193       0.00000
     -13.29093       0.00000
     -13.27993       0.00000
     -13.26893       0.00000
     -13.25793       0.00000
     -13.24693       0.00000
     -13.23493       0.00000
     -13.22393       0.00000
     -13.21293       0.00000
     -13.20193       0.00000
     -13.19093       0.00000
     -13.17993       0.00000
     -13.16793       0.00000
     -13.15693       0.00000
     -13.14593       0.00000
     -13.13493       0.00000
     -13.12393       0.00000
     -13.11293       0.00000
     -13.10093       0.00000
     -13.08993       0.00000
     -13.07893       0.00000
     -13.06793       0.00000
     -13.05693       0.00000
     -13.04593       0.00000
     -13.03493       0.00000
     -13.02293       0.00000
     -13.01193       0.00000
     -13.00093       0.00000
     -12.98993       0.00000
     -12.97893       0.00000
     -12.96793       0.00000
     -12.95593       0.00000
     -12.94493       0.00000
     -12.93393       0.00000
     -12.92293       0.00000
     -12.91193       0.00000
     -12.90093       0.00000
     -12.88993       0.00000
     -12.87793       0.00000
     -12.86693       0.00000
     -12.85593       0.00000
     -12.84493       0.00000
     -12.83393       0.00000
     -12.82293       0.00000
     -12.81093       0.00000
     -12.79993       0.00000
     -12.78893       0.00000
     -12.77793       0.00000
     -12.76693       0.00000
     -12.75593       0.00000
     -12.74393       0.00000
     -12.73293       0.00000
     -12.72193       0.00000
     -12.71093       0.00000
     -12.69993       0.00000
     -12.68893       0.00000
     -12.67793       0.00000
     -12.66593       0.00000
     -12.65493       0.00000
     -12.64393       0.00000
     -12.63293       0.00000
     -12.62193       0.00000
     -12.61093       0.00000
     -12.59893       0.00000
     -12.58793       0.00000
     -12.57693       0.00000
     -12.56593       0.00000
     -12.55493       0.00000
     -12.54393       0.00000
     -12.53293       0.00000
     -12.52093       0.00000
     -12.50993       0.00000
     -12.49893       0.00000
     -12.48793       0.00000
     -12.47693       0.00000
     -12.46593       0.00000
     -12.45393       0.00001
     -12.44293       0.00005
     -12.43193       0.00018
     -12.42093       0.00065
     -12.40993       0.00212
     -12.39893       0.00625
     -12.38793       0.01674
     -12.37593       0.04060
     -12.36493       0.08921
     -12.35393       0.17760
     -12.34293       0.32030
     -12.33193       0.52330
     -12.32093       0.77460
     -12.30893       1.03900
     -12.29793       1.26200
     -12.28693       1.38900
     -12.27593       1.38500
     -12.26493       1.25200
     -12.25393       1.02500
     -12.24193       0.75980
     -12.23093       0.51050
     -12.21993       0.31070
     -12.20893       0.17140
     -12.19793       0.08568
     -12.18693       0.03910
     -12.17593       0.01725
     -12.16393       0.01059
     -12.15293       0.01655
     -12.14193       0.04162
     -12.13093       0.10480
     -12.11993       0.24180
     -12.10893       0.50620
     -12.09693       0.96010
     -12.08593       1.65000
     -12.07493       2.56800
     -12.06393       3.62200
     -12.05293       4.62800
     -12.04193       5.35700
     -12.03093       5.61800
     -12.01893       5.33800
     -12.00793       4.59500
     -11.99693       3.58400
     -11.98593       2.53200
     -11.97493       1.62100
     -11.96393       0.94010
     -11.95193       0.49400
     -11.94093       0.23570
     -11.92993       0.10350
     -11.91893       0.04666
     -11.90793       0.03511
     -11.89693       0.06163
     -11.88493       0.14160
     -11.87393       0.31290
     -11.86293       0.63110
     -11.85193       1.15500
     -11.84093       1.91800
     -11.82993       2.88600
     -11.81893       3.93900
     -11.80693       4.87500
     -11.79593       5.47000
     -11.78493       5.56600
     -11.77393       5.13500
     -11.76293       4.29600
     -11.75193       3.26100
     -11.73993       2.24700
     -11.72893       1.41400
     -11.71793       0.82930
     -11.70693       0.49120
     -11.69593       0.36040
     -11.68493       0.39120
     -11.67393       0.54220
     -11.66193       0.77190
     -11.65093       1.02900
     -11.63993       1.25400
     -11.62893       1.38600
     -11.61793       1.38900
     -11.60693       1.26100
     -11.59493       1.03700
     -11.58393       0.77300
     -11.57293       0.52190
     -11.56193       0.31930
     -11.55093       0.17700
     -11.53993       0.08943
     -11.52793       0.04264
     -11.51693       0.02406
     -11.50593       0.02838
     -11.49493       0.06214
     -11.48393       0.14790
     -11.47293       0.32750
     -11.46193       0.65930
     -11.44993       1.20300
     -11.43893       1.98800
     -11.42793       2.97900
     -11.41693       4.04600
     -11.40593       4.98800
     -11.39493       5.59600
     -11.38293       5.74600
     -11.37193       5.47100
     -11.36093       4.96500
     -11.34993       4.50300
     -11.33893       4.32100
     -11.32793       4.51100
     -11.31693       4.97900
     -11.30493       5.48700
     -11.29393       5.76400
     -11.28293       5.63100
     -11.27193       5.07800
     -11.26093       4.26600
     -11.24993       3.45500
     -11.23793       2.90100
     -11.22693       2.77300
     -11.21593       3.10600
     -11.20493       3.80200
     -11.19393       4.67300
     -11.18293       5.50900
     -11.17193       6.16900
     -11.15993       6.64400
     -11.14893       7.06200
     -11.13793       7.61000
     -11.12693       8.41500
     -11.11593       9.43300
     -11.10493      10.43000
     -11.09293      11.05000
     -11.08193      11.00000
     -11.07093      10.16000
     -11.05993       8.65000
     -11.04893       6.75900
     -11.03793       4.84600
     -11.02593       3.20300
     -11.01493       1.99100
     -11.00393       1.23700
     -10.99293       0.88230
     -10.98193       0.82410
     -10.97093       0.94910
     -10.95993       1.14800
     -10.94793       1.32500
     -10.93693       1.40600
     -10.92593       1.35900
     -10.91493       1.19100
     -10.90393       0.94630
     -10.89293       0.68130
     -10.88093       0.44460
     -10.86993       0.26380
     -10.85893       0.14510
     -10.84793       0.08271
     -10.83693       0.07236
     -10.82593       0.12420
     -10.81493       0.27460
     -10.80293       0.59340
     -10.79193       1.18000
     -10.78093       2.14100
     -10.76993       3.53800
     -10.75893       5.32900
     -10.74793       7.31900
     -10.73593       9.17100
     -10.72493      10.50000
     -10.71393      10.99000
     -10.70293      10.57000
     -10.69193       9.41400
     -10.68093       7.89900
     -10.66893       6.46700
     -10.65793       5.48900
     -10.64693       5.18000
     -10.63593       5.59200
     -10.62493       6.65100
     -10.61393       8.20800
     -10.60293      10.08000
     -10.59093      12.06000
     -10.57993      13.94000
     -10.56893      15.50000
     -10.55793      16.50000
     -10.54693      16.71000
     -10.53593      15.98000
     -10.52393      14.32000
     -10.51293      11.94000
     -10.50193       9.21700
     -10.49093       6.55400
     -10.47993       4.27900
     -10.46893       2.55900
     -10.45793       1.40000
     -10.44593       0.69900
     -10.43493       0.31860
     -10.42393       0.13260
     -10.41293       0.05077
     -10.40193       0.01929
     -10.39093       0.01129
     -10.37893       0.01730
     -10.36793       0.03882
     -10.35693       0.08506
     -10.34593       0.17030
     -10.33493       0.30900
     -10.32393       0.50820
     -10.31293       0.75730
     -10.30093       1.02300
     -10.28993       1.25200
     -10.27893       1.39300
     -10.26793       1.41400
     -10.25693       1.33300
     -10.24593       1.21800
     -10.23393       1.19200
     -10.22293       1.41800
     -10.21193       2.07700
     -10.20093       3.34500
     -10.18993       5.33700
     -10.17893       8.03800
     -10.16693      11.25000
     -10.15593      14.56000
     -10.14493      17.44000
     -10.13393      19.40000
     -10.12293      20.13000
     -10.11193      19.66000
     -10.10093      18.35000
     -10.08893      16.68000
     -10.07793      15.14000
     -10.06693      13.99000
     -10.05593      13.25000
     -10.04493      12.80000
     -10.03393      12.46000
     -10.02193      12.09000
     -10.01093      11.60000
      -9.99993      10.92000
      -9.98893      10.04000
      -9.97793       8.96900
      -9.96693       7.77600
      -9.95593       6.55800
      -9.94393       5.40300
      -9.93293       4.35800
      -9.92193       3.43400
      -9.91093       2.62200
      -9.89993       1.91700
      -9.88893       1.33000
      -9.87693       0.87600
      -9.86593       0.57250
      -9.85493       0.43800
      -9.84393       0.50360
      -9.83293       0.82270
      -9.82193       1.46600
      -9.80993       2.48900
      -9.79893       3.88100
      -9.78793       5.51700
      -9.77693       7.15800
      -9.76593       8.52300
      -9.75493       9.41300
      -9.74393       9.82500
      -9.73193       9.97300
      -9.72093      10.20000
      -9.70993      10.79000
      -9.69893      11.86000
      -9.68793      13.25000
      -9.67693      14.65000
      -9.66493      15.67000
      -9.65393      16.03000
      -9.64293      15.64000
      -9.63193      14.66000
      -9.62093      13.39000
      -9.60993      12.20000
      -9.59893      11.38000
      -9.58693      11.03000
      -9.57593      11.03000
      -9.56493      11.09000
      -9.55393      10.91000
      -9.54293      10.28000
      -9.53193       9.20300
      -9.51993       7.85200
      -9.50893       6.49700
      -9.49793       5.36000
      -9.48693       4.52800
      -9.47593       3.94700
      -9.46493       3.48100
      -9.45293       3.00700
      -9.44193       2.47000
      -9.43093       1.90100
      -9.41993       1.37900
      -9.40893       1.00000
      -9.39793       0.84570
      -9.38693       0.98070
      -9.37493       1.45400
      -9.36393       2.29000
      -9.35293       3.46900
      -9.34193       4.90800
      -9.33093       6.47300
      -9.31993       8.01200
      -9.30793       9.39900
      -9.29693      10.55000
      -9.28593      11.40000
      -9.27493      11.90000
      -9.26393      11.95000
      -9.25293      11.47000
      -9.24193      10.43000
      -9.22993       8.91400
      -9.21893       7.10300
      -9.20793       5.24800
      -9.19693       3.57800
      -9.18593       2.24200
      -9.17493       1.28700
      -9.16293       0.67620
      -9.15193       0.32510
      -9.14093       0.14590
      -9.12993       0.07005
      -9.11893       0.05835
      -9.10793       0.10120
      -9.09693       0.21540
      -9.08493       0.43960
      -9.07393       0.82350
      -9.06293       1.40900
      -9.05193       2.20500
      -9.04093       3.15600
      -9.02993       4.14300
      -9.01793       5.00000
      -9.00693       5.56600
      -8.99593       5.74300
      -8.98493       5.52700
      -8.97393       5.00000
      -8.96293       4.28900
      -8.95093       3.51700
      -8.93993       2.77000
      -8.92893       2.09800
      -8.91793       1.52800
      -8.90693       1.08400
      -8.89593       0.79400
      -8.88493       0.69680
      -8.87293       0.83760
      -8.86193       1.25800
      -8.85093       1.97300
      -8.83993       2.93800
      -8.82893       4.02600
      -8.81793       5.04000
      -8.80593       5.76200
      -8.79493       6.04000
      -8.78393       5.84200
      -8.77293       5.26200
      -8.76193       4.47200
      -8.75093       3.64900
      -8.73993       2.93100
      -8.72793       2.40900
      -8.71693       2.15400
      -8.70593       2.22400
      -8.69493       2.64800
      -8.68393       3.39200
      -8.67293       4.32900
      -8.66093       5.25700
      -8.64993       5.95900
      -8.63893       6.28700
      -8.62793       6.22000
      -8.61693       5.85200
      -8.60593       5.32900
      -8.59393       4.77300
      -8.58293       4.24500
      -8.57193       3.75600
      -8.56093       3.31000
      -8.54993       2.92900
      -8.53893       2.65700
      -8.52793       2.54100
      -8.51593       2.62500
      -8.50493       2.94900
      -8.49393       3.54000
      -8.48293       4.38700
      -8.47193       5.39600
      -8.46093       6.37100
      -8.44893       7.05600
      -8.43793       7.22800
      -8.42693       6.79900
      -8.41593       5.87200
      -8.40493       4.70700
      -8.39393       3.62700
      -8.38293       2.91000
      -8.37093       2.71500
      -8.35993       3.05100
      -8.34893       3.78000
      -8.33793       4.65800
      -8.32693       5.40500
      -8.31593       5.79200
      -8.30393       5.72500
      -8.29293       5.27600
      -8.28193       4.64200
      -8.27093       4.05700
      -8.25993       3.69400
      -8.24893       3.61300
      -8.23793       3.76200
      -8.22593       4.02300
      -8.21493       4.25700
      -8.20393       4.35400
      -8.19293       4.25300
      -8.18193       3.94900
      -8.17093       3.47700
      -8.15893       2.90000
      -8.14793       2.28500
      -8.13693       1.69400
      -8.12593       1.17600
      -8.11493       0.75980
      -8.10393       0.45460
      -8.09193       0.25060
      -8.08093       0.12670
      -8.06993       0.05857
      -8.05893       0.02469
      -8.04793       0.00948
      -8.03693       0.00331
      -8.02593       0.00110
      -8.01393       0.00049
      -8.00293       0.00077
      -7.99193       0.00230
      -7.98093       0.00678
      -7.96993       0.01834
      -7.95893       0.04528
      -7.94693       0.10230
      -7.93593       0.21210
      -7.92493       0.40550
      -7.91393       0.71870
      -7.90293       1.18700
      -7.89193       1.83500
      -7.88093       2.66300
      -7.86893       3.63400
      -7.85793       4.65000
      -7.84693       5.56100
      -7.83593       6.18900
      -7.82493       6.38500
      -7.81393       6.10500
      -7.80193       5.45000
      -7.79093       4.64700
      -7.77993       3.98000
      -7.76893       3.68200
      -7.75793       3.84700
      -7.74693       4.39900
      -7.73493       5.11700
      -7.72393       5.72100
      -7.71293       5.98600
      -7.70193       5.81800
      -7.69093       5.27300
      -7.67993       4.50600
      -7.66893       3.68700
      -7.65693       2.93000
      -7.64593       2.28400
      -7.63493       1.75600
      -7.62393       1.35000
      -7.61293       1.09500
      -7.60193       1.04900
      -7.58993       1.28800
      -7.57893       1.89100
      -7.56793       2.91800
      -7.55693       4.38400
      -7.54593       6.23100
      -7.53493       8.30700
      -7.52393      10.36000
      -7.51193      12.09000
      -7.50093      13.19000
      -7.48993      13.48000
      -7.47893      12.93000
      -7.46793      11.67000
      -7.45693       9.97500
      -7.44493       8.15900
      -7.43393       6.52200
      -7.42293       5.32100
      -7.41193       4.75100
      -7.40093       4.93200
      -7.38993       5.87100
      -7.37893       7.42900
      -7.36693       9.31900
      -7.35593      11.16000
      -7.34493      12.57000
      -7.33393      13.25000
      -7.32293      13.07000
      -7.31193      12.10000
      -7.29993      10.55000
      -7.28893       8.72700
      -7.27793       6.98700
      -7.26693       5.60800
      -7.25593       4.75200
      -7.24493       4.44800
      -7.23293       4.63600
      -7.22193       5.23400
      -7.21093       6.17900
      -7.19993       7.42500
      -7.18893       8.88200
      -7.17793      10.37000
      -7.16693      11.64000
      -7.15493      12.38000
      -7.14393      12.42000
      -7.13293      11.75000
      -7.12193      10.53000
      -7.11093       9.10400
      -7.09993       7.83800
      -7.08793       7.06000
      -7.07693       6.94900
      -7.06593       7.47900
      -7.05493       8.41000
      -7.04393       9.36100
      -7.03293       9.94300
      -7.02193       9.89700
      -7.00993       9.18300
      -6.99893       7.96200
      -6.98793       6.50800
      -6.97693       5.08700
      -6.96593       3.88800
      -6.95493       3.00700
      -6.94293       2.47500
      -6.93193       2.28800
      -6.92093       2.42000
      -6.90993       2.82500
      -6.89893       3.43800
      -6.88793       4.19700
      -6.87593       5.05700
      -6.86493       5.99100
      -6.85393       6.95900
      -6.84293       7.87900
      -6.83193       8.61900
      -6.82093       9.02700
      -6.80993       8.99300
      -6.79793       8.50200
      -6.78693       7.65600
      -6.77593       6.65600
      -6.76493       5.74800
      -6.75393       5.14900
      -6.74293       4.97100
      -6.73093       5.16900
      -6.71993       5.54800
      -6.70893       5.83700
      -6.69793       5.79700
      -6.68693       5.32400
      -6.67593       4.48100
      -6.66493       3.45700
      -6.65293       2.48500
      -6.64193       1.76900
      -6.63093       1.44600
      -6.61993       1.59400
      -6.60893       2.24000
      -6.59793       3.35200
      -6.58593       4.81900
      -6.57493       6.42600
      -6.56393       7.87700
      -6.55293       8.86400
      -6.54193       9.16400
      -6.53093       8.71900
      -6.51893       7.66200
      -6.50793       6.27300
      -6.49693       4.88600
      -6.48593       3.79800
      -6.47493       3.18700
      -6.46393       3.08500
      -6.45293       3.38300
      -6.44093       3.88100
      -6.42993       4.36100
      -6.41893       4.67400
      -6.40793       4.79900
      -6.39693       4.84100
      -6.38593       4.95800
      -6.37393       5.26700
      -6.36293       5.76900
      -6.35193       6.36000
      -6.34093       6.90500
      -6.32993       7.32500
      -6.31893       7.63600
      -6.30793       7.89800
      -6.29593       8.13200
      -6.28493       8.25600
      -6.27393       8.12500
      -6.26293       7.62400
      -6.25193       6.76800
      -6.24093       5.72000
      -6.22893       4.71600
      -6.21793       3.95400
      -6.20693       3.50400
      -6.19593       3.29300
      -6.18493       3.16400
      -6.17393       2.96700
      -6.16293       2.61900
      -6.15093       2.13500
      -6.13993       1.59000
      -6.12893       1.07800
      -6.11793       0.66660
      -6.10693       0.38250
      -6.09593       0.22260
      -6.08393       0.17390
      -6.07293       0.23280
      -6.06193       0.41610
      -6.05093       0.76060
      -6.03993       1.31400
      -6.02893       2.12700
      -6.01693       3.23800
      -6.00593       4.67500
      -5.99493       6.43400
      -5.98393       8.45600
      -5.97293      10.59000
      -5.96193      12.59000
      -5.95093      14.15000
      -5.93893      14.98000
      -5.92793      14.91000
      -5.91693      13.99000
      -5.90593      12.39000
      -5.89493      10.38000
      -5.88393       8.21800
      -5.87193       6.14400
      -5.86093       4.31900
      -5.84993       2.83800
      -5.83893       1.73400
      -5.82793       0.98280
      -5.81693       0.52250
      -5.80593       0.27930
      -5.79393       0.18960
      -5.78293       0.21190
      -5.77193       0.32440
      -5.76093       0.51380
      -5.74993       0.75940
      -5.73893       1.02300
      -5.72693       1.25100
      -5.71593       1.38700
      -5.70493       1.39700
      -5.69393       1.28700
      -5.68293       1.10700
      -5.67193       0.94670
      -5.65993       0.92380
      -5.64893       1.17200
      -5.63793       1.82800
      -5.62693       3.00500
      -5.61593       4.73700
      -5.60493       6.92200
      -5.59393       9.28900
      -5.58193      11.45000
      -5.57093      13.01000
      -5.55993      13.73000
      -5.54893      13.59000
      -5.53793      12.77000
      -5.52693      11.56000
      -5.51493      10.16000
      -5.50393       8.68500
      -5.49293       7.17200
      -5.48193       5.64600
      -5.47093       4.17900
      -5.45993       2.87600
      -5.44893       1.82700
      -5.43693       1.07800
      -5.42593       0.61810
      -5.41493       0.40710
      -5.40393       0.40400
      -5.39293       0.58120
      -5.38193       0.91920
      -5.36993       1.38500
      -5.35893       1.91200
      -5.34793       2.39700
      -5.33693       2.72400
      -5.32593       2.80700
      -5.31493       2.62700
      -5.30393       2.24500
      -5.29193       1.78300
      -5.28093       1.38700
      -5.26993       1.19100
      -5.25893       1.29300
      -5.24793       1.74200
      -5.23693       2.51500
      -5.22493       3.50700
      -5.21393       4.53100
      -5.20293       5.36300
      -5.19193       5.83100
      -5.18093       5.89400
      -5.16993       5.69100
      -5.15793       5.48900
      -5.14693       5.56200
      -5.13593       6.05500
      -5.12493       6.89600
      -5.11393       7.80400
      -5.10293       8.41200
      -5.09193       8.42200
      -5.07993       7.73400
      -5.06893       6.47500
      -5.05793       4.93100
      -5.04693       3.41000
      -5.03593       2.14100
      -5.02493       1.22000
      -5.01293       0.63110
      -5.00193       0.29610
      -4.99093       0.12600
      -4.97993       0.04866
      -4.96893       0.01704
      -4.95793       0.00541
      -4.94693       0.00156
      -4.93493       0.00041
      -4.92393       0.00010
      -4.91293       0.00002
      -4.90193       0.00001
      -4.89093       0.00001
      -4.87993       0.00004
      -4.86793       0.00018
      -4.85693       0.00072
      -4.84593       0.00261
      -4.83493       0.00862
      -4.82393       0.02586
      -4.81293       0.07054
      -4.80093       0.17480
      -4.78993       0.39370
      -4.77893       0.80560
      -4.76793       1.49800
      -4.75693       2.53200
      -4.74593       3.89000
      -4.73493       5.42900
      -4.72293       6.88700
      -4.71193       7.93700
      -4.70093       8.31100
      -4.68993       7.90600
      -4.67893       6.83100
      -4.66793       5.36200
      -4.65593       3.82100
      -4.64493       2.47400
      -4.63393       1.45500
      -4.62293       0.78050
      -4.61193       0.39190
      -4.60093       0.21110
      -4.58993       0.18230
      -4.57793       0.28990
      -4.56693       0.55820
      -4.55593       1.03400
      -4.54493       1.75200
      -4.53393       2.69300
      -4.52293       3.75200
      -4.51093       4.73700
      -4.49993       5.41800
      -4.48893       5.61400
      -4.47793       5.27200
      -4.46693       4.49000
      -4.45593       3.47600
      -4.44393       2.46900
      -4.43293       1.66100
      -4.42193       1.16300
      -4.41093       1.01300
      -4.39993       1.20600
      -4.38893       1.71500
      -4.37793       2.50000
      -4.36593       3.50500
      -4.35493       4.65000
      -4.34393       5.83200
      -4.33293       6.91800
      -4.32193       7.74900
      -4.31093       8.16700
      -4.29893       8.06000
      -4.28793       7.41200
      -4.27693       6.34000
      -4.26593       5.06800
      -4.25493       3.87000
      -4.24393       2.99800
      -4.23293       2.62200
      -4.22093       2.80200
      -4.20993       3.47500
      -4.19893       4.47300
      -4.18793       5.55300
      -4.17693       6.45900
      -4.16593       6.99200
      -4.15393       7.05700
      -4.14293       6.67300
      -4.13193       5.94000
      -4.12093       4.99100
      -4.10993       3.95700
      -4.09893       2.94900
      -4.08793       2.05600
      -4.07593       1.33100
      -4.06493       0.79640
      -4.05393       0.43770
      -4.04293       0.22040
      -4.03193       0.10200
      -4.02093       0.04550
      -4.00893       0.02549
      -3.99793       0.02992
      -3.98693       0.05862
      -3.97593       0.12070
      -3.96493       0.23080
      -3.95393       0.40220
      -3.94193       0.63940
      -3.93093       0.93200
      -3.91993       1.25800
      -3.90893       1.60100
      -3.89793       1.96600
      -3.88693       2.39400
      -3.87593       2.94300
      -3.86393       3.64500
      -3.85293       4.45200
      -3.84193       5.22900
      -3.83093       5.79000
      -3.81993       5.99700
      -3.80893       5.84400
      -3.79693       5.49000
      -3.78593       5.20400
      -3.77493       5.26100
      -3.76393       5.83400
      -3.75293       6.92900
      -3.74193       8.38100
      -3.73093       9.90600
      -3.71893      11.17000
      -3.70793      11.87000
      -3.69693      11.83000
      -3.68593      11.00000
      -3.67493       9.52100
      -3.66393       7.67900
      -3.65193       5.82000
      -3.64093       4.28900
      -3.62993       3.37600
      -3.61893       3.28700
      -3.60793       4.12700
      -3.59693       5.87200
      -3.58493       8.32000
      -3.57393      11.07000
      -3.56293      13.58000
      -3.55193      15.31000
      -3.54093      15.88000
      -3.52993      15.27000
      -3.51893      13.75000
      -3.50693      11.77000
      -3.49593       9.79700
      -3.48493       8.16600
      -3.47393       7.04300
      -3.46293       6.47200
      -3.45193       6.43300
      -3.43993       6.87700
      -3.42893       7.71700
      -3.41793       8.81200
      -3.40693       9.96700
      -3.39593      10.97000
      -3.38493      11.66000
      -3.37393      11.95000
      -3.36193      11.89000
      -3.35093      11.61000
      -3.33993      11.30000
      -3.32893      11.14000
      -3.31793      11.17000
      -3.30693      11.30000
      -3.29493      11.36000
      -3.28393      11.12000
      -3.27293      10.43000
      -3.26193       9.26700
      -3.25093       7.73900
      -3.23993       6.04800
      -3.22893       4.43100
      -3.21693       3.10600
      -3.20593       2.24300
      -3.19493       1.97100
      -3.18393       2.40100
      -3.17293       3.62300
      -3.16193       5.66200
      -3.14993       8.40000
      -3.13893      11.51000
      -3.12793      14.45000
      -3.11693      16.61000
      -3.10593      17.53000
      -3.09493      17.03000
      -3.08293      15.30000
      -3.07193      12.79000
      -3.06093      10.04000
      -3.04993       7.48100
      -3.03893       5.40300
      -3.02793       3.95900
      -3.01693       3.23800
      -3.00493       3.31300
      -2.99393       4.23400
      -2.98293       5.98200
      -2.97193       8.40900
      -2.96093      11.20000
      -2.94993      13.92000
      -2.93793      16.08000
      -2.92693      17.33000
      -2.91593      17.55000
      -2.90493      16.90000
      -2.89393      15.76000
      -2.88293      14.58000
      -2.87193      13.74000
      -2.85993      13.49000
      -2.84893      13.93000
      -2.83793      15.00000
      -2.82693      16.59000
      -2.81593      18.44000
      -2.80493      20.23000
      -2.79293      21.55000
      -2.78193      21.98000
      -2.77093      21.27000
      -2.75993      19.39000
      -2.74893      16.61000
      -2.73793      13.42000
      -2.72593      10.37000
      -2.71493       7.92900
      -2.70393       6.32700
      -2.69293       5.54900
      -2.68193       5.40900
      -2.67093       5.66600
      -2.65993       6.13200
      -2.64793       6.73300
      -2.63693       7.50300
      -2.62593       8.52800
      -2.61493       9.87300
      -2.60393      11.50000
      -2.59293      13.25000
      -2.58093      14.83000
      -2.56993      15.94000
      -2.55893      16.35000
      -2.54793      16.00000
      -2.53693      15.03000
      -2.52593      13.74000
      -2.51493      12.43000
      -2.50293      11.33000
      -2.49193      10.50000
      -2.48093       9.95800
      -2.46993       9.65700
      -2.45893       9.61100
      -2.44793       9.85400
      -2.43593      10.39000
      -2.42493      11.10000
      -2.41393      11.82000
      -2.40293      12.31000
      -2.39193      12.46000
      -2.38093      12.26000
      -2.36993      11.84000
      -2.35793      11.34000
      -2.34693      10.87000
      -2.33593      10.47000
      -2.32493      10.16000
      -2.31393       9.98100
      -2.30293      10.02000
      -2.29093      10.34000
      -2.27993      10.93000
      -2.26893      11.70000
      -2.25793      12.47000
      -2.24693      13.13000
      -2.23593      13.57000
      -2.22393      13.81000
      -2.21293      13.85000
      -2.20193      13.77000
      -2.19093      13.58000
      -2.17993      13.33000
      -2.16893      13.03000
      -2.15793      12.73000
      -2.14593      12.55000
      -2.13493      12.64000
      -2.12393      13.21000
      -2.11293      14.40000
      -2.10193      16.24000
      -2.09093      18.59000
      -2.07893      21.16000
      -2.06793      23.50000
      -2.05693      25.12000
      -2.04593      25.57000
      -2.03493      24.66000
      -2.02393      22.53000
      -2.01293      19.73000
      -2.00093      16.99000
      -1.98993      14.99000
      -1.97893      14.09000
      -1.96793      14.22000
      -1.95693      14.96000
      -1.94593      15.73000
      -1.93393      16.05000
      -1.92293      15.65000
      -1.91193      14.52000
      -1.90093      12.87000
      -1.88993      11.03000
      -1.87893       9.31000
      -1.86693       7.95700
      -1.85593       7.09400
      -1.84493       6.73500
      -1.83393       6.80700
      -1.82293       7.18900
      -1.81193       7.74400
      -1.80093       8.34600
      -1.78893       8.90800
      -1.77793       9.38400
      -1.76693       9.73600
      -1.75593       9.90500
      -1.74493       9.79800
      -1.73393       9.33000
      -1.72193       8.49800
      -1.71093       7.42500
      -1.69993       6.35200
      -1.68893       5.57500
      -1.67793       5.35000
      -1.66693       5.81100
      -1.65593       6.92100
      -1.64393       8.46600
      -1.63293      10.11000
      -1.62193      11.46000
      -1.61093      12.19000
      -1.59993      12.14000
      -1.58893      11.28000
      -1.57693       9.80000
      -1.56593       8.00800
      -1.55493       6.27500
      -1.54393       4.95700
      -1.53293       4.31500
      -1.52193       4.47100
      -1.50993       5.38300
      -1.49893       6.85500
      -1.48793       8.58400
      -1.47693      10.23000
      -1.46593      11.49000
      -1.45493      12.17000
      -1.44393      12.24000
      -1.43193      11.77000
      -1.42093      10.96000
      -1.40993      10.06000
      -1.39893       9.33000
      -1.38793       8.93700
      -1.37693       8.96500
      -1.36493       9.38600
      -1.35393      10.11000
      -1.34293      11.04000
      -1.33193      12.11000
      -1.32093      13.32000
      -1.30993      14.61000
      -1.29893      15.86000
      -1.28693      16.86000
      -1.27593      17.32000
      -1.26493      17.00000
      -1.25393      15.86000
      -1.24293      14.06000
      -1.23193      11.94000
      -1.21993       9.91400
      -1.20893       8.25900
      -1.19793       7.09500
      -1.18693       6.37100
      -1.17593       5.94400
      -1.16493       5.64400
      -1.15393       5.32900
      -1.14193       4.90200
      -1.13093       4.32000
      -1.11993       3.60300
      -1.10893       2.82500
      -1.09793       2.09000
      -1.08693       1.50200
      -1.07493       1.13900
      -1.06393       1.04000
      -1.05293       1.20900
      -1.04193       1.62400
      -1.03093       2.25200
      -1.01993       3.06200
      -1.00793       4.03000
      -0.99693       5.13400
      -0.98593       6.32600
      -0.97493       7.50000
      -0.96393       8.48200
      -0.95293       9.05700
      -0.94193       9.05200
      -0.92993       8.42100
      -0.91893       7.29400
      -0.90793       5.95400
      -0.89693       4.75700
      -0.88593       4.03100
      -0.87493       3.99200
      -0.86293       4.69000
      -0.85193       5.99900
      -0.84093       7.63200
      -0.82993       9.21900
      -0.81893      10.41000
      -0.80793      10.99000
      -0.79693      10.94000
      -0.78493      10.40000
      -0.77393       9.56700
      -0.76293       8.62700
      -0.75193       7.66500
      -0.74093       6.70900
      -0.72993       5.77900
      -0.71793       4.93500
      -0.70693       4.28000
      -0.69593       3.93800
      -0.68493       4.02200
      -0.67393       4.60800
      -0.66293       5.72000
      -0.65093       7.30400
      -0.63993       9.21600
      -0.62893      11.21000
      -0.61793      12.97000
      -0.60693      14.17000
      -0.59593      14.56000
      -0.58493      14.02000
      -0.57293      12.63000
      -0.56193      10.60000
      -0.55093       8.28400
      -0.53993       6.04700
      -0.52893       4.18400
      -0.51793       2.85500
      -0.50593       2.07800
      -0.49493       1.76000
      -0.48393       1.76100
      -0.47293       1.95100
      -0.46193       2.25500
      -0.45093       2.67300
      -0.43993       3.26500
      -0.42793       4.11800
      -0.41693       5.29300
      -0.40593       6.76900
      -0.39493       8.41400
      -0.38393      10.00000
      -0.37293      11.30000
      -0.36093      12.15000
      -0.34993      12.61000
      -0.33893      12.92000
      -0.32793      13.42000
      -0.31693      14.33000
      -0.30593      15.63000
      -0.29493      17.02000
      -0.28293      17.99000
      -0.27193      18.11000
      -0.26093      17.18000
      -0.24993      15.36000
      -0.23893      13.06000
      -0.22793      10.75000
      -0.21593       8.79600
      -0.20493       7.31000
      -0.19393       6.20900
      -0.18293       5.33100
      -0.17193       4.55700
      -0.16093       3.87600
      -0.14893       3.35400
      -0.13793       3.05700
      -0.12693       2.99100
      -0.11593       3.08700
      -0.10493       3.24500
      -0.09393       3.40000
      -0.08293       3.56400
      -0.07093       3.81100
      -0.05993       4.21500
      -0.04893       4.77500
      -0.03793       5.37500
      -0.02693       5.82600
      -0.01593       5.95900
      -0.00393       5.72700
       0.00707       5.25600
       0.01807       4.79400
       0.02907       4.61500
       0.04007       4.90300
       0.05107       5.68600
       0.06207       6.84800
       0.07407       8.18500
       0.08507       9.47400
       0.09607      10.51000
       0.10707      11.13000
       0.11807      11.18000
       0.12907      10.59000
       0.14107       9.37600
       0.15207       7.72300
       0.16307       5.90500
       0.17407       4.22400
       0.18507       2.90600
       0.19607       2.04700
       0.20807       1.60900
       0.21907       1.46600
       0.23007       1.46300
       0.24107       1.46300
       0.25207       1.38400
       0.26307       1.20700
       0.27407       0.96010
       0.28607       0.69320
       0.29707       0.45390
       0.30807       0.26930
       0.31907       0.14480
       0.33007       0.07061
       0.34107       0.03146
       0.35307       0.01367
       0.36407       0.00853
       0.37507       0.01342
       0.38607       0.03254
       0.39707       0.07833
       0.40807       0.17260
       0.41907       0.34510
       0.43107       0.62520
       0.44207       1.02600
       0.45307       1.52500
       0.46407       2.05500
       0.47507       2.50800
       0.48607       2.77200
       0.49807       2.77700
       0.50907       2.52000
       0.52007       2.07200
       0.53107       1.54400
       0.54207       1.04200
       0.55307       0.63930
       0.56507       0.36100
       0.57607       0.20170
       0.58707       0.14660
       0.59807       0.19390
       0.60907       0.36600
       0.62007       0.70900
       0.63107       1.27400
       0.64307       2.08200
       0.65407       3.08600
       0.66507       4.14300
       0.67607       5.03900
       0.68707       5.55400
       0.69807       5.54500
       0.71007       5.01600
       0.72107       4.11200
       0.73207       3.05600
       0.74307       2.06500
       0.75407       1.28300
       0.76507       0.76900
       0.77607       0.51810
       0.78807       0.50160
       0.79907       0.68930
       0.81007       1.05000
       0.82107       1.53300
       0.83207       2.05700
       0.84307       2.50800
       0.85507       2.77300
       0.86607       2.77800
       0.87707       2.52200
       0.88807       2.07600
       0.89907       1.55500
       0.91007       1.07000
       0.92107       0.70220
       0.93307       0.48810
       0.94407       0.43130
       0.95507       0.51310
       0.96607       0.70010
       0.97707       0.94400
       0.98807       1.18300
       1.00007       1.35300
       1.01107       1.40400
       1.02207       1.32100
       1.03307       1.12600
       1.04407       0.87020
       1.05507       0.61010
       1.06707       0.39050
       1.07807       0.23440
       1.08907       0.14720
       1.10007       0.12640
       1.11107       0.17080
       1.12207       0.28290
       1.13307       0.46390
       1.14507       0.70410
       1.15607       0.97450
       1.16707       1.22900
       1.17807       1.41900
       1.18907       1.51500
       1.20007       1.52300
       1.21207       1.48300
       1.22307       1.45400
       1.23407       1.47500
       1.24507       1.55600
       1.25607       1.67100
       1.26707       1.78100
       1.27807       1.86000
       1.29007       1.90000
       1.30107       1.90700
       1.31207       1.87900
       1.32307       1.80500
       1.33407       1.67100
       1.34507       1.47500
       1.35707       1.25200
       1.36807       1.06500
       1.37907       0.99570
       1.39007       1.12100
       1.40107       1.49000
       1.41207       2.10100
       1.42407       2.89400
       1.43507       3.75100
       1.44607       4.52500
       1.45707       5.08500
       1.46807       5.36600
       1.47907       5.38600
       1.49007       5.24600
       1.50207       5.09500
       1.51307       5.09000
       1.52407       5.35800
       1.53507       5.96700
       1.54607       6.90300
       1.55707       8.06300
       1.56907       9.27500
       1.58007      10.35000
       1.59107      11.12000
       1.60207      11.52000
       1.61307      11.54000
       1.62407      11.23000
       1.63507      10.61000
       1.64707       9.71900
       1.65807       8.57900
       1.66907       7.25900
       1.68007       5.90100
       1.69107       4.71200
       1.70207       3.91900
       1.71407       3.70500
       1.72507       4.16400
       1.73607       5.28600
       1.74707       6.95000
       1.75807       8.93700
       1.76907      10.93000
       1.78007      12.57000
       1.79207      13.49000
       1.80307      13.45000
       1.81407      12.41000
       1.82507      10.58000
       1.83607       8.35000
       1.84707       6.15700
       1.85907       4.34300
       1.87007       3.07300
       1.88107       2.33100
       1.89207       1.99300
       1.90307       1.91700
       1.91407       2.02200
       1.92607       2.32500
       1.93707       2.92200
       1.94807       3.93900
       1.95907       5.45900
       1.97007       7.46200
       1.98107       9.80000
       1.99207      12.22000
       2.00407      14.40000
       2.01507      16.08000
       2.02607      17.08000
       2.03707      17.41000
       2.04807      17.25000
       2.05907      16.93000
       2.07107      16.78000
       2.08207      17.04000
       2.09307      17.75000
       2.10407      18.75000
       2.11507      19.77000
       2.12607      20.60000
       2.13707      21.19000
       2.14907      21.62000
       2.16007      22.01000
       2.17107      22.34000
       2.18207      22.41000
       2.19307      21.90000
       2.20407      20.57000
       2.21607      18.41000
       2.22707      15.73000
       2.23807      12.99000
       2.24907      10.66000
       2.26007       9.00400
       2.27107       8.02600
       2.28307       7.50800
       2.29407       7.15800
       2.30507       6.74800
       2.31607       6.20200
       2.32707       5.58200
       2.33807       5.02000
       2.34907       4.62900
       2.36107       4.46800
       2.37207       4.56800
       2.38307       4.98800
       2.39407       5.84800
       2.40507       7.30800
       2.41607       9.48400
       2.42807      12.36000
       2.43907      15.69000
       2.45007      19.05000
       2.46107      21.86000
       2.47207      23.61000
       2.48307      24.04000
       2.49407      23.22000
       2.50607      21.53000
       2.51707      19.43000
       2.52807      17.27000
       2.53907      15.21000
       2.55007      13.23000
       2.56107      11.33000
       2.57307       9.61800
       2.58407       8.35700
       2.59507       7.78700
       2.60607       7.98800
       2.61707       8.78500
       2.62807       9.78500
       2.63907      10.53000
       2.65107      10.68000
       2.66207      10.15000
       2.67307       9.11900
       2.68407       7.94600
       2.69507       6.98900
       2.70607       6.48600
       2.71807       6.50200
       2.72907       6.96200
       2.74007       7.76400
       2.75107       8.87800
       2.76207      10.39000
       2.77307      12.41000
       2.78507      14.91000
       2.79607      17.58000
       2.80707      19.85000
       2.81807      21.02000
       2.82907      20.64000
       2.84007      18.66000
       2.85107      15.52000
       2.86307      11.94000
       2.87407       8.67600
       2.88507       6.29000
       2.89607       5.03000
       2.90707       4.86300
       2.91807       5.54400
       2.93007       6.70300
       2.94107       7.92400
       2.95207       8.82200
       2.96307       9.13100
       2.97407       8.76900
       2.98507       7.86200
       2.99607       6.71800
       3.00807       5.73500
       3.01907       5.29400
       3.03007       5.66800
       3.04107       6.96400
       3.05207       9.12700
       3.06307      11.98000
       3.07507      15.24000
       3.08607      18.58000
       3.09707      21.61000
       3.10807      23.86000
       3.11907      24.89000
       3.13007      24.39000
       3.14207      22.33000
       3.15307      19.01000
       3.16407      15.02000
       3.17507      11.04000
       3.18607       7.61000
       3.19707       5.04700
       3.20807       3.38400
       3.22007       2.46600
       3.23107       2.06300
       3.24207       1.97800
       3.25307       2.11100
       3.26407       2.47000
       3.27507       3.12300
       3.28707       4.11200
       3.29807       5.37500
       3.30907       6.71100
       3.32007       7.82600
       3.33107       8.44400
       3.34207       8.44500
       3.35307       7.93700
       3.36507       7.23700
       3.37607       6.75300
       3.38707       6.83700
       3.39807       7.66600
       3.40907       9.20800
       3.42007      11.26000
       3.43207      13.56000
       3.44307      15.80000
       3.45407      17.77000
       3.46507      19.30000
       3.47607      20.27000
       3.48707      20.63000
       3.49907      20.37000
       3.51007      19.54000
       3.52107      18.26000
       3.53207      16.75000
       3.54307      15.21000
       3.55407      13.88000
       3.56507      12.91000
       3.57707      12.33000
       3.58807      12.08000
       3.59907      12.04000
       3.61007      12.10000
       3.62107      12.16000
       3.63207      12.17000
       3.64407      12.04000
       3.65507      11.67000
       3.66607      10.99000
       3.67707      10.01000
       3.68807       8.84400
       3.69907       7.68200
       3.71007       6.69400
       3.72207       5.98900
       3.73307       5.62500
       3.74407       5.64700
       3.75507       6.12900
       3.76607       7.17000
       3.77707       8.85500
       3.78907      11.17000
       3.80007      13.97000
       3.81107      16.91000
       3.82207      19.56000
       3.83307      21.54000
       3.84407      22.62000
       3.85507      22.87000
       3.86707      22.60000
       3.87807      22.22000
       3.88907      22.05000
       3.90007      22.17000
       3.91107      22.34000
       3.92207      22.13000
       3.93407      21.13000
       3.94507      19.16000
       3.95607      16.34000
       3.96707      13.06000
       3.97807       9.84700
       3.98907       7.14900
       4.00107       5.27400
       4.01207       4.36000
       4.02307       4.42900
       4.03407       5.42300
       4.04507       7.21600
       4.05607       9.59600
       4.06707      12.24000
       4.07907      14.73000
       4.09007      16.61000
       4.10107      17.54000
       4.11207      17.33000
       4.12307      16.04000
       4.13407      13.99000
       4.14607      11.63000
       4.15707       9.49200
       4.16807       8.02800
       4.17907       7.55500
       4.19007       8.19100
       4.20107       9.84800
       4.21207      12.27000
       4.22407      15.07000
       4.23507      17.82000
       4.24607      20.07000
       4.25707      21.46000
       4.26807      21.76000
       4.27907      20.90000
       4.29107      19.05000
       4.30207      16.54000
       4.31307      13.86000
       4.32407      11.53000
       4.33507       9.93700
       4.34607       9.26000
       4.35807       9.38500
       4.36907       9.96900
       4.38007      10.59000
       4.39107      10.95000
       4.40207      11.00000
       4.41307      10.96000
       4.42407      11.24000
       4.43607      12.22000
       4.44707      14.07000
       4.45807      16.60000
       4.46907      19.26000
       4.48007      21.34000
       4.49107      22.16000
       4.50307      21.40000
       4.51407      19.14000
       4.52507      15.89000
       4.53607      12.31000
       4.54707       9.04400
       4.55807       6.53900
       4.56907       5.06400
       4.58107       4.73900
       4.59207       5.57900
       4.60307       7.47300
       4.61407      10.13000
       4.62507      13.07000
       4.63607      15.67000
       4.64807      17.32000
       4.65907      17.68000
       4.67007      16.74000
       4.68107      14.82000
       4.69207      12.41000
       4.70307      10.02000
       4.71407       7.95400
       4.72607       6.37000
       4.73707       5.29300
       4.74807       4.71100
       4.75907       4.64100
       4.77007       5.13300
       4.78107       6.23900
       4.79307       7.95300
       4.80407      10.15000
       4.81507      12.57000
       4.82607      14.84000
       4.83707      16.59000
       4.84807      17.61000
       4.86007      17.89000
       4.87107      17.66000
       4.88207      17.23000
       4.89307      16.86000
       4.90407      16.60000
       4.91507      16.29000
       4.92607      15.74000
       4.93807      14.85000
       4.94907      13.76000
       4.96007      12.69000
       4.97107      11.85000
       4.98207      11.29000
       4.99307      10.92000
       5.00507      10.61000
       5.01607      10.42000
       5.02707      10.61000
       5.03807      11.50000
       5.04907      13.29000
       5.06007      15.81000
       5.07107      18.51000
       5.08307      20.64000
       5.09407      21.58000
       5.10507      21.09000
       5.11607      19.45000
       5.12707      17.29000
       5.13807      15.30000
       5.15007      13.97000
       5.16107      13.46000
       5.17207      13.67000
       5.18307      14.37000
       5.19407      15.40000
       5.20507      16.69000
       5.21707      18.28000
       5.22807      20.14000
       5.23907      22.15000
       5.25007      23.99000
       5.26107      25.32000
       5.27207      25.85000
       5.28307      25.55000
       5.29507      24.55000
       5.30607      23.11000
       5.31707      21.47000
       5.32807      19.76000
       5.33907      18.04000
       5.35007      16.31000
       5.36207      14.61000
       5.37307      13.06000
       5.38407      11.84000
       5.39507      11.20000
       5.40607      11.32000
       5.41707      12.29000
       5.42807      14.01000
       5.44007      16.15000
       5.45107      18.19000
       5.46207      19.59000
       5.47307      19.97000
       5.48407      19.22000
       5.49507      17.56000
       5.50707      15.39000
       5.51807      13.12000
       5.52907      11.04000
       5.54007       9.25200
       5.55107       7.79100
       5.56207       6.64000
       5.57407       5.78300
       5.58507       5.20900
       5.59607       4.91000
       5.60707       4.89200
       5.61807       5.17100
       5.62907       5.74300
       5.64007       6.55300
       5.65207       7.47200
       5.66307       8.32300
       5.67407       8.93000
       5.68507       9.15800
       5.69607       8.94000
       5.70707       8.27500
       5.71907       7.22700
       5.73007       5.92300
       5.74107       4.53200
       5.75207       3.23500
       5.76307       2.18300
       5.77407       1.46700
       5.78507       1.11500
       5.79707       1.10100
       5.80807       1.36100
       5.81907       1.79200
       5.83007       2.26600
       5.84107       2.64400
       5.85207       2.80900
       5.86407       2.70800
       5.87507       2.36700
       5.88607       1.87400
       5.89707       1.34400
       5.90807       0.87380
       5.91907       0.51450
       5.93007       0.27450
       5.94207       0.13260
       5.95307       0.05808
       5.96407       0.02304
       5.97507       0.00828
       5.98607       0.00269
       5.99707       0.00079
       6.00907       0.00021
       6.02007       0.00005
       6.03107       0.00001
       6.04207       0.00000
       6.05307       0.00000
       6.06407       0.00000
       6.07607       0.00000
       6.08707       0.00000
       6.09807       0.00000
       6.10907       0.00000
       6.12007       0.00000
       6.13107       0.00000
       6.14207       0.00000
       6.15407       0.00000
       6.16507       0.00000
       6.17607       0.00000
       6.18707       0.00000
       6.19807       0.00000
       6.20907       0.00000
       6.22107       0.00000
       6.23207       0.00000
       6.24307       0.00000
       6.25407       0.00000
       6.26507       0.00000
       6.27607       0.00000
       6.28707       0.00000
       6.29907       0.00000
       6.31007       0.00000
       6.32107       0.00000
       6.33207       0.00000
       6.34307       0.00000
       6.35407       0.00000
       6.36607       0.00000
       6.37707       0.00000
       6.38807       0.00000
       6.39907       0.00000
       6.41007       0.00000
       6.42107       0.00000
       6.43307       0.00000
       6.44407       0.00000
       6.45507       0.00000
       6.46607       0.00000
       6.47707       0.00000
       6.48807       0.00000
       6.49907       0.00000
       6.51107       0.00000
       6.52207       0.00000
       6.53307       0.00000
       6.54407       0.00000
       6.55507       0.00000
       6.56607       0.00000
       6.57807       0.00000
       6.58907       0.00000
       6.60007       0.00000
       6.61107       0.00000
       6.62207       0.00000
       6.63307       0.00000
       6.64407       0.00000
       6.65607       0.00000
       6.66707       0.00000
       6.67807       0.00000
       6.68907       0.00000
       6.70007       0.00000
       6.71107       0.00000
       6.72307       0.00000
       6.73407       0.00000
       6.74507       0.00000
       6.75607       0.00000
       6.76707       0.00000
       6.77807       0.00000
       6.78907       0.00000
       6.80107       0.00000
       6.81207       0.00000
       6.82307       0.00000
       6.83407       0.00000
       6.84507       0.00000
       6.85607       0.00000
       6.86807       0.00000
       6.87907       0.00000
       6.89007       0.00000
       6.90107       0.00000
       6.91207       0.00000
       6.92307       0.00000
       6.93507       0.00000
       6.94607       0.00000
       6.95707       0.00000
       6.96807       0.00000
       6.97907       0.00000
       6.99007       0.00000
       7.00107       0.00000
       7.01307       0.00000
       7.02407       0.00000
       7.03507       0.00000
       7.04607       0.00000
       7.05707       0.00000
       7.06807       0.00000
       7.08007       0.00000
       7.09107       0.00000
       7.10207       0.00000
       7.11307       0.00000
       7.12407       0.00000
       7.13507       0.00000
       7.14607       0.00000
       7.15807       0.00000
       7.16907       0.00000
       7.18007       0.00000
       7.19107       0.00000
       7.20207       0.00000
       7.21307       0.00000
       7.22507       0.00000
       7.23607       0.00000
       7.24707       0.00000
       7.25807       0.00000
       7.26907       0.00000
       7.28007       0.00000
       7.29207       0.00000
       7.30307       0.00000
       7.31407       0.00000
       7.32507       0.00000
       7.33607       0.00000
       7.34707       0.00000
       7.35807       0.00000
       7.37007       0.00000
