      #Energy        TDOS
     -30.16623       0.00000
     -30.12323       0.00000
     -30.08123       0.00000
     -30.03823       0.00000
     -29.99523       0.00000
     -29.95223       0.00000
     -29.90923       0.00000
     -29.86723       0.00000
     -29.82423       0.00000
     -29.78123       0.00000
     -29.73823       0.00000
     -29.69623       0.00000
     -29.65323       0.00000
     -29.61023       0.00000
     -29.56723       0.00000
     -29.52423       0.00000
     -29.48223       0.00000
     -29.43923       0.00000
     -29.39623       0.00000
     -29.35323       0.00000
     -29.31023       0.00000
     -29.26823       0.00000
     -29.22523       0.00000
     -29.18223       0.00000
     -29.13923       0.00000
     -29.09623       0.00000
     -29.05423       0.00000
     -29.01123       0.00000
     -28.96823       0.00000
     -28.92523       0.00000
     -28.88323       0.00000
     -28.84023       0.00000
     -28.79723       0.00000
     -28.75423       0.00000
     -28.71123       0.00000
     -28.66923       0.00000
     -28.62623       0.00000
     -28.58323       0.00000
     -28.54023       0.00000
     -28.49723       0.00000
     -28.45523       0.00000
     -28.41223       0.00000
     -28.36923       0.00001
     -28.32623       0.00090
     -28.28323       0.03239
     -28.24123       0.36104
     -28.19823       1.53838
     -28.15523       3.39950
     -28.11223       5.24243
     -28.07023       7.09563
     -28.02723       9.12791
     -27.98423      11.24383
     -27.94123      13.45860
     -27.89823      15.66246
     -27.85623      17.74223
     -27.81323      19.28307
     -27.77023      19.89988
     -27.72723      19.99537
     -27.68423      20.00000
     -27.64223      20.00006
     -27.59923      20.00006
     -27.55623      20.00006
     -27.51323      20.00006
     -27.47023      20.00006
     -27.42823      20.00006
     -27.38523      20.00006
     -27.34223      20.00006
     -27.29923      20.00006
     -27.25723      20.00006
     -27.21423      20.00006
     -27.17123      20.00006
     -27.12823      20.00006
     -27.08523      20.00006
     -27.04323      20.00006
     -27.00023      20.00006
     -26.95723      20.00006
     -26.91423      20.00006
     -26.87123      20.00006
     -26.82923      20.00006
     -26.78623      20.00006
     -26.74323      20.00006
     -26.70023      20.00006
     -26.65723      20.00006
     -26.61523      20.00006
     -26.57223      20.00006
     -26.52923      20.00006
     -26.48623      20.00006
     -26.44423      20.00006
     -26.40123      20.00006
     -26.35823      20.00006
     -26.31523      20.00006
     -26.27223      20.00006
     -26.23023      20.00006
     -26.18723      20.00006
     -26.14423      20.00006
     -26.10123      20.00006
     -26.05823      20.00006
     -26.01623      20.00006
     -25.97323      20.00006
     -25.93023      20.00006
     -25.88723      20.00006
     -25.84423      20.00006
     -25.80223      20.00006
     -25.75923      20.00006
     -25.71623      20.00006
     -25.67323      20.00006
     -25.63123      20.00006
     -25.58823      20.00006
     -25.54523      20.00006
     -25.50223      20.00006
     -25.45923      20.00006
     -25.41723      20.00006
     -25.37423      20.00006
     -25.33123      20.00006
     -25.28823      20.00006
     -25.24523      20.00006
     -25.20323      20.00006
     -25.16023      20.00006
     -25.11723      20.00006
     -25.07423      20.00006
     -25.03123      20.00006
     -24.98923      20.00006
     -24.94623      20.00006
     -24.90323      20.00006
     -24.86023      20.00006
     -24.81823      20.00006
     -24.77523      20.00006
     -24.73223      20.00006
     -24.68923      20.00006
     -24.64623      20.00006
     -24.60423      20.00006
     -24.56123      20.00006
     -24.51823      20.00006
     -24.47523      20.00006
     -24.43223      20.00006
     -24.39023      20.00006
     -24.34723      20.00006
     -24.30423      20.00006
     -24.26123      20.00006
     -24.21823      20.00006
     -24.17623      20.00006
     -24.13323      20.00006
     -24.09023      20.00006
     -24.04723      20.00006
     -24.00523      20.00006
     -23.96223      20.00006
     -23.91923      20.00006
     -23.87623      20.00006
     -23.83323      20.00006
     -23.79123      20.00006
     -23.74823      20.00006
     -23.70523      20.00006
     -23.66223      20.00006
     -23.61923      20.00006
     -23.57723      20.00006
     -23.53423      20.00006
     -23.49123      20.00006
     -23.44823      20.00006
     -23.40523      20.00006
     -23.36323      20.00006
     -23.32023      20.00006
     -23.27723      20.00006
     -23.23423      20.00006
     -23.19223      20.00006
     -23.14923      20.00006
     -23.10623      20.00006
     -23.06323      20.00006
     -23.02023      20.00006
     -22.97823      20.00006
     -22.93523      20.00006
     -22.89223      20.00006
     -22.84923      20.00006
     -22.80623      20.00006
     -22.76423      20.00006
     -22.72123      20.00006
     -22.67823      20.00006
     -22.63523      20.00006
     -22.59323      20.00006
     -22.55023      20.00006
     -22.50723      20.00006
     -22.46423      20.00006
     -22.42123      20.00006
     -22.37923      20.00006
     -22.33623      20.00006
     -22.29323      20.00006
     -22.25023      20.00006
     -22.20723      20.00006
     -22.16523      20.00006
     -22.12223      20.00006
     -22.07923      20.00006
     -22.03623      20.00006
     -21.99323      20.00006
     -21.95123      20.00006
     -21.90823      20.00006
     -21.86523      20.00006
     -21.82223      20.00006
     -21.78023      20.00006
     -21.73723      20.00006
     -21.69423      20.00006
     -21.65123      20.00006
     -21.60823      20.00006
     -21.56623      20.00006
     -21.52323      20.00006
     -21.48023      20.00006
     -21.43723      20.00006
     -21.39423      20.00006
     -21.35223      20.00006
     -21.30923      20.00006
     -21.26623      20.00006
     -21.22323      20.00006
     -21.18023      20.00006
     -21.13823      20.00006
     -21.09523      20.00006
     -21.05223      20.00006
     -21.00923      20.00006
     -20.96723      20.00006
     -20.92423      20.00006
     -20.88123      20.00006
     -20.83823      20.00006
     -20.79523      20.00006
     -20.75323      20.00006
     -20.71023      20.00006
     -20.66723      20.00006
     -20.62423      20.00006
     -20.58123      20.00006
     -20.53923      20.00006
     -20.49623      20.00006
     -20.45323      20.00006
     -20.41023      20.00006
     -20.36723      20.00006
     -20.32523      20.00006
     -20.28223      20.00006
     -20.23923      20.00006
     -20.19623      20.00006
     -20.15423      20.00006
     -20.11123      20.00006
     -20.06823      20.00006
     -20.02523      20.00006
     -19.98223      20.00006
     -19.94023      20.00006
     -19.89723      20.00006
     -19.85423      20.00006
     -19.81123      20.00006
     -19.76823      20.00006
     -19.72623      20.00006
     -19.68323      20.00006
     -19.64023      20.00006
     -19.59723      20.00006
     -19.55423      20.00006
     -19.51223      20.00006
     -19.46923      20.00006
     -19.42623      20.00006
     -19.38323      20.00006
     -19.34123      20.00006
     -19.29823      20.00006
     -19.25523      20.00006
     -19.21223      20.00006
     -19.16923      20.00006
     -19.12723      20.00006
     -19.08423      20.00006
     -19.04123      20.00006
     -18.99823      20.00006
     -18.95523      20.00006
     -18.91323      20.00006
     -18.87023      20.00006
     -18.82723      20.00006
     -18.78423      20.00006
     -18.74123      20.00006
     -18.69923      20.00006
     -18.65623      20.00006
     -18.61323      20.00006
     -18.57023      20.00006
     -18.52823      20.00006
     -18.48523      20.00006
     -18.44223      20.00006
     -18.39923      20.00006
     -18.35623      20.00006
     -18.31423      20.00006
     -18.27123      20.00006
     -18.22823      20.00006
     -18.18523      20.00006
     -18.14223      20.00006
     -18.10023      20.00006
     -18.05723      20.00006
     -18.01423      20.00006
     -17.97123      20.00006
     -17.92823      20.00006
     -17.88623      20.00006
     -17.84323      20.00006
     -17.80023      20.00006
     -17.75723      20.00006
     -17.71523      20.00006
     -17.67223      20.00006
     -17.62923      20.00006
     -17.58623      20.00006
     -17.54323      20.00006
     -17.50123      20.00006
     -17.45823      20.00006
     -17.41523      20.00006
     -17.37223      20.00006
     -17.32923      20.00006
     -17.28723      20.00006
     -17.24423      20.00006
     -17.20123      20.00006
     -17.15823      20.00006
     -17.11523      20.00006
     -17.07323      20.00006
     -17.03023      20.00006
     -16.98723      20.00006
     -16.94423      20.00006
     -16.90223      20.00006
     -16.85923      20.00006
     -16.81623      20.00006
     -16.77323      20.00006
     -16.73023      20.00006
     -16.68823      20.00006
     -16.64523      20.00006
     -16.60223      20.00006
     -16.55923      20.00006
     -16.51623      20.00006
     -16.47423      20.00006
     -16.43123      20.00006
     -16.38823      20.00006
     -16.34523      20.00006
     -16.30223      20.00006
     -16.26023      20.00006
     -16.21723      20.00006
     -16.17423      20.00006
     -16.13123      20.00006
     -16.08923      20.00006
     -16.04623      20.00006
     -16.00323      20.00006
     -15.96023      20.00006
     -15.91723      20.00006
     -15.87523      20.00006
     -15.83223      20.00006
     -15.78923      20.00006
     -15.74623      20.00006
     -15.70323      20.00006
     -15.66123      20.00006
     -15.61823      20.00006
     -15.57523      20.00006
     -15.53223      20.00006
     -15.48923      20.00006
     -15.44723      20.00006
     -15.40423      20.00006
     -15.36123      20.00006
     -15.31823      20.00006
     -15.27623      20.00006
     -15.23323      20.00006
     -15.19023      20.00006
     -15.14723      20.00006
     -15.10423      20.00006
     -15.06223      20.00006
     -15.01923      20.00006
     -14.97623      20.00006
     -14.93323      20.00006
     -14.89023      20.00006
     -14.84823      20.00006
     -14.80523      20.00006
     -14.76223      20.00006
     -14.71923      20.00006
     -14.67623      20.00006
     -14.63423      20.00006
     -14.59123      20.00006
     -14.54823      20.00006
     -14.50523      20.00006
     -14.46323      20.00006
     -14.42023      20.00006
     -14.37723      20.00006
     -14.33423      20.00009
     -14.29123      20.00034
     -14.24923      20.00102
     -14.20623      20.00189
     -14.16323      20.00382
     -14.12023      20.00982
     -14.07723      20.01933
     -14.03523      20.02677
     -13.99223      20.02971
     -13.94923      20.03164
     -13.90623      20.03784
     -13.86423      20.04726
     -13.82123      20.05517
     -13.77823      20.06799
     -13.73523      20.09034
     -13.69223      20.10938
     -13.65023      20.11676
     -13.60723      20.11827
     -13.56423      20.12021
     -13.52123      20.12464
     -13.47823      20.13046
     -13.43623      20.14279
     -13.39323      20.16908
     -13.35023      20.20041
     -13.30723      20.21993
     -13.26423      20.22742
     -13.22223      20.23787
     -13.17923      20.25634
     -13.13623      20.27192
     -13.09323      20.28538
     -13.05123      20.30690
     -13.00823      20.32780
     -12.96523      20.33673
     -12.92223      20.33925
     -12.87923      20.34486
     -12.83723      20.35450
     -12.79423      20.36703
     -12.75123      20.39962
     -12.70823      20.45514
     -12.66523      20.49730
     -12.62323      20.51266
     -12.58023      20.51755
     -12.53723      20.52472
     -12.49423      20.54835
     -12.45123      20.58437
     -12.40923      20.61196
     -12.36623      20.63468
     -12.32323      20.65970
     -12.28023      20.67452
     -12.23823      20.67795
     -12.19523      20.68035
     -12.15223      20.69130
     -12.10923      20.71375
     -12.06623      20.74651
     -12.02423      20.80296
     -11.98123      20.88328
     -11.93823      20.94616
     -11.89523      20.97439
     -11.85223      20.99460
     -11.81023      21.01969
     -11.76723      21.05400
     -11.72423      21.09269
     -11.68123      21.11850
     -11.63823      21.13792
     -11.59623      21.16095
     -11.55323      21.18736
     -11.51023      21.21898
     -11.46723      21.24829
     -11.42523      21.26960
     -11.38223      21.29183
     -11.33923      21.33332
     -11.29623      21.39495
     -11.25323      21.44815
     -11.21123      21.47799
     -11.16823      21.49834
     -11.12523      21.53008
     -11.08223      21.56704
     -11.03923      21.59180
     -10.99723      21.61196
     -10.95423      21.62808
     -10.91123      21.63654
     -10.86823      21.64937
     -10.82523      21.66795
     -10.78323      21.67941
     -10.74023      21.68306
     -10.69723      21.69129
     -10.65423      21.71389
     -10.61223      21.75337
     -10.56923      21.80797
     -10.52623      21.86189
     -10.48323      21.89852
     -10.44023      21.91650
     -10.39823      21.92152
     -10.35523      21.92203
     -10.31223      21.92225
     -10.26923      21.92444
     -10.22623      21.93169
     -10.18423      21.94071
     -10.14123      21.94522
     -10.09823      21.94600
     -10.05523      21.94603
     -10.01223      21.94608
      -9.97023      21.94699
      -9.92723      21.95319
      -9.88423      21.97161
      -9.84123      22.00025
      -9.79923      22.02884
      -9.75623      22.04726
      -9.71323      22.05331
      -9.67023      22.05401
      -9.62723      22.05403
      -9.58523      22.05415
      -9.54223      22.05567
      -9.49923      22.06190
      -9.45623      22.07117
      -9.41323      22.07676
      -9.37123      22.07796
      -9.32823      22.07803
      -9.28523      22.07803
      -9.24223      22.07805
      -9.19923      22.07879
      -9.15723      22.08771
      -9.11423      22.12658
      -9.07123      22.19973
      -9.02823      22.26947
      -8.98623      22.30603
      -8.94323      22.31682
      -8.90023      22.32080
      -8.85723      22.33248
      -8.81423      22.35105
      -8.77223      22.36306
      -8.72923      22.36592
      -8.68623      22.36770
      -8.64323      22.38134
      -8.60023      22.42207
      -8.55823      22.47506
      -8.51523      22.51474
      -8.47223      22.54692
      -8.42923      22.58935
      -8.38623      22.65540
      -8.34423      22.73330
      -8.30123      22.79117
      -8.25823      22.83139
      -8.21523      22.87696
      -8.17323      22.92445
      -8.13023      22.96095
      -8.08723      22.98047
      -8.04423      22.98562
      -8.00123      22.98607
      -7.95923      22.98609
      -7.91623      22.98636
      -7.87323      22.99103
      -7.83023      23.01545
      -7.78723      23.06713
      -7.74523      23.12802
      -7.70223      23.17274
      -7.65923      23.19102
      -7.61623      23.19395
      -7.57323      23.19409
      -7.53123      23.19418
      -7.48823      23.19591
      -7.44523      23.20564
      -7.40223      23.22781
      -7.36023      23.26508
      -7.31723      23.31953
      -7.27423      23.36604
      -7.23123      23.38359
      -7.18823      23.38599
      -7.14623      23.38609
      -7.10323      23.38633
      -7.06023      23.38945
      -7.01723      23.40202
      -6.97423      23.42056
      -6.93223      23.43161
      -6.88923      23.43440
      -6.84623      23.43916
      -6.80323      23.45392
      -6.76023      23.47185
      -6.71823      23.48057
      -6.67523      23.48205
      -6.63223      23.48310
      -6.58923      23.49020
      -6.54723      23.50725
      -6.50423      23.52353
      -6.46123      23.53209
      -6.41823      23.54935
      -6.37523      23.58482
      -6.33323      23.61513
      -6.29023      23.62529
      -6.24723      23.62900
      -6.20423      23.63765
      -6.16123      23.64886
      -6.11923      23.65844
      -6.07623      23.66831
      -6.03323      23.67563
      -5.99023      23.67785
      -5.94723      23.67806
      -5.90523      23.67807
      -5.86223      23.67807
      -5.81923      23.67807
      -5.77623      23.67807
      -5.73423      23.67818
      -5.69123      23.68016
      -5.64823      23.69035
      -5.60523      23.70881
      -5.56223      23.72347
      -5.52023      23.73522
      -5.47723      23.75318
      -5.43423      23.76846
      -5.39123      23.77352
      -5.34823      23.77405
      -5.30623      23.77407
      -5.26323      23.77407
      -5.22023      23.77407
      -5.17723      23.77407
      -5.13423      23.77408
      -5.09223      23.77458
      -5.04923      23.77973
      -5.00623      23.79852
      -4.96323      23.83232
      -4.92123      23.87454
      -4.87823      23.92246
      -4.83523      23.96551
      -4.79223      23.99437
      -4.74923      24.01873
      -4.70723      24.05090
      -4.66423      24.10047
      -4.62123      24.15749
      -4.57823      24.21410
      -4.53523      24.28977
      -4.49323      24.36206
      -4.45023      24.39395
      -4.40723      24.40496
      -4.36423      24.42843
      -4.32223      24.47232
      -4.27923      24.51660
      -4.23623      24.54227
      -4.19323      24.56535
      -4.15023      24.60599
      -4.10823      24.66076
      -4.06523      24.71574
      -4.02223      24.75086
      -3.97923      24.76529
      -3.93623      24.78779
      -3.89423      24.83828
      -3.85123      24.90449
      -3.80823      24.96035
      -3.76523      24.99678
      -3.72223      25.02850
      -3.68023      25.07048
      -3.63723      25.13028
      -3.59423      25.21363
      -3.55123      25.30223
      -3.50923      25.37189
      -3.46623      25.42799
      -3.42323      25.48310
      -3.38023      25.53639
      -3.33723      25.58795
      -3.29523      25.65770
      -3.25223      25.73958
      -3.20923      25.79432
      -3.16623      25.81826
      -3.12323      25.83092
      -3.08123      25.85647
      -3.03823      25.91971
      -2.99523      26.00249
      -2.95223      26.06933
      -2.90923      26.10642
      -2.86723      26.12270
      -2.82423      26.15284
      -2.78123      26.22060
      -2.73823      26.29466
      -2.69623      26.34353
      -2.65323      26.39160
      -2.61023      26.44888
      -2.56723      26.51045
      -2.52423      26.58561
      -2.48223      26.64573
      -2.43923      26.66879
      -2.39623      26.68587
      -2.35323      26.73472
      -2.31023      26.81608
      -2.26823      26.90406
      -2.22523      26.98458
      -2.18223      27.04470
      -2.13923      27.07216
      -2.09623      27.07785
      -2.05423      27.08064
      -2.01123      27.09773
      -1.96823      27.14112
      -1.92523      27.19013
      -1.88323      27.22765
      -1.84023      27.28273
      -1.79723      27.36751
      -1.75423      27.44873
      -1.71123      27.50126
      -1.66923      27.52609
      -1.62623      27.53963
      -1.58323      27.55280
      -1.54023      27.56266
      -1.49723      27.57196
      -1.45523      27.58582
      -1.41223      27.61062
      -1.36923      27.65715
      -1.32623      27.71895
      -1.28323      27.77484
      -1.24123      27.81275
      -1.19823      27.83017
      -1.15523      27.83386
      -1.11223      27.83412
      -1.07023      27.83413
      -1.02723      27.83414
      -0.98423      27.83445
      -0.94123      27.83802
      -0.89823      27.85359
      -0.85623      27.88581
      -0.81323      27.91884
      -0.77023      27.93486
      -0.72723      27.93793
      -0.68423      27.93812
      -0.64223      27.93813
      -0.59923      27.93813
      -0.55623      27.93815
      -0.51323      27.93893
      -0.47023      27.94534
      -0.42823      27.96326
      -0.38523      27.98333
      -0.34223      27.99255
      -0.29923      27.99406
      -0.25723      27.99427
      -0.21423      27.99524
      -0.17123      27.99742
      -0.12823      27.99937
      -0.08523      28.00005
      -0.04323      28.00012
      -0.00023      28.00012
       0.04277      28.00012
       0.08577      28.00012
       0.12877      28.00012
       0.17077      28.00012
       0.21377      28.00012
       0.25677      28.00012
       0.29977      28.00012
       0.34277      28.00012
       0.38477      28.00012
       0.42777      28.00012
       0.47077      28.00012
       0.51377      28.00013
       0.55577      28.00032
       0.59877      28.00162
       0.64177      28.00499
       0.68477      28.01045
       0.72777      28.01773
       0.76977      28.02372
       0.81277      28.02621
       0.85577      28.02860
       0.89877      28.03331
       0.94177      28.03912
       0.98377      28.04580
       1.02677      28.05223
       1.06977      28.05866
       1.11277      28.06978
       1.15577      28.08833
       1.19777      28.10961
       1.24077      28.12283
       1.28377      28.12879
       1.32677      28.14395
       1.36877      28.17440
       1.41177      28.20164
       1.45477      28.21254
       1.49777      28.21765
       1.54077      28.23812
       1.58277      28.28764
       1.62577      28.34203
       1.66877      28.37092
       1.71177      28.39166
       1.75477      28.44244
       1.79677      28.52277
       1.83977      28.59361
       1.88277      28.63191
       1.92577      28.65765
       1.96877      28.69735
       2.01077      28.75567
       2.05377      28.83753
       2.09677      28.93053
       2.13977      29.00941
       2.18177      29.07608
       2.22477      29.13089
       2.26777      29.15927
       2.31077      29.16684
       2.35377      29.17797
       2.39577      29.21164
       2.43877      29.26742
       2.48177      29.35259
       2.52477      29.46262
       2.56777      29.56102
       2.60977      29.64349
       2.65277      29.72622
       2.69577      29.80106
       2.73877      29.86371
       2.78177      29.91401
       2.82377      29.94080
       2.86677      29.95872
       2.90977      30.00079
       2.95277      30.05528
       2.99477      30.08483
       3.03777      30.09240
       3.08077      30.09887
       3.12377      30.11392
       3.16677      30.13375
       3.20877      30.15199
       3.25177      30.17414
       3.29477      30.20170
       3.33777      30.23035
       3.38077      30.25571
       3.42277      30.27789
       3.46577      30.30756
       3.50877      30.34410
       3.55177      30.37480
       3.59477      30.40373
       3.63677      30.44053
       3.67977      30.48830
       3.72277      30.54649
       3.76577      30.60548
       3.80777      30.65479
       3.85077      30.70953
       3.89377      30.80120
       3.93677      30.92326
       3.97977      31.02854
       4.02177      31.09050
       4.06477      31.12983
       4.10777      31.17894
       4.15077      31.25401
       4.19377      31.34952
       4.23577      31.44483
       4.27877      31.52036
       4.32177      31.57271
       4.36477      31.60929
       4.40677      31.64493
       4.44977      31.69231
       4.49277      31.73478
       4.53577      31.75526
       4.57877      31.77574
       4.62077      31.83012
       4.66377      31.90515
       4.70677      31.95524
       4.74977      31.97760
       4.79277      32.01801
       4.83477      32.10979
       4.87777      32.21516
       4.92077      32.27820
       4.96377      32.30575
       5.00677      32.33524
       5.04877      32.38292
       5.09177      32.43855
       5.13477      32.48112
       5.17777      32.50392
       5.21977      32.52303
       5.26277      32.54750
       5.30577      32.59242
       5.34877      32.67483
       5.39177      32.76946
       5.43377      32.84345
       5.47677      32.88576
       5.51977      32.90587
       5.56277      32.92510
       5.60577      32.94559
       5.64777      32.96118
       5.69077      32.97823
       5.73377      33.02457
       5.77677      33.11950
       5.81977      33.23242
       5.86177      33.31941
       5.90477      33.36860
       5.94777      33.40986
       5.99077      33.47795
       6.03277      33.55861
       6.07577      33.63129
       6.11877      33.70052
       6.16177      33.75972
       6.20477      33.79601
       6.24677      33.80997
       6.28977      33.81874
       6.33277      33.85217
       6.37577      33.92598
       6.41877      34.01436
       6.46077      34.08933
       6.50377      34.14052
       6.54677      34.16447
       6.58977      34.17241
       6.63277      34.18072
       6.67477      34.19985
       6.71777      34.22449
       6.76077      34.24110
       6.80377      34.25911
       6.84577      34.31480
       6.88877      34.41018
       6.93177      34.49679
       6.97477      34.54235
       7.01777      34.56069
       7.05977      34.58887
       7.10277      34.64020
       7.14577      34.68483
       7.18877      34.70945
       7.23177      34.72957
       7.27377      34.74449
       7.31677      34.75763
       7.35977      34.79230
       7.40277      34.84750
       7.44577      34.89371
       7.48777      34.92422
       7.53077      34.95152
       7.57377      34.98777
       7.61677      35.04423
       7.65877      35.10719
       7.70177      35.14763
       7.74477      35.16329
       7.78777      35.17845
       7.83077      35.21710
       7.87277      35.27384
       7.91577      35.31758
       7.95877      35.33576
       8.00177      35.34040
       8.04477      35.34684
       8.08677      35.36479
       8.12977      35.39373
       8.17277      35.43210
       8.21577      35.47675
       8.25877      35.52566
       8.30077      35.57403
       8.34377      35.60847
       8.38677      35.62415
       8.42977      35.62779
       8.47177      35.62808
       8.51477      35.62813
       8.55777      35.62941
       8.60077      35.64070
       8.64377      35.67245
       8.68577      35.70702
       8.72877      35.72245
       8.77177      35.72838
       8.81477      35.73715
       8.85777      35.74502
       8.89977      35.74778
       8.94277      35.74808
       8.98577      35.74809
       9.02877      35.74816
       9.07177      35.74952
       9.11377      35.75799
       9.15677      35.77581
       9.19977      35.79080
       9.24277      35.79563
       9.28477      35.79724
       9.32777      35.80731
       9.37077      35.83736
       9.41377      35.87442
       9.45677      35.89807
       9.49877      35.90990
       9.54177      35.91500
       9.58477      35.91612
       9.62777      35.91821
       9.67077      35.93071
       9.71277      35.95724
       9.75577      35.97985
       9.79877      35.98728
       9.84177      35.98806
       9.88477      35.98809
       9.92677      35.98809
       9.96977      35.98809
      10.01277      35.98809
      10.05577      35.98809
      10.09777      35.98809
      10.14077      35.98809
      10.18377      35.98809
      10.22677      35.98809
      10.26977      35.98809
      10.31177      35.98809
      10.35477      35.98809
      10.39777      35.98809
      10.44077      35.98809
      10.48377      35.98809
      10.52577      35.98810
      10.56877      35.98837
      10.61177      35.99025
      10.65477      35.99456
      10.69777      35.99851
      10.73977      35.99992
      10.78277      36.00008
      10.82577      36.00009
      10.86877      36.00009
      10.91077      36.00009
      10.95377      36.00009
      10.99677      36.00009
      11.03977      36.00009
      11.08277      36.00009
      11.12477      36.00009
      11.16777      36.00009
      11.21077      36.00009
      11.25377      36.00009
      11.29677      36.00009
      11.33877      36.00009
      11.38177      36.00009
      11.42477      36.00009
      11.46777      36.00009
      11.51077      36.00009
      11.55277      36.00009
      11.59577      36.00009
      11.63877      36.00009
      11.68177      36.00009
      11.72377      36.00009
      11.76677      36.00009
      11.80977      36.00009
      11.85277      36.00009
      11.89577      36.00009
      11.93777      36.00009
      11.98077      36.00009
      12.02377      36.00009
      12.06677      36.00009
      12.10977      36.00009
      12.15177      36.00009
      12.19477      36.00009
      12.23777      36.00009
      12.28077      36.00009
      12.32377      36.00009
      12.36577      36.00009
      12.40877      36.00009
      12.45177      36.00009
      12.49477      36.00009
      12.53677      36.00009
      12.57977      36.00009
