      #Energy        TDOS
     -30.16623       0.00000
     -30.12323       0.00000
     -30.08123       0.00000
     -30.03823       0.00000
     -29.99523       0.00000
     -29.95223       0.00000
     -29.90923       0.00000
     -29.86723       0.00000
     -29.82423       0.00000
     -29.78123       0.00000
     -29.73823       0.00000
     -29.69623       0.00000
     -29.65323       0.00000
     -29.61023       0.00000
     -29.56723       0.00000
     -29.52423       0.00000
     -29.48223       0.00000
     -29.43923       0.00000
     -29.39623       0.00000
     -29.35323       0.00000
     -29.31023       0.00000
     -29.26823       0.00000
     -29.22523       0.00000
     -29.18223       0.00000
     -29.13923       0.00000
     -29.09623       0.00000
     -29.05423       0.00000
     -29.01123       0.00000
     -28.96823       0.00000
     -28.92523       0.00000
     -28.88323       0.00000
     -28.84023       0.00000
     -28.79723       0.00000
     -28.75423       0.00000
     -28.71123       0.00000
     -28.66923       0.00000
     -28.62623       0.00000
     -28.58323       0.00000
     -28.54023       0.00000
     -28.49723       0.00000
     -28.45523       0.00000
     -28.41223       0.00000
     -28.36923       0.00032
     -28.32623       0.04121
     -28.28323       1.43100
     -28.24123      13.93000
     -28.19823      41.10000
     -28.15523      45.89000
     -28.11223      40.25000
     -28.07023      46.37000
     -28.02723      48.62000
     -27.98423      50.28000
     -27.94123      53.24000
     -27.89823      49.77000
     -27.85623      47.44000
     -27.81323      24.58000
     -27.77023       4.25000
     -27.72723       0.21330
     -27.68423       0.00292
     -27.64223       0.00001
     -27.59923       0.00000
     -27.55623       0.00000
     -27.51323       0.00000
     -27.47023       0.00000
     -27.42823       0.00000
     -27.38523       0.00000
     -27.34223       0.00000
     -27.29923       0.00000
     -27.25723       0.00000
     -27.21423       0.00000
     -27.17123       0.00000
     -27.12823       0.00000
     -27.08523       0.00000
     -27.04323       0.00000
     -27.00023       0.00000
     -26.95723       0.00000
     -26.91423       0.00000
     -26.87123       0.00000
     -26.82923       0.00000
     -26.78623       0.00000
     -26.74323       0.00000
     -26.70023       0.00000
     -26.65723       0.00000
     -26.61523       0.00000
     -26.57223       0.00000
     -26.52923       0.00000
     -26.48623       0.00000
     -26.44423       0.00000
     -26.40123       0.00000
     -26.35823       0.00000
     -26.31523       0.00000
     -26.27223       0.00000
     -26.23023       0.00000
     -26.18723       0.00000
     -26.14423       0.00000
     -26.10123       0.00000
     -26.05823       0.00000
     -26.01623       0.00000
     -25.97323       0.00000
     -25.93023       0.00000
     -25.88723       0.00000
     -25.84423       0.00000
     -25.80223       0.00000
     -25.75923       0.00000
     -25.71623       0.00000
     -25.67323       0.00000
     -25.63123       0.00000
     -25.58823       0.00000
     -25.54523       0.00000
     -25.50223       0.00000
     -25.45923       0.00000
     -25.41723       0.00000
     -25.37423       0.00000
     -25.33123       0.00000
     -25.28823       0.00000
     -25.24523       0.00000
     -25.20323       0.00000
     -25.16023       0.00000
     -25.11723       0.00000
     -25.07423       0.00000
     -25.03123       0.00000
     -24.98923       0.00000
     -24.94623       0.00000
     -24.90323       0.00000
     -24.86023       0.00000
     -24.81823       0.00000
     -24.77523       0.00000
     -24.73223       0.00000
     -24.68923       0.00000
     -24.64623       0.00000
     -24.60423       0.00000
     -24.56123       0.00000
     -24.51823       0.00000
     -24.47523       0.00000
     -24.43223       0.00000
     -24.39023       0.00000
     -24.34723       0.00000
     -24.30423       0.00000
     -24.26123       0.00000
     -24.21823       0.00000
     -24.17623       0.00000
     -24.13323       0.00000
     -24.09023       0.00000
     -24.04723       0.00000
     -24.00523       0.00000
     -23.96223       0.00000
     -23.91923       0.00000
     -23.87623       0.00000
     -23.83323       0.00000
     -23.79123       0.00000
     -23.74823       0.00000
     -23.70523       0.00000
     -23.66223       0.00000
     -23.61923       0.00000
     -23.57723       0.00000
     -23.53423       0.00000
     -23.49123       0.00000
     -23.44823       0.00000
     -23.40523       0.00000
     -23.36323       0.00000
     -23.32023       0.00000
     -23.27723       0.00000
     -23.23423       0.00000
     -23.19223       0.00000
     -23.14923       0.00000
     -23.10623       0.00000
     -23.06323       0.00000
     -23.02023       0.00000
     -22.97823       0.00000
     -22.93523       0.00000
     -22.89223       0.00000
     -22.84923       0.00000
     -22.80623       0.00000
     -22.76423       0.00000
     -22.72123       0.00000
     -22.67823       0.00000
     -22.63523       0.00000
     -22.59323       0.00000
     -22.55023       0.00000
     -22.50723       0.00000
     -22.46423       0.00000
     -22.42123       0.00000
     -22.37923       0.00000
     -22.33623       0.00000
     -22.29323       0.00000
     -22.25023       0.00000
     -22.20723       0.00000
     -22.16523       0.00000
     -22.12223       0.00000
     -22.07923       0.00000
     -22.03623       0.00000
     -21.99323       0.00000
     -21.95123       0.00000
     -21.90823       0.00000
     -21.86523       0.00000
     -21.82223       0.00000
     -21.78023       0.00000
     -21.73723       0.00000
     -21.69423       0.00000
     -21.65123       0.00000
     -21.60823       0.00000
     -21.56623       0.00000
     -21.52323       0.00000
     -21.48023       0.00000
     -21.43723       0.00000
     -21.39423       0.00000
     -21.35223       0.00000
     -21.30923       0.00000
     -21.26623       0.00000
     -21.22323       0.00000
     -21.18023       0.00000
     -21.13823       0.00000
     -21.09523       0.00000
     -21.05223       0.00000
     -21.00923       0.00000
     -20.96723       0.00000
     -20.92423       0.00000
     -20.88123       0.00000
     -20.83823       0.00000
     -20.79523       0.00000
     -20.75323       0.00000
     -20.71023       0.00000
     -20.66723       0.00000
     -20.62423       0.00000
     -20.58123       0.00000
     -20.53923       0.00000
     -20.49623       0.00000
     -20.45323       0.00000
     -20.41023       0.00000
     -20.36723       0.00000
     -20.32523       0.00000
     -20.28223       0.00000
     -20.23923       0.00000
     -20.19623       0.00000
     -20.15423       0.00000
     -20.11123       0.00000
     -20.06823       0.00000
     -20.02523       0.00000
     -19.98223       0.00000
     -19.94023       0.00000
     -19.89723       0.00000
     -19.85423       0.00000
     -19.81123       0.00000
     -19.76823       0.00000
     -19.72623       0.00000
     -19.68323       0.00000
     -19.64023       0.00000
     -19.59723       0.00000
     -19.55423       0.00000
     -19.51223       0.00000
     -19.46923       0.00000
     -19.42623       0.00000
     -19.38323       0.00000
     -19.34123       0.00000
     -19.29823       0.00000
     -19.25523       0.00000
     -19.21223       0.00000
     -19.16923       0.00000
     -19.12723       0.00000
     -19.08423       0.00000
     -19.04123       0.00000
     -18.99823       0.00000
     -18.95523       0.00000
     -18.91323       0.00000
     -18.87023       0.00000
     -18.82723       0.00000
     -18.78423       0.00000
     -18.74123       0.00000
     -18.69923       0.00000
     -18.65623       0.00000
     -18.61323       0.00000
     -18.57023       0.00000
     -18.52823       0.00000
     -18.48523       0.00000
     -18.44223       0.00000
     -18.39923       0.00000
     -18.35623       0.00000
     -18.31423       0.00000
     -18.27123       0.00000
     -18.22823       0.00000
     -18.18523       0.00000
     -18.14223       0.00000
     -18.10023       0.00000
     -18.05723       0.00000
     -18.01423       0.00000
     -17.97123       0.00000
     -17.92823       0.00000
     -17.88623       0.00000
     -17.84323       0.00000
     -17.80023       0.00000
     -17.75723       0.00000
     -17.71523       0.00000
     -17.67223       0.00000
     -17.62923       0.00000
     -17.58623       0.00000
     -17.54323       0.00000
     -17.50123       0.00000
     -17.45823       0.00000
     -17.41523       0.00000
     -17.37223       0.00000
     -17.32923       0.00000
     -17.28723       0.00000
     -17.24423       0.00000
     -17.20123       0.00000
     -17.15823       0.00000
     -17.11523       0.00000
     -17.07323       0.00000
     -17.03023       0.00000
     -16.98723       0.00000
     -16.94423       0.00000
     -16.90223       0.00000
     -16.85923       0.00000
     -16.81623       0.00000
     -16.77323       0.00000
     -16.73023       0.00000
     -16.68823       0.00000
     -16.64523       0.00000
     -16.60223       0.00000
     -16.55923       0.00000
     -16.51623       0.00000
     -16.47423       0.00000
     -16.43123       0.00000
     -16.38823       0.00000
     -16.34523       0.00000
     -16.30223       0.00000
     -16.26023       0.00000
     -16.21723       0.00000
     -16.17423       0.00000
     -16.13123       0.00000
     -16.08923       0.00000
     -16.04623       0.00000
     -16.00323       0.00000
     -15.96023       0.00000
     -15.91723       0.00000
     -15.87523       0.00000
     -15.83223       0.00000
     -15.78923       0.00000
     -15.74623       0.00000
     -15.70323       0.00000
     -15.66123       0.00000
     -15.61823       0.00000
     -15.57523       0.00000
     -15.53223       0.00000
     -15.48923       0.00000
     -15.44723       0.00000
     -15.40423       0.00000
     -15.36123       0.00000
     -15.31823       0.00000
     -15.27623       0.00000
     -15.23323       0.00000
     -15.19023       0.00000
     -15.14723       0.00000
     -15.10423       0.00000
     -15.06223       0.00000
     -15.01923       0.00000
     -14.97623       0.00000
     -14.93323       0.00000
     -14.89023       0.00000
     -14.84823       0.00000
     -14.80523       0.00000
     -14.76223       0.00000
     -14.71923       0.00000
     -14.67623       0.00000
     -14.63423       0.00000
     -14.59123       0.00000
     -14.54823       0.00000
     -14.50523       0.00000
     -14.46323       0.00000
     -14.42023       0.00000
     -14.37723       0.00005
     -14.33423       0.00137
     -14.29123       0.01041
     -14.24923       0.02142
     -14.20623       0.01885
     -14.16323       0.07134
     -14.12023       0.20920
     -14.07723       0.23530
     -14.03523       0.11260
     -13.99223       0.02464
     -13.94923       0.06592
     -13.90623       0.22380
     -13.86423       0.21620
     -13.82123       0.15360
     -13.77823       0.44550
     -13.73523       0.59950
     -13.69223       0.29010
     -13.65023       0.05491
     -13.60723       0.01560
     -13.56423       0.07544
     -13.52123       0.13130
     -13.47823       0.14070
     -13.43623       0.43590
     -13.39323       0.79300
     -13.35023       0.67100
     -13.30723       0.24160
     -13.26423       0.10830
     -13.22223       0.38010
     -13.17923       0.48330
     -13.13623       0.24510
     -13.09323       0.38380
     -13.05123       0.62230
     -13.00823       0.35430
     -12.96523       0.06343
     -12.92223       0.05442
     -12.87923       0.20750
     -12.83723       0.24330
     -12.79423       0.34230
     -12.75123       1.18100
     -12.70823       1.41400
     -12.66523       0.55640
     -12.62323       0.16180
     -12.58023       0.06688
     -12.53723       0.26810
     -12.49423       0.83630
     -12.45123       0.84720
     -12.40923       0.44250
     -12.36623       0.61960
     -12.32323       0.54950
     -12.28023       0.14360
     -12.23823       0.01642
     -12.19523       0.09576
     -12.15223       0.41600
     -12.10923       0.63340
     -12.06623       0.89770
     -12.02423       1.74100
     -11.98123       2.01300
     -11.93823       0.92640
     -11.89523       0.39280
     -11.85223       0.55210
     -11.81023       0.62040
     -11.76723       0.98360
     -11.72423       0.82450
     -11.68123       0.38180
     -11.63823       0.52620
     -11.59623       0.55030
     -11.55323       0.68400
     -11.51023       0.79410
     -11.46723       0.57550
     -11.42523       0.42080
     -11.38223       0.61810
     -11.33923       1.32100
     -11.29623       1.56000
     -11.25323       0.92640
     -11.21123       0.46820
     -11.16823       0.48330
     -11.12523       1.00000
     -11.08223       0.72770
     -11.03923       0.42940
     -10.99723       0.51290
     -10.95423       0.24050
     -10.91123       0.15500
     -10.86823       0.44490
     -10.82523       0.42360
     -10.78323       0.11210
     -10.74023       0.05829
     -10.69723       0.32620
     -10.65423       0.73040
     -10.61223       1.11500
     -10.56923       1.43700
     -10.52623       1.08300
     -10.48323       0.62910
     -10.44023       0.21170
     -10.39823       0.02274
     -10.35523       0.00090
     -10.31223       0.00948
     -10.26923       0.09322
     -10.22623       0.24540
     -10.18423       0.17640
     -10.14123       0.03436
     -10.09823       0.00176
     -10.05523       0.00006
     -10.01223       0.00228
      -9.97023       0.04024
      -9.92723       0.24950
      -9.88423       0.61140
      -9.84123       0.72700
      -9.79923       0.60970
      -9.75623       0.25100
      -9.71323       0.03173
      -9.67023       0.00106
      -9.62723       0.00011
      -9.58523       0.00516
      -9.54223       0.06610
      -9.49923       0.22490
      -9.45623       0.20850
      -9.41323       0.05257
      -9.37123       0.00351
      -9.32823       0.00006
      -9.28523       0.00001
      -9.24223       0.00086
      -9.19923       0.03351
      -9.15723       0.38360
      -9.11423       1.43300
      -9.07123       1.98600
      -9.02823       1.27400
      -8.98623       0.43490
      -8.94323       0.06927
      -8.90023       0.11680
      -8.85723       0.42910
      -8.81423       0.43890
      -8.77223       0.12230
      -8.72923       0.01151
      -8.68623       0.07191
      -8.64323       0.56560
      -8.60023       1.33800
      -8.55823       1.13900
      -8.51523       0.71540
      -8.47223       0.78860
      -8.42923       1.19500
      -8.38623       1.89200
      -8.34423       1.74900
      -8.30123       0.95600
      -8.25823       0.92390
      -8.21523       1.20600
      -8.17323       1.01400
      -8.13023       0.69200
      -8.08723       0.22010
      -8.04423       0.02073
      -8.00123       0.00051
      -7.95923       0.00020
      -7.91623       0.01254
      -7.87323       0.20550
      -7.83023       0.93590
      -7.78723       1.48000
      -7.74523       1.36600
      -7.70223       0.72410
      -7.65923       0.13040
      -7.61623       0.00641
      -7.57323       0.00014
      -7.53123       0.00417
      -7.48823       0.07651
      -7.44523       0.37840
      -7.40223       0.65790
      -7.36023       1.08400
      -7.31723       1.46100
      -7.27423       0.71280
      -7.23123       0.10750
      -7.18823       0.00471
      -7.14623       0.00027
      -7.10323       0.01072
      -7.06023       0.13510
      -7.01723       0.45270
      -6.97423       0.41350
      -6.93223       0.10320
      -6.88923       0.02732
      -6.84623       0.19510
      -6.80323       0.49490
      -6.76023       0.34310
      -6.71823       0.06442
      -6.67523       0.00493
      -6.63223       0.04397
      -6.58923       0.28790
      -6.54723       0.50920
      -6.50423       0.25140
      -6.46123       0.14870
      -6.41823       0.65810
      -6.37523       1.00000
      -6.33323       0.41650
      -6.29023       0.05846
      -6.24723       0.11480
      -6.20423       0.28950
      -6.16123       0.23450
      -6.11923       0.21340
      -6.07623       0.24780
      -6.03323       0.09428
      -5.99023       0.00966
      -5.94723       0.00026
      -5.90523       0.00000
      -5.86223       0.00000
      -5.81923       0.00000
      -5.77623       0.00008
      -5.73423       0.00517
      -5.69123       0.08731
      -5.64823       0.38910
      -5.60523       0.47340
      -5.56223       0.21190
      -5.52023       0.33740
      -5.47723       0.50200
      -5.43423       0.21240
      -5.39123       0.02411
      -5.34823       0.00071
      -5.30623       0.00001
      -5.26323       0.00000
      -5.22023       0.00000
      -5.17723       0.00000
      -5.13423       0.00064
      -5.09223       0.02270
      -5.04923       0.21790
      -5.00623       0.66060
      -4.96323       0.91910
      -4.92123       1.05400
      -4.87823       1.18600
      -4.83523       0.82600
      -4.79223       0.52320
      -4.74923       0.61530
      -4.70723       0.88820
      -4.66423       1.42900
      -4.62123       1.23600
      -4.57823       1.41000
      -4.53523       2.12700
      -4.49323       1.25200
      -4.45023       0.23850
      -4.40723       0.27610
      -4.36423       0.82070
      -4.32223       1.23100
      -4.27923       0.83840
      -4.23623       0.36140
      -4.19323       0.71750
      -4.15023       1.18200
      -4.10823       1.37800
      -4.06523       1.19200
      -4.02223       0.44940
      -3.97923       0.22520
      -3.93623       0.82660
      -3.89423       1.53300
      -3.85123       1.56200
      -3.80823       1.04900
      -3.76523       0.65360
      -3.72223       0.82910
      -3.68023       1.13300
      -3.63723       1.66200
      -3.59423       2.23400
      -3.55123       1.90700
      -3.50923       1.34900
      -3.46623       1.27300
      -3.42323       1.30300
      -3.38023       1.18800
      -3.33723       1.22200
      -3.29523       2.03800
      -3.25223       1.78900
      -3.20923       0.76980
      -3.16623       0.34910
      -3.12323       0.24290
      -3.08123       0.95110
      -3.03823       2.00500
      -2.99523       1.86400
      -2.95223       1.26000
      -2.90923       0.47380
      -2.86723       0.28690
      -2.82423       1.12200
      -2.78123       2.04500
      -2.73823       1.41700
      -2.69623       0.86700
      -2.65323       1.38000
      -2.61023       1.29700
      -2.56723       1.58100
      -2.52423       1.93200
      -2.48223       0.87820
      -2.43923       0.19940
      -2.39623       0.59910
      -2.35323       1.68400
      -2.31023       2.11900
      -2.26823       1.99300
      -2.22523       1.77100
      -2.18223       1.03900
      -2.13923       0.24420
      -2.09623       0.02189
      -2.05423       0.10860
      -2.01123       0.69020
      -1.96823       1.33800
      -1.92523       0.95250
      -1.88323       0.80130
      -1.84023       1.77300
      -1.79723       2.19000
      -1.75423       1.60600
      -1.71123       0.84920
      -1.66923       0.31160
      -1.62623       0.32130
      -1.58323       0.29420
      -1.54023       0.16650
      -1.49723       0.26830
      -1.45523       0.37940
      -1.41223       0.77980
      -1.36923       1.39500
      -1.32623       1.49400
      -1.28323       1.11800
      -1.24123       0.65390
      -1.19823       0.16050
      -1.15523       0.01200
      -1.11223       0.00025
      -1.07023       0.00000
      -1.02723       0.00037
      -0.98423       0.01412
      -0.94123       0.15280
      -0.89823       0.57530
      -0.85623       0.93030
      -0.81323       0.61360
      -0.77023       0.13510
      -0.72723       0.00872
      -0.68423       0.00015
      -0.64223       0.00000
      -0.59923       0.00001
      -0.55623       0.00130
      -0.51323       0.03514
      -0.47023       0.26430
      -0.42823       0.57350
      -0.38523       0.36440
      -0.34223       0.06665
      -0.29923       0.00365
      -0.25723       0.00647
      -0.21423       0.03875
      -0.17123       0.06317
      -0.12823       0.02813
      -0.08523       0.00336
      -0.04323       0.00010
      -0.00023       0.00000
       0.04277       0.00000
       0.08577       0.00000
       0.12877       0.00000
       0.17077       0.00000
       0.21377       0.00000
       0.25677       0.00000
       0.29977       0.00000
       0.34277       0.00000
       0.38477       0.00000
       0.42777       0.00000
       0.47077       0.00000
       0.51377       0.00036
       0.55577       0.00839
       0.59877       0.05233
       0.64177       0.10510
       0.68477       0.15040
       0.72777       0.18990
       0.76977       0.08972
       0.81277       0.02702
       0.85577       0.08447
       0.89877       0.13590
       0.94177       0.13530
       0.98377       0.17710
       1.02677       0.12350
       1.06977       0.17680
       1.11277       0.34330
       1.15577       0.52340
       1.19777       0.47160
       1.24077       0.14610
       1.28377       0.13270
       1.32677       0.57590
       1.36877       0.84740
       1.41177       0.42560
       1.45477       0.08388
       1.49777       0.15490
       1.54077       0.80180
       1.58277       1.51300
       1.62577       1.02900
       1.66877       0.32150
       1.71177       0.64810
       1.75477       1.72500
       1.79677       2.03000
       1.83977       1.28100
       1.88277       0.50910
       1.92577       0.69430
       1.96877       1.16100
       2.01077       1.56500
       2.05377       2.26100
       2.09677       2.08600
       2.13977       1.60100
       2.18177       1.51500
       2.22477       1.04700
       2.26777       0.27940
       2.31077       0.07482
       2.35377       0.44500
       2.39577       1.12900
       2.43877       1.47800
       2.48177       2.50300
       2.52477       2.64000
       2.56777       1.95900
       2.60977       1.89600
       2.65277       1.97100
       2.69577       1.52700
       2.73877       1.40100
       2.78177       0.95040
       2.82377       0.30160
       2.86677       0.53620
       2.90977       1.43000
       2.95277       1.11700
       2.99477       0.26410
       3.03777       0.08961
       3.08077       0.21270
       3.12377       0.49090
       3.16677       0.43590
       3.20877       0.41660
       3.25177       0.61910
       3.29477       0.66900
       3.33777       0.66980
       3.38077       0.51570
       3.42277       0.52080
       3.46577       0.86610
       3.50877       0.84190
       3.55177       0.59310
       3.59477       0.75930
       3.63677       0.96070
       3.67977       1.27200
       3.72277       1.44800
       3.76577       1.30900
       3.80777       0.99560
       3.85077       1.56300
       3.89377       2.72200
       3.93677       2.98300
       3.97977       1.93800
       4.02177       0.95810
       4.06477       0.88030
       4.10777       1.41500
       4.15077       2.09400
       4.19377       2.37000
       4.23577       2.08500
       4.27877       1.44500
       4.32177       1.00200
       4.36477       0.70790
       4.40677       0.95770
       4.44977       1.25700
       4.49277       0.72810
       4.53577       0.22940
       4.57877       0.72770
       4.62077       1.81400
       4.66377       1.69300
       4.70677       0.64820
       4.74977       0.39680
       4.79277       1.49200
       4.83477       2.79800
       4.87777       2.12700
       4.92077       0.81950
       4.96377       0.46820
       5.00677       0.91050
       5.04877       1.31800
       5.09177       1.28200
       5.13477       0.70780
       5.17777       0.35800
       5.21977       0.53530
       5.26277       0.60850
       5.30577       1.49100
       5.34877       2.36100
       5.39177       2.06200
       5.43377       1.39600
       5.47677       0.58190
       5.51977       0.35810
       5.56277       0.54070
       5.60577       0.41690
       5.64777       0.31170
       5.69077       0.48520
       5.73377       1.68100
       5.77677       2.75600
       5.81977       2.52200
       5.86177       1.54400
       5.90477       0.75520
       5.94777       1.17300
       5.99077       2.01000
       6.03277       1.76000
       6.07577       1.63700
       6.11877       1.59900
       6.16177       1.16800
       6.20477       0.52810
       6.24677       0.12440
       6.28977       0.28560
       6.33277       1.27700
       6.37577       2.17300
       6.41877       1.95800
       6.46077       1.54600
       6.50377       0.84640
       6.54677       0.27310
       6.58977       0.09837
       6.63277       0.28980
       6.67477       0.60440
       6.71777       0.54740
       6.76077       0.22880
       6.80377       0.61310
       6.84577       1.99000
       6.88877       2.46800
       6.93177       1.58000
       6.97477       0.54980
       7.01777       0.30730
       7.05977       1.01000
       7.10277       1.38900
       7.14577       0.69720
       7.18877       0.45350
       7.23177       0.48710
       7.27377       0.21010
       7.31677       0.40420
       7.35977       1.21600
       7.40277       1.36400
       7.44577       0.79630
       7.48777       0.62940
       7.53077       0.64700
       7.57377       1.04700
       7.61677       1.59200
       7.65877       1.35100
       7.70177       0.53900
       7.74477       0.19330
       7.78777       0.51530
       7.83077       1.29100
       7.87277       1.36100
       7.91577       0.68330
       7.95877       0.16680
       8.00177       0.04977
       8.04477       0.25160
       8.08677       0.58720
       8.12977       0.76540
       8.17277       1.02800
       8.21577       1.05900
       8.25877       1.22700
       8.30077       1.03400
       8.34377       0.57600
       8.38677       0.15680
       8.42977       0.01320
       8.47177       0.00031
       8.51477       0.00188
       8.55777       0.05827
       8.60077       0.46910
       8.64377       1.01500
       8.68577       0.60080
       8.72877       0.12060
       8.77177       0.15670
       8.81477       0.25320
       8.85777       0.11470
       8.89977       0.01395
       8.94277       0.00044
       8.98577       0.00004
       9.02877       0.00291
       9.07177       0.06091
       9.11377       0.33480
       9.15677       0.49810
       9.19977       0.20240
       9.24277       0.02373
       9.28477       0.05158
       9.32777       0.41890
       9.37077       0.98580
       9.41377       0.74610
       9.45677       0.35940
       9.49877       0.19350
       9.54177       0.04491
       9.58477       0.00743
       9.62777       0.09012
       9.67077       0.49450
       9.71277       0.74540
       9.75577       0.31160
       9.79877       0.03553
       9.84177       0.00107
       9.88477       0.00001
       9.92677       0.00000
       9.96977       0.00000
      10.01277       0.00000
      10.05577       0.00000
      10.09777       0.00000
      10.14077       0.00000
      10.18377       0.00000
      10.22677       0.00000
      10.26977       0.00000
      10.31177       0.00000
      10.35477       0.00000
      10.39777       0.00000
      10.44077       0.00000
      10.48377       0.00001
      10.52577       0.00054
      10.56877       0.01233
      10.61177       0.07535
      10.65477       0.12610
      10.69777       0.05848
      10.73977       0.00739
      10.78277       0.00025
      10.82577       0.00000
      10.86877       0.00000
      10.91077       0.00000
      10.95377       0.00000
      10.99677       0.00000
      11.03977       0.00000
      11.08277       0.00000
      11.12477       0.00000
      11.16777       0.00000
      11.21077       0.00000
      11.25377       0.00000
      11.29677       0.00000
      11.33877       0.00000
      11.38177       0.00000
      11.42477       0.00000
      11.46777       0.00000
      11.51077       0.00000
      11.55277       0.00000
      11.59577       0.00000
      11.63877       0.00000
      11.68177       0.00000
      11.72377       0.00000
      11.76677       0.00000
      11.80977       0.00000
      11.85277       0.00000
      11.89577       0.00000
      11.93777       0.00000
      11.98077       0.00000
      12.02377       0.00000
      12.06677       0.00000
      12.10977       0.00000
      12.15177       0.00000
      12.19477       0.00000
      12.23777       0.00000
      12.28077       0.00000
      12.32377       0.00000
      12.36577       0.00000
      12.40877       0.00000
      12.45177       0.00000
      12.49477       0.00000
      12.53677       0.00000
      12.57977       0.00000
