      #Energy        TDOS
     -13.11717       0.00000
     -13.10517       0.00000
     -13.09317       0.00000
     -13.08117       0.00000
     -13.06917       0.00000
     -13.05717       0.00000
     -13.04517       0.00000
     -13.03317       0.00000
     -13.02117       0.00000
     -13.00917       0.00000
     -12.99717       0.00000
     -12.98517       0.00000
     -12.97317       0.00000
     -12.96117       0.00000
     -12.94917       0.00000
     -12.93717       0.00000
     -12.92517       0.00000
     -12.91317       0.00000
     -12.90117       0.00000
     -12.88917       0.00000
     -12.87717       0.00000
     -12.86617       0.00000
     -12.85417       0.00000
     -12.84217       0.00000
     -12.83017       0.00000
     -12.81817       0.00000
     -12.80617       0.00000
     -12.79417       0.00000
     -12.78217       0.00000
     -12.77017       0.00000
     -12.75817       0.00000
     -12.74617       0.00000
     -12.73417       0.00000
     -12.72217       0.00000
     -12.71017       0.00000
     -12.69817       0.00000
     -12.68617       0.00000
     -12.67417       0.00000
     -12.66217       0.00000
     -12.65017       0.00000
     -12.63817       0.00000
     -12.62617       0.00000
     -12.61417       0.00000
     -12.60217       0.00000
     -12.59017       0.00000
     -12.57817       0.00000
     -12.56617       0.00000
     -12.55417       0.00000
     -12.54217       0.00000
     -12.53017       0.00000
     -12.51817       0.00000
     -12.50617       0.00000
     -12.49417       0.00000
     -12.48217       0.00000
     -12.47017       0.00000
     -12.45817       0.00000
     -12.44617       0.00000
     -12.43417       0.00000
     -12.42217       0.00000
     -12.41017       0.00000
     -12.39817       0.00000
     -12.38617       0.00000
     -12.37417       0.00000
     -12.36217       0.00000
     -12.35017       0.00000
     -12.33817       0.00000
     -12.32617       0.00000
     -12.31417       0.00000
     -12.30217       0.00000
     -12.29017       0.00000
     -12.27817       0.00000
     -12.26617       0.00000
     -12.25417       0.00000
     -12.24217       0.00000
     -12.23017       0.00000
     -12.21817       0.00000
     -12.20617       0.00000
     -12.19417       0.00000
     -12.18217       0.00000
     -12.17017       0.00000
     -12.15817       0.00000
     -12.14617       0.00000
     -12.13417       0.00000
     -12.12217       0.00000
     -12.11017       0.00000
     -12.09817       0.00001
     -12.08617       0.00002
     -12.07417       0.00004
     -12.06217       0.00009
     -12.05017       0.00018
     -12.03817       0.00033
     -12.02617       0.00056
     -12.01417       0.00090
     -12.00217       0.00136
     -11.99017       0.00196
     -11.97817       0.00269
     -11.96617       0.00356
     -11.95417       0.00454
     -11.94217       0.00564
     -11.93017       0.00684
     -11.91817       0.00813
     -11.90617       0.00950
     -11.89417       0.01096
     -11.88217       0.01250
     -11.87017       0.01411
     -11.85817       0.01578
     -11.84617       0.01750
     -11.83417       0.01929
     -11.82217       0.02114
     -11.81017       0.02307
     -11.79817       0.02507
     -11.78617       0.02713
     -11.77417       0.02923
     -11.76217       0.03136
     -11.75017       0.03351
     -11.73817       0.03572
     -11.72617       0.03799
     -11.71417       0.04035
     -11.70217       0.04279
     -11.69017       0.04530
     -11.67817       0.04784
     -11.66617       0.05038
     -11.65417       0.05291
     -11.64217       0.05544
     -11.63017       0.05801
     -11.61917       0.06067
     -11.60717       0.06344
     -11.59517       0.06632
     -11.58317       0.06929
     -11.57117       0.07228
     -11.55917       0.07526
     -11.54717       0.07820
     -11.53517       0.08110
     -11.52317       0.08399
     -11.51117       0.08692
     -11.49917       0.08994
     -11.48717       0.09310
     -11.47517       0.09639
     -11.46317       0.09979
     -11.45117       0.10324
     -11.43917       0.10669
     -11.42717       0.11009
     -11.41517       0.11343
     -11.40317       0.11674
     -11.39117       0.12003
     -11.37917       0.12335
     -11.36717       0.12672
     -11.35517       0.13018
     -11.34317       0.13377
     -11.33117       0.13750
     -11.31917       0.14137
     -11.30717       0.14533
     -11.29517       0.14933
     -11.28317       0.15328
     -11.27117       0.15712
     -11.25917       0.16082
     -11.24717       0.16443
     -11.23517       0.16800
     -11.22317       0.17165
     -11.21117       0.17545
     -11.19917       0.17943
     -11.18717       0.18360
     -11.17517       0.18789
     -11.16317       0.19227
     -11.15117       0.19668
     -11.13917       0.20109
     -11.12717       0.20546
     -11.11517       0.20976
     -11.10317       0.21396
     -11.09117       0.21807
     -11.07917       0.22210
     -11.06717       0.22613
     -11.05517       0.23022
     -11.04317       0.23447
     -11.03117       0.23891
     -11.01917       0.24355
     -11.00717       0.24833
     -10.99517       0.25320
     -10.98317       0.25808
     -10.97117       0.26295
     -10.95917       0.26777
     -10.94717       0.27255
     -10.93517       0.27730
     -10.92317       0.28200
     -10.91117       0.28666
     -10.89917       0.29127
     -10.88717       0.29582
     -10.87517       0.30034
     -10.86317       0.30488
     -10.85117       0.30954
     -10.83917       0.31442
     -10.82717       0.31960
     -10.81517       0.32506
     -10.80317       0.33070
     -10.79117       0.33639
     -10.77917       0.34199
     -10.76717       0.34741
     -10.75517       0.35263
     -10.74317       0.35768
     -10.73117       0.36264
     -10.71917       0.36755
     -10.70717       0.37249
     -10.69517       0.37750
     -10.68317       0.38259
     -10.67117       0.38779
     -10.65917       0.39314
     -10.64717       0.39867
     -10.63517       0.40440
     -10.62317       0.41032
     -10.61117       0.41640
     -10.59917       0.42254
     -10.58717       0.42866
     -10.57517       0.43468
     -10.56317       0.44055
     -10.55117       0.44626
     -10.53917       0.45185
     -10.52717       0.45736
     -10.51517       0.46284
     -10.50317       0.46832
     -10.49117       0.47387
     -10.47917       0.47954
     -10.46717       0.48538
     -10.45517       0.49141
     -10.44317       0.49764
     -10.43117       0.50399
     -10.41917       0.51042
     -10.40717       0.51688
     -10.39517       0.52335
     -10.38317       0.52987
     -10.37217       0.53648
     -10.36017       0.54316
     -10.34817       0.54988
     -10.33617       0.55654
     -10.32417       0.56306
     -10.31217       0.56938
     -10.30017       0.57548
     -10.28817       0.58142
     -10.27617       0.58731
     -10.26417       0.59330
     -10.25217       0.59954
     -10.24017       0.60612
     -10.22817       0.61306
     -10.21617       0.62028
     -10.20417       0.62767
     -10.19217       0.63512
     -10.18017       0.64255
     -10.16817       0.64997
     -10.15617       0.65741
     -10.14417       0.66489
     -10.13217       0.67238
     -10.12017       0.67982
     -10.10817       0.68710
     -10.09617       0.69413
     -10.08417       0.70090
     -10.07217       0.70747
     -10.06017       0.71400
     -10.04817       0.72066
     -10.03617       0.72764
     -10.02417       0.73505
     -10.01217       0.74291
     -10.00017       0.75114
      -9.98817       0.75961
      -9.97617       0.76818
      -9.96417       0.77676
      -9.95217       0.78529
      -9.94017       0.79381
      -9.92817       0.80234
      -9.91617       0.81086
      -9.90417       0.81935
      -9.89217       0.82773
      -9.88017       0.83596
      -9.86817       0.84403
      -9.85617       0.85200
      -9.84417       0.85999
      -9.83217       0.86814
      -9.82017       0.87658
      -9.80817       0.88541
      -9.79617       0.89466
      -9.78417       0.90435
      -9.77217       0.91442
      -9.76017       0.92483
      -9.74817       0.93554
      -9.73617       0.94650
      -9.72417       0.95769
      -9.71217       0.96904
      -9.70017       0.98045
      -9.68817       0.99180
      -9.67617       1.00291
      -9.66417       1.01365
      -9.65217       1.02395
      -9.64017       1.03379
      -9.62817       1.04327
      -9.61617       1.05255
      -9.60417       1.06185
      -9.59217       1.07141
      -9.58017       1.08142
      -9.56817       1.09197
      -9.55617       1.10302
      -9.54417       1.11440
      -9.53217       1.12584
      -9.52017       1.13711
      -9.50817       1.14805
      -9.49617       1.15860
      -9.48417       1.16882
      -9.47217       1.17876
      -9.46017       1.18849
      -9.44817       1.19803
      -9.43617       1.20739
      -9.42417       1.21656
      -9.41217       1.22555
      -9.40017       1.23442
      -9.38817       1.24327
      -9.37617       1.25226
      -9.36417       1.26155
      -9.35217       1.27122
      -9.34017       1.28123
      -9.32817       1.29141
      -9.31617       1.30155
      -9.30417       1.31143
      -9.29217       1.32098
      -9.28017       1.33023
      -9.26817       1.33929
      -9.25617       1.34828
      -9.24417       1.35727
      -9.23217       1.36624
      -9.22017       1.37514
      -9.20817       1.38387
      -9.19617       1.39241
      -9.18417       1.40075
      -9.17217       1.40896
      -9.16017       1.41716
      -9.14817       1.42544
      -9.13617       1.43388
      -9.12517       1.44249
      -9.11317       1.45120
      -9.10117       1.45990
      -9.08917       1.46852
      -9.07717       1.47701
      -9.06517       1.48542
      -9.05317       1.49384
      -9.04117       1.50230
      -9.02917       1.51080
      -9.01717       1.51922
      -9.00517       1.52741
      -8.99317       1.53524
      -8.98117       1.54266
      -8.96917       1.54978
      -8.95717       1.55677
      -8.94517       1.56387
      -8.93317       1.57124
      -8.92117       1.57895
      -8.90917       1.58693
      -8.89717       1.59505
      -8.88517       1.60314
      -8.87317       1.61103
      -8.86117       1.61864
      -8.84917       1.62593
      -8.83717       1.63295
      -8.82517       1.63979
      -8.81317       1.64657
      -8.80117       1.65339
      -8.78917       1.66030
      -8.77717       1.66730
      -8.76517       1.67434
      -8.75317       1.68141
      -8.74117       1.68849
      -8.72917       1.69560
      -8.71717       1.70271
      -8.70517       1.70975
      -8.69317       1.71658
      -8.68117       1.72308
      -8.66917       1.72921
      -8.65717       1.73500
      -8.64517       1.74060
      -8.63317       1.74618
      -8.62117       1.75191
      -8.60917       1.75789
      -8.59717       1.76419
      -8.58517       1.77077
      -8.57317       1.77755
      -8.56117       1.78442
      -8.54917       1.79123
      -8.53717       1.79785
      -8.52517       1.80419
      -8.51317       1.81017
      -8.50117       1.81575
      -8.48917       1.82093
      -8.47717       1.82574
      -8.46517       1.83025
      -8.45317       1.83459
      -8.44117       1.83892
      -8.42917       1.84343
      -8.41717       1.84827
      -8.40517       1.85353
      -8.39317       1.85921
      -8.38117       1.86523
      -8.36917       1.87141
      -8.35717       1.87757
      -8.34517       1.88352
      -8.33317       1.88908
      -8.32117       1.89417
      -8.30917       1.89874
      -8.29717       1.90283
      -8.28517       1.90653
      -8.27317       1.90998
      -8.26117       1.91329
      -8.24917       1.91661
      -8.23717       1.92002
      -8.22517       1.92360
      -8.21317       1.92742
      -8.20117       1.93150
      -8.18917       1.93584
      -8.17717       1.94040
      -8.16517       1.94511
      -8.15317       1.94981
      -8.14117       1.95432
      -8.12917       1.95846
      -8.11717       1.96212
      -8.10517       1.96527
      -8.09317       1.96796
      -8.08117       1.97032
      -8.06917       1.97248
      -8.05717       1.97457
      -8.04517       1.97667
      -8.03317       1.97885
      -8.02117       1.98112
      -8.00917       1.98346
      -7.99717       1.98580
      -7.98517       1.98807
      -7.97317       1.99016
      -7.96117       1.99204
      -7.94917       1.99368
      -7.93717       1.99510
      -7.92517       1.99635
      -7.91317       1.99748
      -7.90117       1.99854
      -7.88917       1.99955
      -7.87817       2.00054
      -7.86617       2.00154
      -7.85417       2.00255
      -7.84217       2.00358
      -7.83017       2.00464
      -7.81817       2.00572
      -7.80617       2.00679
      -7.79417       2.00783
      -7.78217       2.00880
      -7.77017       2.00972
      -7.75817       2.01062
      -7.74617       2.01157
      -7.73417       2.01265
      -7.72217       2.01398
      -7.71017       2.01561
      -7.69817       2.01759
      -7.68617       2.01993
      -7.67417       2.02259
      -7.66217       2.02554
      -7.65017       2.02870
      -7.63817       2.03203
      -7.62617       2.03544
      -7.61417       2.03884
      -7.60217       2.04212
      -7.59017       2.04520
      -7.57817       2.04802
      -7.56617       2.05058
      -7.55417       2.05291
      -7.54217       2.05509
      -7.53017       2.05720
      -7.51817       2.05935
      -7.50617       2.06168
      -7.49417       2.06438
      -7.48217       2.06763
      -7.47017       2.07158
      -7.45817       2.07628
      -7.44617       2.08165
      -7.43417       2.08747
      -7.42217       2.09349
      -7.41017       2.09940
      -7.39817       2.10499
      -7.38617       2.11013
      -7.37417       2.11481
      -7.36217       2.11905
      -7.35017       2.12292
      -7.33817       2.12648
      -7.32617       2.12980
      -7.31417       2.13299
      -7.30217       2.13619
      -7.29017       2.13962
      -7.27817       2.14352
      -7.26617       2.14814
      -7.25417       2.15368
      -7.24217       2.16023
      -7.23017       2.16770
      -7.21817       2.17587
      -7.20617       2.18435
      -7.19417       2.19268
      -7.18217       2.20048
      -7.17017       2.20749
      -7.15817       2.21368
      -7.14617       2.21915
      -7.13417       2.22414
      -7.12217       2.22898
      -7.11017       2.23397
      -7.09817       2.23945
      -7.08617       2.24568
      -7.07417       2.25291
      -7.06217       2.26132
      -7.05017       2.27098
      -7.03817       2.28186
      -7.02617       2.29383
      -7.01417       2.30674
      -7.00217       2.32045
      -6.99017       2.33491
      -6.97817       2.35013
      -6.96617       2.36620
      -6.95417       2.38320
      -6.94217       2.40120
      -6.93017       2.42020
      -6.91817       2.44005
      -6.90617       2.46050
      -6.89417       2.48114
      -6.88217       2.50150
      -6.87017       2.52112
      -6.85817       2.53966
      -6.84617       2.55695
      -6.83417       2.57302
      -6.82217       2.58807
      -6.81017       2.60236
      -6.79817       2.61618
      -6.78617       2.62972
      -6.77417       2.64308
      -6.76217       2.65627
      -6.75017       2.66925
      -6.73817       2.68198
      -6.72617       2.69445
      -6.71417       2.70668
      -6.70217       2.71868
      -6.69017       2.73046
      -6.67817       2.74199
      -6.66617       2.75321
      -6.65417       2.76404
      -6.64217       2.77438
      -6.63117       2.78415
      -6.61917       2.79335
      -6.60717       2.80212
      -6.59517       2.81067
      -6.58317       2.81927
      -6.57117       2.82814
      -6.55917       2.83737
      -6.54717       2.84689
      -6.53517       2.85655
      -6.52317       2.86613
      -6.51117       2.87548
      -6.49917       2.88457
      -6.48717       2.89345
      -6.47517       2.90225
      -6.46317       2.91106
      -6.45117       2.91993
      -6.43917       2.92878
      -6.42717       2.93749
      -6.41517       2.94593
      -6.40317       2.95401
      -6.39117       2.96173
      -6.37917       2.96916
      -6.36717       2.97637
      -6.35517       2.98345
      -6.34317       2.99042
      -6.33117       2.99727
      -6.31917       3.00402
      -6.30717       3.01070
      -6.29517       3.01741
      -6.28317       3.02431
      -6.27117       3.03158
      -6.25917       3.03928
      -6.24717       3.04738
      -6.23517       3.05569
      -6.22317       3.06393
      -6.21117       3.07183
      -6.19917       3.07920
      -6.18717       3.08598
      -6.17517       3.09228
      -6.16317       3.09828
      -6.15117       3.10419
      -6.13917       3.11018
      -6.12717       3.11629
      -6.11517       3.12247
      -6.10317       3.12863
      -6.09117       3.13469
      -6.07917       3.14063
      -6.06717       3.14648
      -6.05517       3.15232
      -6.04317       3.15822
      -6.03117       3.16423
      -6.01917       3.17039
      -6.00717       3.17666
      -5.99517       3.18301
      -5.98317       3.18935
      -5.97117       3.19559
      -5.95917       3.20166
      -5.94717       3.20757
      -5.93517       3.21334
      -5.92317       3.21904
      -5.91117       3.22474
      -5.89917       3.23048
      -5.88717       3.23626
      -5.87517       3.24207
      -5.86317       3.24782
      -5.85117       3.25338
      -5.83917       3.25863
      -5.82717       3.26345
      -5.81517       3.26783
      -5.80317       3.27187
      -5.79117       3.27576
      -5.77917       3.27978
      -5.76717       3.28417
      -5.75517       3.28913
      -5.74317       3.29473
      -5.73117       3.30090
      -5.71917       3.30744
      -5.70717       3.31406
      -5.69517       3.32042
      -5.68317       3.32626
      -5.67117       3.33140
      -5.65917       3.33584
      -5.64717       3.33973
      -5.63517       3.34335
      -5.62317       3.34701
      -5.61117       3.35099
      -5.59917       3.35544
      -5.58717       3.36034
      -5.57517       3.36552
      -5.56317       3.37068
      -5.55117       3.37558
      -5.53917       3.38004
      -5.52717       3.38405
      -5.51517       3.38772
      -5.50317       3.39126
      -5.49117       3.39487
      -5.47917       3.39873
      -5.46717       3.40294
      -5.45517       3.40754
      -5.44317       3.41249
      -5.43117       3.41766
      -5.41917       3.42288
      -5.40717       3.42795
      -5.39517       3.43272
      -5.38417       3.43709
      -5.37217       3.44108
      -5.36017       3.44475
      -5.34817       3.44823
      -5.33617       3.45165
      -5.32417       3.45515
      -5.31217       3.45885
      -5.30017       3.46283
      -5.28817       3.46710
      -5.27617       3.47154
      -5.26417       3.47595
      -5.25217       3.48012
      -5.24017       3.48385
      -5.22817       3.48709
      -5.21617       3.48991
      -5.20417       3.49247
      -5.19217       3.49499
      -5.18017       3.49772
      -5.16817       3.50086
      -5.15617       3.50456
      -5.14417       3.50887
      -5.13217       3.51372
      -5.12017       3.51894
      -5.10817       3.52423
      -5.09617       3.52928
      -5.08417       3.53381
      -5.07217       3.53763
      -5.06017       3.54070
      -5.04817       3.54316
      -5.03617       3.54521
      -5.02417       3.54713
      -5.01217       3.54921
      -5.00017       3.55169
      -4.98817       3.55470
      -4.97617       3.55827
      -4.96417       3.56226
      -4.95217       3.56645
      -4.94017       3.57058
      -4.92817       3.57442
      -4.91617       3.57784
      -4.90417       3.58086
      -4.89217       3.58355
      -4.88017       3.58603
      -4.86817       3.58845
      -4.85617       3.59090
      -4.84417       3.59350
      -4.83217       3.59632
      -4.82017       3.59944
      -4.80817       3.60287
      -4.79617       3.60657
      -4.78417       3.61043
      -4.77217       3.61428
      -4.76017       3.61798
      -4.74817       3.62140
      -4.73617       3.62449
      -4.72417       3.62727
      -4.71217       3.62978
      -4.70017       3.63209
      -4.68817       3.63429
      -4.67617       3.63649
      -4.66417       3.63883
      -4.65217       3.64141
      -4.64017       3.64427
      -4.62817       3.64737
      -4.61617       3.65057
      -4.60417       3.65369
      -4.59217       3.65662
      -4.58017       3.65927
      -4.56817       3.66169
      -4.55617       3.66400
      -4.54417       3.66635
      -4.53217       3.66893
      -4.52017       3.67192
      -4.50817       3.67551
      -4.49617       3.67981
      -4.48417       3.68494
      -4.47217       3.69092
      -4.46017       3.69772
      -4.44817       3.70521
      -4.43617       3.71317
      -4.42417       3.72134
      -4.41217       3.72952
      -4.40017       3.73761
      -4.38817       3.74568
      -4.37617       3.75389
      -4.36417       3.76242
      -4.35217       3.77139
      -4.34017       3.78087
      -4.32817       3.79086
      -4.31617       3.80138
      -4.30417       3.81248
      -4.29217       3.82426
      -4.28017       3.83681
      -4.26817       3.85016
      -4.25617       3.86419
      -4.24417       3.87871
      -4.23217       3.89344
      -4.22017       3.90817
      -4.20817       3.92274
      -4.19617       3.93708
      -4.18417       3.95120
      -4.17217       3.96514
      -4.16017       3.97901
      -4.14817       3.99295
      -4.13717       4.00714
      -4.12517       4.02171
      -4.11317       4.03670
      -4.10117       4.05199
      -4.08917       4.06733
      -4.07717       4.08245
      -4.06517       4.09718
      -4.05317       4.11148
      -4.04117       4.12543
      -4.02917       4.13910
      -4.01717       4.15254
      -4.00517       4.16576
      -3.99317       4.17878
      -3.98117       4.19163
      -3.96917       4.20439
      -3.95717       4.21711
      -3.94517       4.22976
      -3.93317       4.24225
      -3.92117       4.25445
      -3.90917       4.26632
      -3.89717       4.27788
      -3.88517       4.28930
      -3.87317       4.30082
      -3.86117       4.31268
      -3.84917       4.32505
      -3.83717       4.33797
      -3.82517       4.35136
      -3.81317       4.36505
      -3.80117       4.37883
      -3.78917       4.39251
      -3.77717       4.40597
      -3.76517       4.41914
      -3.75317       4.43200
      -3.74117       4.44451
      -3.72917       4.45663
      -3.71717       4.46834
      -3.70517       4.47968
      -3.69317       4.49076
      -3.68117       4.50181
      -3.66917       4.51307
      -3.65717       4.52474
      -3.64517       4.53693
      -3.63317       4.54964
      -3.62117       4.56284
      -3.60917       4.57645
      -3.59717       4.59038
      -3.58517       4.60455
      -3.57317       4.61881
      -3.56117       4.63296
      -3.54917       4.64681
      -3.53717       4.66017
      -3.52517       4.67293
      -3.51317       4.68509
      -3.50117       4.69678
      -3.48917       4.70819
      -3.47717       4.71952
      -3.46517       4.73097
      -3.45317       4.74265
      -3.44117       4.75460
      -3.42917       4.76685
      -3.41717       4.77945
      -3.40517       4.79250
      -3.39317       4.80610
      -3.38117       4.82026
      -3.36917       4.83493
      -3.35717       4.84996
      -3.34517       4.86515
      -3.33317       4.88033
      -3.32117       4.89539
      -3.30917       4.91022
      -3.29717       4.92476
      -3.28517       4.93899
      -3.27317       4.95289
      -3.26117       4.96650
      -3.24917       4.97985
      -3.23717       4.99301
      -3.22517       5.00609
      -3.21317       5.01921
      -3.20117       5.03254
      -3.18917       5.04628
      -3.17717       5.06056
      -3.16517       5.07544
      -3.15317       5.09086
      -3.14117       5.10668
      -3.12917       5.12268
      -3.11717       5.13865
      -3.10517       5.15443
      -3.09317       5.16996
      -3.08117       5.18526
      -3.06917       5.20046
      -3.05717       5.21571
      -3.04517       5.23117
      -3.03317       5.24701
      -3.02117       5.26336
      -3.00917       5.28033
      -2.99717       5.29796
      -2.98517       5.31625
      -2.97317       5.33514
      -2.96117       5.35449
      -2.94917       5.37417
      -2.93717       5.39400
      -2.92517       5.41380
      -2.91317       5.43345
      -2.90217       5.45283
      -2.89017       5.47189
      -2.87817       5.49063
      -2.86617       5.50906
      -2.85417       5.52720
      -2.84217       5.54506
      -2.83017       5.56261
      -2.81817       5.57986
      -2.80617       5.59686
      -2.79417       5.61365
      -2.78217       5.63039
      -2.77017       5.64726
      -2.75817       5.66444
      -2.74617       5.68207
      -2.73417       5.70015
      -2.72217       5.71850
      -2.71017       5.73688
      -2.69817       5.75504
      -2.68617       5.77287
      -2.67417       5.79048
      -2.66217       5.80813
      -2.65017       5.82610
      -2.63817       5.84452
      -2.62617       5.86331
      -2.61417       5.88215
      -2.60217       5.90066
      -2.59017       5.91853
      -2.57817       5.93564
      -2.56617       5.95214
      -2.55417       5.96838
      -2.54217       5.98477
      -2.53017       6.00167
      -2.51817       6.01923
      -2.50617       6.03737
      -2.49417       6.05580
      -2.48217       6.07416
      -2.47017       6.09207
      -2.45817       6.10932
      -2.44617       6.12585
      -2.43417       6.14176
      -2.42217       6.15720
      -2.41017       6.17238
      -2.39817       6.18747
      -2.38617       6.20262
      -2.37417       6.21794
      -2.36217       6.23357
      -2.35017       6.24964
      -2.33817       6.26627
      -2.32617       6.28352
      -2.31417       6.30134
      -2.30217       6.31956
      -2.29017       6.33791
      -2.27817       6.35608
      -2.26617       6.37384
      -2.25417       6.39105
      -2.24217       6.40769
      -2.23017       6.42380
      -2.21817       6.43949
      -2.20617       6.45486
      -2.19417       6.47004
      -2.18217       6.48512
      -2.17017       6.50019
      -2.15817       6.51531
      -2.14617       6.53050
      -2.13417       6.54586
      -2.12217       6.56147
      -2.11017       6.57742
      -2.09817       6.59368
      -2.08617       6.61013
      -2.07417       6.62650
      -2.06217       6.64255
      -2.05017       6.65810
      -2.03817       6.67320
      -2.02617       6.68809
      -2.01417       6.70310
      -2.00217       6.71848
      -1.99017       6.73435
      -1.97817       6.75063
      -1.96617       6.76710
      -1.95417       6.78351
      -1.94217       6.79966
      -1.93017       6.81543
      -1.91817       6.83074
      -1.90617       6.84556
      -1.89417       6.85993
      -1.88217       6.87392
      -1.87017       6.88772
      -1.85817       6.90156
      -1.84617       6.91566
      -1.83417       6.93011
      -1.82217       6.94489
      -1.81017       6.95987
      -1.79817       6.97490
      -1.78617       6.98994
      -1.77417       7.00500
      -1.76217       7.02013
      -1.75017       7.03534
      -1.73817       7.05054
      -1.72617       7.06560
      -1.71417       7.08039
      -1.70217       7.09490
      -1.69017       7.10926
      -1.67817       7.12367
      -1.66617       7.13830
      -1.65517       7.15322
      -1.64317       7.16839
      -1.63117       7.18360
      -1.61917       7.19855
      -1.60717       7.21300
      -1.59517       7.22676
      -1.58317       7.23985
      -1.57117       7.25253
      -1.55917       7.26515
      -1.54717       7.27812
      -1.53517       7.29168
      -1.52317       7.30587
      -1.51117       7.32050
      -1.49917       7.33527
      -1.48717       7.34987
      -1.47517       7.36410
      -1.46317       7.37789
      -1.45117       7.39134
      -1.43917       7.40468
      -1.42717       7.41813
      -1.41517       7.43180
      -1.40317       7.44566
      -1.39117       7.45949
      -1.37917       7.47306
      -1.36717       7.48613
      -1.35517       7.49861
      -1.34317       7.51052
      -1.33117       7.52193
      -1.31917       7.53292
      -1.30717       7.54355
      -1.29517       7.55393
      -1.28317       7.56417
      -1.27117       7.57440
      -1.25917       7.58468
      -1.24717       7.59502
      -1.23517       7.60531
      -1.22317       7.61542
      -1.21117       7.62521
      -1.19917       7.63454
      -1.18717       7.64335
      -1.17517       7.65166
      -1.16317       7.65953
      -1.15117       7.66713
      -1.13917       7.67465
      -1.12717       7.68225
      -1.11517       7.69003
      -1.10317       7.69796
      -1.09117       7.70591
      -1.07917       7.71369
      -1.06717       7.72112
      -1.05517       7.72809
      -1.04317       7.73460
      -1.03117       7.74078
      -1.01917       7.74684
      -1.00717       7.75302
      -0.99517       7.75950
      -0.98317       7.76629
      -0.97117       7.77328
      -0.95917       7.78025
      -0.94717       7.78699
      -0.93517       7.79334
      -0.92317       7.79932
      -0.91117       7.80503
      -0.89917       7.81063
      -0.88717       7.81627
      -0.87517       7.82202
      -0.86317       7.82785
      -0.85117       7.83366
      -0.83917       7.83929
      -0.82717       7.84462
      -0.81517       7.84959
      -0.80317       7.85422
      -0.79117       7.85863
      -0.77917       7.86297
      -0.76717       7.86736
      -0.75517       7.87184
      -0.74317       7.87639
      -0.73117       7.88091
      -0.71917       7.88530
      -0.70717       7.88951
      -0.69517       7.89354
      -0.68317       7.89745
      -0.67117       7.90131
      -0.65917       7.90519
      -0.64717       7.90910
      -0.63517       7.91304
      -0.62317       7.91697
      -0.61117       7.92082
      -0.59917       7.92455
      -0.58717       7.92813
      -0.57517       7.93157
      -0.56317       7.93490
      -0.55117       7.93819
      -0.53917       7.94148
      -0.52717       7.94478
      -0.51517       7.94806
      -0.50317       7.95127
      -0.49117       7.95432
      -0.47917       7.95717
      -0.46717       7.95980
      -0.45517       7.96226
      -0.44317       7.96461
      -0.43117       7.96691
      -0.41917       7.96917
      -0.40817       7.97140
      -0.39617       7.97355
      -0.38417       7.97563
      -0.37217       7.97763
      -0.36017       7.97959
      -0.34817       7.98155
      -0.33617       7.98353
      -0.32417       7.98552
      -0.31217       7.98747
      -0.30017       7.98932
      -0.28817       7.99102
      -0.27617       7.99255
      -0.26417       7.99390
      -0.25217       7.99508
      -0.24017       7.99610
      -0.22817       7.99699
      -0.21617       7.99774
      -0.20417       7.99837
      -0.19217       7.99888
      -0.18017       7.99927
      -0.16817       7.99956
      -0.15617       7.99976
      -0.14417       7.99988
      -0.13217       7.99996
      -0.12017       7.99999
      -0.10817       8.00001
      -0.09617       8.00002
      -0.08417       8.00003
      -0.07217       8.00003
      -0.06017       8.00003
      -0.04817       8.00003
      -0.03617       8.00003
      -0.02417       8.00003
      -0.01217       8.00003
      -0.00017       8.00003
       0.01183       8.00003
       0.02383       8.00003
       0.03583       8.00003
       0.04783       8.00003
       0.05983       8.00003
       0.07183       8.00003
       0.08383       8.00003
       0.09583       8.00003
       0.10783       8.00003
       0.11983       8.00003
       0.13183       8.00003
       0.14383       8.00003
       0.15583       8.00003
       0.16783       8.00003
       0.17983       8.00003
       0.19183       8.00003
       0.20383       8.00003
       0.21583       8.00003
       0.22783       8.00003
       0.23983       8.00003
       0.25183       8.00003
       0.26383       8.00003
       0.27583       8.00003
       0.28783       8.00003
       0.29983       8.00003
       0.31183       8.00003
       0.32383       8.00003
       0.33583       8.00003
       0.34783       8.00003
       0.35983       8.00004
       0.37183       8.00006
       0.38383       8.00009
       0.39583       8.00015
       0.40783       8.00025
       0.41983       8.00041
       0.43183       8.00066
       0.44383       8.00101
       0.45583       8.00150
       0.46783       8.00213
       0.47983       8.00291
       0.49183       8.00384
       0.50383       8.00491
       0.51583       8.00612
       0.52783       8.00747
       0.53983       8.00897
       0.55183       8.01060
       0.56383       8.01236
       0.57583       8.01421
       0.58783       8.01614
       0.59983       8.01817
       0.61183       8.02033
       0.62383       8.02271
       0.63583       8.02538
       0.64783       8.02835
       0.65983       8.03159
       0.67183       8.03499
       0.68383       8.03846
       0.69583       8.04192
       0.70783       8.04536
       0.71983       8.04880
       0.73183       8.05229
       0.74383       8.05587
       0.75583       8.05953
       0.76783       8.06330
       0.77983       8.06716
       0.79183       8.07113
       0.80383       8.07524
       0.81583       8.07949
       0.82783       8.08387
       0.83883       8.08834
       0.85083       8.09281
       0.86283       8.09721
       0.87483       8.10151
       0.88683       8.10577
       0.89883       8.11013
       0.91083       8.11477
       0.92283       8.11982
       0.93483       8.12535
       0.94683       8.13126
       0.95883       8.13738
       0.97083       8.14351
       0.98283       8.14949
       0.99483       8.15527
       1.00683       8.16092
       1.01883       8.16658
       1.03083       8.17235
       1.04283       8.17832
       1.05483       8.18446
       1.06683       8.19069
       1.07883       8.19691
       1.09083       8.20304
       1.10283       8.20902
       1.11483       8.21486
       1.12683       8.22059
       1.13883       8.22631
       1.15083       8.23212
       1.16283       8.23813
       1.17483       8.24437
       1.18683       8.25084
       1.19883       8.25747
       1.21083       8.26420
       1.22283       8.27101
       1.23483       8.27794
       1.24683       8.28507
       1.25883       8.29249
       1.27083       8.30026
       1.28283       8.30837
       1.29483       8.31672
       1.30683       8.32520
       1.31883       8.33366
       1.33083       8.34202
       1.34283       8.35029
       1.35483       8.35855
       1.36683       8.36695
       1.37883       8.37559
       1.39083       8.38456
       1.40283       8.39385
       1.41483       8.40342
       1.42683       8.41319
       1.43883       8.42305
       1.45083       8.43294
       1.46283       8.44276
       1.47483       8.45248
       1.48683       8.46214
       1.49883       8.47177
       1.51083       8.48146
       1.52283       8.49128
       1.53483       8.50126
       1.54683       8.51138
       1.55883       8.52165
       1.57083       8.53204
       1.58283       8.54259
       1.59483       8.55332
       1.60683       8.56422
       1.61883       8.57524
       1.63083       8.58630
       1.64283       8.59734
       1.65483       8.60834
       1.66683       8.61942
       1.67883       8.63072
       1.69083       8.64242
       1.70283       8.65463
       1.71483       8.66736
       1.72683       8.68059
       1.73883       8.69421
       1.75083       8.70813
       1.76283       8.72220
       1.77483       8.73630
       1.78683       8.75035
       1.79883       8.76434
       1.81083       8.77837
       1.82283       8.79258
       1.83483       8.80715
       1.84683       8.82220
       1.85883       8.83777
       1.87083       8.85380
       1.88283       8.87014
       1.89483       8.88658
       1.90683       8.90296
       1.91883       8.91916
       1.93083       8.93518
       1.94283       8.95110
       1.95483       8.96707
       1.96683       8.98328
       1.97883       8.99990
       1.99083       9.01711
       2.00283       9.03511
       2.01483       9.05403
       2.02683       9.07389
       2.03883       9.09456
       2.05083       9.11566
       2.06283       9.13672
       2.07483       9.15726
       2.08583       9.17695
       2.09783       9.19572
       2.10983       9.21375
       2.12183       9.23141
       2.13383       9.24908
       2.14583       9.26702
       2.15783       9.28531
       2.16983       9.30390
       2.18183       9.32262
       2.19383       9.34138
       2.20583       9.36019
       2.21783       9.37916
       2.22983       9.39846
       2.24183       9.41819
       2.25383       9.43834
       2.26583       9.45876
       2.27783       9.47919
       2.28983       9.49932
       2.30183       9.51888
       2.31383       9.53769
       2.32583       9.55576
       2.33783       9.57319
       2.34983       9.59016
       2.36183       9.60679
       2.37383       9.62317
       2.38583       9.63933
       2.39783       9.65531
       2.40983       9.67121
       2.42183       9.68713
       2.43383       9.70321
       2.44583       9.71956
       2.45783       9.73618
       2.46983       9.75295
       2.48183       9.76964
       2.49383       9.78595
       2.50583       9.80167
       2.51783       9.81670
       2.52983       9.83112
       2.54183       9.84515
       2.55383       9.85901
       2.56583       9.87284
       2.57783       9.88658
       2.58983       9.90012
       2.60183       9.91330
       2.61383       9.92607
       2.62583       9.93845
       2.63783       9.95054
       2.64983       9.96244
       2.66183       9.97422
       2.67383       9.98594
       2.68583       9.99771
       2.69783      10.00967
       2.70983      10.02207
       2.72183      10.03512
       2.73383      10.04896
       2.74583      10.06357
       2.75783      10.07874
       2.76983      10.09415
       2.78183      10.10945
       2.79383      10.12434
       2.80583      10.13864
       2.81783      10.15232
       2.82983      10.16546
       2.84183      10.17821
       2.85383      10.19072
       2.86583      10.20313
       2.87783      10.21556
       2.88983      10.22803
       2.90183      10.24053
       2.91383      10.25304
       2.92583      10.26550
       2.93783      10.27788
       2.94983      10.29020
       2.96183      10.30259
       2.97383      10.31530
       2.98583      10.32867
       2.99783      10.34312
       3.00983      10.35898
       3.02183      10.37645
       3.03383      10.39557
       3.04583      10.41627
       3.05783      10.43850
       3.06983      10.46225
       3.08183      10.48750
       3.09383      10.51416
       3.10583      10.54198
       3.11783      10.57054
       3.12983      10.59935
       3.14183      10.62798
       3.15383      10.65614
       3.16583      10.68376
       3.17783      10.71087
       3.18983      10.73757
       3.20183      10.76387
       3.21383      10.78965
       3.22583      10.81476
       3.23783      10.83901
       3.24983      10.86234
       3.26183      10.88479
       3.27383      10.90653
       3.28583      10.92784
       3.29783      10.94900
       3.30983      10.97028
       3.32183      10.99188
       3.33283      11.01386
       3.34483      11.03616
       3.35683      11.05865
       3.36883      11.08106
       3.38083      11.10311
       3.39283      11.12458
       3.40483      11.14530
       3.41683      11.16527
       3.42883      11.18464
       3.44083      11.20366
       3.45283      11.22267
       3.46483      11.24193
       3.47683      11.26158
       3.48883      11.28160
       3.50083      11.30173
       3.51283      11.32162
       3.52483      11.34100
       3.53683      11.35980
       3.54883      11.37821
       3.56083      11.39660
       3.57283      11.41540
       3.58483      11.43489
       3.59683      11.45513
       3.60883      11.47595
       3.62083      11.49709
       3.63283      11.51830
       3.64483      11.53945
       3.65683      11.56054
       3.66883      11.58165
       3.68083      11.60282
       3.69283      11.62402
       3.70483      11.64508
       3.71683      11.66577
       3.72883      11.68583
       3.74083      11.70507
       3.75283      11.72336
       3.76483      11.74065
       3.77683      11.75696
       3.78883      11.77239
       3.80083      11.78710
       3.81283      11.80127
       3.82483      11.81510
       3.83683      11.82869
       3.84883      11.84210
       3.86083      11.85526
       3.87283      11.86811
       3.88483      11.88059
       3.89683      11.89279
       3.90883      11.90488
       3.92083      11.91709
       3.93283      11.92963
       3.94483      11.94266
       3.95683      11.95624
       3.96883      11.97038
       3.98083      11.98502
       3.99283      12.00005
       4.00483      12.01539
       4.01683      12.03092
       4.02883      12.04657
       4.04083      12.06227
       4.05283      12.07797
       4.06483      12.09369
       4.07683      12.10947
       4.08883      12.12538
       4.10083      12.14150
       4.11283      12.15790
       4.12483      12.17463
       4.13683      12.19171
       4.14883      12.20912
       4.16083      12.22674
       4.17283      12.24435
       4.18483      12.26168
       4.19683      12.27846
       4.20883      12.29450
       4.22083      12.30970
       4.23283      12.32410
       4.24483      12.33783
       4.25683      12.35106
       4.26883      12.36393
       4.28083      12.37659
       4.29283      12.38918
       4.30483      12.40184
       4.31683      12.41476
       4.32883      12.42811
       4.34083      12.44201
       4.35283      12.45651
       4.36483      12.47160
       4.37683      12.48717
       4.38883      12.50312
       4.40083      12.51927
       4.41283      12.53545
       4.42483      12.55151
       4.43683      12.56737
       4.44883      12.58304
       4.46083      12.59858
       4.47283      12.61408
       4.48483      12.62960
       4.49683      12.64514
       4.50883      12.66066
       4.52083      12.67615
       4.53283      12.69168
       4.54483      12.70737
       4.55683      12.72344
       4.56883      12.74008
       4.57983      12.75743
       4.59183      12.77555
       4.60383      12.79432
       4.61583      12.81349
       4.62783      12.83271
       4.63983      12.85159
       4.65183      12.86984
       4.66383      12.88727
       4.67583      12.90384
       4.68783      12.91964
       4.69983      12.93484
       4.71183      12.94964
       4.72383      12.96425
       4.73583      12.97876
       4.74783      12.99316
       4.75983      13.00739
       4.77183      13.02138
       4.78383      13.03506
       4.79583      13.04847
       4.80783      13.06162
       4.81983      13.07453
       4.83183      13.08719
       4.84383      13.09957
       4.85583      13.11173
       4.86783      13.12380
       4.87983      13.13599
       4.89183      13.14848
       4.90383      13.16143
       4.91583      13.17489
       4.92783      13.18887
       4.93983      13.20330
       4.95183      13.21813
       4.96383      13.23329
       4.97583      13.24870
       4.98783      13.26426
       4.99983      13.27982
       5.01183      13.29521
       5.02383      13.31029
       5.03583      13.32494
       5.04783      13.33915
       5.05983      13.35299
       5.07183      13.36665
       5.08383      13.38038
       5.09583      13.39445
       5.10783      13.40907
       5.11983      13.42430
       5.13183      13.44008
       5.14383      13.45622
       5.15583      13.47249
       5.16783      13.48863
       5.17983      13.50447
       5.19183      13.51988
       5.20383      13.53485
       5.21583      13.54945
       5.22783      13.56383
       5.23983      13.57816
       5.25183      13.59254
       5.26383      13.60695
       5.27583      13.62127
       5.28783      13.63528
       5.29983      13.64882
       5.31183      13.66181
       5.32383      13.67432
       5.33583      13.68655
       5.34783      13.69876
       5.35983      13.71116
       5.37183      13.72387
       5.38383      13.73690
       5.39583      13.75017
       5.40783      13.76358
       5.41983      13.77706
       5.43183      13.79059
       5.44383      13.80418
       5.45583      13.81781
       5.46783      13.83137
       5.47983      13.84471
       5.49183      13.85761
       5.50383      13.86996
       5.51583      13.88176
       5.52783      13.89312
       5.53983      13.90428
       5.55183      13.91546
       5.56383      13.92687
       5.57583      13.93863
       5.58783      13.95084
       5.59983      13.96357
       5.61183      13.97686
       5.62383      13.99074
       5.63583      14.00517
       5.64783      14.02005
       5.65983      14.03522
       5.67183      14.05049
       5.68383      14.06565
       5.69583      14.08056
       5.70783      14.09515
       5.71983      14.10943
       5.73183      14.12350
       5.74383      14.13744
       5.75583      14.15133
       5.76783      14.16522
       5.77983      14.17908
       5.79183      14.19282
       5.80383      14.20628
       5.81583      14.21928
       5.82683      14.23175
       5.83883      14.24372
       5.85083      14.25536
       5.86283      14.26689
       5.87483      14.27848
       5.88683      14.29020
       5.89883      14.30196
       5.91083      14.31354
       5.92283      14.32470
       5.93483      14.33522
       5.94683      14.34501
       5.95883      14.35415
       5.97083      14.36290
       5.98283      14.37164
       5.99483      14.38077
       6.00683      14.39054
       6.01883      14.40104
       6.03083      14.41211
       6.04283      14.42343
       6.05483      14.43462
       6.06683      14.44536
       6.07883      14.45550
       6.09083      14.46513
       6.10283      14.47453
       6.11483      14.48410
       6.12683      14.49423
       6.13883      14.50516
       6.15083      14.51691
       6.16283      14.52930
       6.17483      14.54207
       6.18683      14.55502
       6.19883      14.56803
       6.21083      14.58116
       6.22283      14.59451
       6.23483      14.60824
       6.24683      14.62240
       6.25883      14.63698
       6.27083      14.65185
       6.28283      14.66680
       6.29483      14.68156
       6.30683      14.69583
       6.31883      14.70938
       6.33083      14.72213
       6.34283      14.73412
       6.35483      14.74552
       6.36683      14.75654
       6.37883      14.76736
       6.39083      14.77810
       6.40283      14.78883
       6.41483      14.79958
       6.42683      14.81034
       6.43883      14.82106
       6.45083      14.83167
       6.46283      14.84208
       6.47483      14.85218
       6.48683      14.86191
       6.49883      14.87125
       6.51083      14.88027
       6.52283      14.88910
       6.53483      14.89789
       6.54683      14.90679
       6.55883      14.91587
       6.57083      14.92507
       6.58283      14.93427
       6.59483      14.94334
       6.60683      14.95218
       6.61883      14.96083
       6.63083      14.96936
       6.64283      14.97787
       6.65483      14.98638
       6.66683      14.99486
       6.67883      15.00321
       6.69083      15.01139
       6.70283      15.01937
       6.71483      15.02722
       6.72683      15.03509
       6.73883      15.04315
       6.75083      15.05158
       6.76283      15.06051
       6.77483      15.06999
       6.78683      15.07993
       6.79883      15.09017
       6.81083      15.10051
       6.82283      15.11085
       6.83483      15.12115
       6.84683      15.13152
       6.85883      15.14213
       6.87083      15.15316
       6.88283      15.16477
       6.89483      15.17703
       6.90683      15.18987
       6.91883      15.20310
       6.93083      15.21640
       6.94283      15.22940
       6.95483      15.24173
       6.96683      15.25314
       6.97883      15.26350
       6.99083      15.27281
       7.00283      15.28119
       7.01483      15.28879
       7.02683      15.29579
       7.03883      15.30234
       7.05083      15.30852
       7.06283      15.31439
       7.07383      15.31998
       7.08583      15.32531
       7.09783      15.33045
       7.10983      15.33552
       7.12183      15.34067
       7.13383      15.34606
       7.14583      15.35184
       7.15783      15.35806
       7.16983      15.36469
       7.18183      15.37155
       7.19383      15.37840
       7.20583      15.38499
       7.21783      15.39115
       7.22983      15.39681
       7.24183      15.40208
       7.25383      15.40712
       7.26583      15.41214
       7.27783      15.41726
       7.28983      15.42257
       7.30183      15.42806
       7.31383      15.43370
       7.32583      15.43946
       7.33783      15.44533
       7.34983      15.45138
       7.36183      15.45765
       7.37383      15.46423
       7.38583      15.47115
       7.39783      15.47838
       7.40983      15.48586
       7.42183      15.49347
       7.43383      15.50111
       7.44583      15.50873
       7.45783      15.51642
       7.46983      15.52438
       7.48183      15.53286
       7.49383      15.54209
       7.50583      15.55213
       7.51783      15.56283
       7.52983      15.57380
       7.54183      15.58453
       7.55383      15.59459
       7.56583      15.60369
       7.57783      15.61180
       7.58983      15.61909
       7.60183      15.62582
       7.61383      15.63226
       7.62583      15.63860
       7.63783      15.64492
       7.64983      15.65124
       7.66183      15.65754
       7.67383      15.66377
       7.68583      15.66987
       7.69783      15.67579
       7.70983      15.68147
       7.72183      15.68685
       7.73383      15.69192
       7.74583      15.69666
       7.75783      15.70112
       7.76983      15.70536
       7.78183      15.70950
       7.79383      15.71363
       7.80583      15.71782
       7.81783      15.72212
       7.82983      15.72648
       7.84183      15.73086
       7.85383      15.73515
       7.86583      15.73932
       7.87783      15.74337
       7.88983      15.74733
       7.90183      15.75129
       7.91383      15.75537
       7.92583      15.75962
       7.93783      15.76410
       7.94983      15.76879
       7.96183      15.77363
       7.97383      15.77853
       7.98583      15.78341
       7.99783      15.78823
       8.00983      15.79301
       8.02183      15.79780
       8.03383      15.80269
       8.04583      15.80775
       8.05783      15.81302
       8.06983      15.81848
       8.08183      15.82406
       8.09383      15.82959
       8.10583      15.83484
       8.11783      15.83958
       8.12983      15.84366
       8.14183      15.84702
       8.15383      15.84970
       8.16583      15.85180
       8.17783      15.85343
       8.18983      15.85470
       8.20183      15.85568
       8.21383      15.85648
       8.22583      15.85719
       8.23783      15.85793
       8.24983      15.85880
       8.26183      15.85990
       8.27383      15.86128
       8.28583      15.86291
       8.29783      15.86473
       8.30983      15.86662
       8.32083      15.86848
       8.33283      15.87025
       8.34483      15.87189
       8.35683      15.87339
       8.36883      15.87474
       8.38083      15.87594
       8.39283      15.87697
       8.40483      15.87788
       8.41683      15.87872
       8.42883      15.87959
       8.44083      15.88058
       8.45283      15.88176
       8.46483      15.88316
       8.47683      15.88478
       8.48883      15.88659
       8.50083      15.88858
       8.51283      15.89076
       8.52483      15.89318
       8.53683      15.89589
       8.54883      15.89892
       8.56083      15.90222
       8.57283      15.90573
       8.58483      15.90931
       8.59683      15.91285
       8.60883      15.91630
       8.62083      15.91965
       8.63283      15.92293
       8.64483      15.92615
       8.65683      15.92927
       8.66883      15.93218
       8.68083      15.93476
       8.69283      15.93691
       8.70483      15.93861
       8.71683      15.93991
       8.72883      15.94091
       8.74083      15.94172
       8.75283      15.94241
       8.76483      15.94302
       8.77683      15.94356
       8.78883      15.94403
       8.80083      15.94445
       8.81283      15.94485
       8.82483      15.94527
       8.83683      15.94574
       8.84883      15.94630
       8.86083      15.94695
       8.87283      15.94770
       8.88483      15.94853
       8.89683      15.94946
       8.90883      15.95047
       8.92083      15.95157
       8.93283      15.95273
       8.94483      15.95390
       8.95683      15.95506
       8.96883      15.95617
       8.98083      15.95722
       8.99283      15.95821
       9.00483      15.95915
       9.01683      15.96005
       9.02883      15.96093
       9.04083      15.96180
       9.05283      15.96266
       9.06483      15.96356
       9.07683      15.96452
       9.08883      15.96559
       9.10083      15.96680
       9.11283      15.96819
       9.12483      15.96978
       9.13683      15.97156
       9.14883      15.97348
       9.16083      15.97546
       9.17283      15.97740
       9.18483      15.97921
       9.19683      15.98085
       9.20883      15.98227
       9.22083      15.98349
       9.23283      15.98450
       9.24483      15.98532
       9.25683      15.98596
       9.26883      15.98645
       9.28083      15.98680
       9.29283      15.98706
       9.30483      15.98727
       9.31683      15.98745
       9.32883      15.98764
       9.34083      15.98784
       9.35283      15.98804
       9.36483      15.98823
       9.37683      15.98840
       9.38883      15.98855
       9.40083      15.98871
       9.41283      15.98890
       9.42483      15.98918
       9.43683      15.98956
       9.44883      15.99008
       9.46083      15.99073
       9.47283      15.99146
       9.48483      15.99220
       9.49683      15.99288
       9.50883      15.99346
       9.52083      15.99392
       9.53283      15.99427
       9.54483      15.99455
       9.55683      15.99482
       9.56783      15.99514
       9.57983      15.99553
       9.59183      15.99602
       9.60383      15.99658
       9.61583      15.99719
       9.62783      15.99779
       9.63983      15.99833
       9.65183      15.99877
       9.66383      15.99911
       9.67583      15.99934
       9.68783      15.99949
       9.69983      15.99957
       9.71183      15.99962
       9.72383      15.99965
       9.73583      15.99968
       9.74783      15.99971
       9.75983      15.99975
       9.77183      15.99979
       9.78383      15.99984
       9.79583      15.99989
       9.80783      15.99993
       9.81983      15.99996
       9.83183      15.99998
       9.84383      15.99999
       9.85583      16.00000
       9.86783      16.00000
       9.87983      16.00001
       9.89183      16.00001
       9.90383      16.00001
       9.91583      16.00001
       9.92783      16.00001
       9.93983      16.00001
       9.95183      16.00001
       9.96383      16.00001
       9.97583      16.00001
       9.98783      16.00001
       9.99983      16.00001
      10.01183      16.00001
      10.02383      16.00001
      10.03583      16.00001
      10.04783      16.00001
      10.05983      16.00001
      10.07183      16.00001
      10.08383      16.00001
      10.09583      16.00001
      10.10783      16.00001
      10.11983      16.00001
      10.13183      16.00001
      10.14383      16.00001
      10.15583      16.00001
      10.16783      16.00001
      10.17983      16.00001
      10.19183      16.00001
      10.20383      16.00001
      10.21583      16.00001
      10.22783      16.00001
      10.23983      16.00001
      10.25183      16.00001
      10.26383      16.00001
      10.27583      16.00001
      10.28783      16.00001
      10.29983      16.00001
      10.31183      16.00001
      10.32383      16.00001
      10.33583      16.00001
      10.34783      16.00001
      10.35983      16.00001
      10.37183      16.00001
      10.38383      16.00001
      10.39583      16.00001
      10.40783      16.00001
      10.41983      16.00001
      10.43183      16.00001
      10.44383      16.00001
      10.45583      16.00001
      10.46783      16.00001
      10.47983      16.00001
      10.49183      16.00001
      10.50383      16.00001
      10.51583      16.00001
      10.52783      16.00001
      10.53983      16.00001
      10.55183      16.00001
      10.56383      16.00001
      10.57583      16.00001
      10.58783      16.00001
      10.59983      16.00001
      10.61183      16.00001
      10.62383      16.00001
      10.63583      16.00001
      10.64783      16.00001
      10.65983      16.00001
      10.67183      16.00001
      10.68383      16.00001
      10.69583      16.00001
      10.70783      16.00001
      10.71983      16.00001
      10.73183      16.00001
      10.74383      16.00001
      10.75583      16.00001
      10.76783      16.00001
      10.77983      16.00001
      10.79183      16.00001
      10.80383      16.00001
      10.81483      16.00001
      10.82683      16.00001
      10.83883      16.00001
      10.85083      16.00001
      10.86283      16.00001
