      #Energy        TDOS
     -13.11717       0.00000
     -13.10517       0.00000
     -13.09317       0.00000
     -13.08117       0.00000
     -13.06917       0.00000
     -13.05717       0.00000
     -13.04517       0.00000
     -13.03317       0.00000
     -13.02117       0.00000
     -13.00917       0.00000
     -12.99717       0.00000
     -12.98517       0.00000
     -12.97317       0.00000
     -12.96117       0.00000
     -12.94917       0.00000
     -12.93717       0.00000
     -12.92517       0.00000
     -12.91317       0.00000
     -12.90117       0.00000
     -12.88917       0.00000
     -12.87717       0.00000
     -12.86617       0.00000
     -12.85417       0.00000
     -12.84217       0.00000
     -12.83017       0.00000
     -12.81817       0.00000
     -12.80617       0.00000
     -12.79417       0.00000
     -12.78217       0.00000
     -12.77017       0.00000
     -12.75817       0.00000
     -12.74617       0.00000
     -12.73417       0.00000
     -12.72217       0.00000
     -12.71017       0.00000
     -12.69817       0.00000
     -12.68617       0.00000
     -12.67417       0.00000
     -12.66217       0.00000
     -12.65017       0.00000
     -12.63817       0.00000
     -12.62617       0.00000
     -12.61417       0.00000
     -12.60217       0.00000
     -12.59017       0.00000
     -12.57817       0.00000
     -12.56617       0.00000
     -12.55417       0.00000
     -12.54217       0.00000
     -12.53017       0.00000
     -12.51817       0.00000
     -12.50617       0.00000
     -12.49417       0.00000
     -12.48217       0.00000
     -12.47017       0.00000
     -12.45817       0.00000
     -12.44617       0.00000
     -12.43417       0.00000
     -12.42217       0.00000
     -12.41017       0.00000
     -12.39817       0.00000
     -12.38617       0.00000
     -12.37417       0.00000
     -12.36217       0.00000
     -12.35017       0.00000
     -12.33817       0.00000
     -12.32617       0.00000
     -12.31417       0.00000
     -12.30217       0.00000
     -12.29017       0.00000
     -12.27817       0.00000
     -12.26617       0.00000
     -12.25417       0.00000
     -12.24217       0.00000
     -12.23017       0.00000
     -12.21817       0.00000
     -12.20617       0.00000
     -12.19417       0.00000
     -12.18217       0.00000
     -12.17017       0.00000
     -12.15817       0.00000
     -12.14617       0.00001
     -12.13417       0.00002
     -12.12217       0.00007
     -12.11017       0.00021
     -12.09817       0.00054
     -12.08617       0.00127
     -12.07417       0.00271
     -12.06217       0.00527
     -12.05017       0.00940
     -12.03817       0.01543
     -12.02617       0.02344
     -12.01417       0.03317
     -12.00217       0.04409
     -11.99017       0.05549
     -11.97817       0.06676
     -11.96617       0.07740
     -11.95417       0.08715
     -11.94217       0.09590
     -11.93017       0.10380
     -11.91817       0.11110
     -11.90617       0.11820
     -11.89417       0.12510
     -11.88217       0.13140
     -11.87017       0.13700
     -11.85817       0.14180
     -11.84617       0.14630
     -11.83417       0.15140
     -11.82217       0.15750
     -11.81017       0.16400
     -11.79817       0.16990
     -11.78617       0.17400
     -11.77417       0.17640
     -11.76217       0.17830
     -11.75017       0.18120
     -11.73817       0.18610
     -11.72617       0.19300
     -11.71417       0.20060
     -11.70217       0.20720
     -11.69017       0.21130
     -11.67817       0.21240
     -11.66617       0.21140
     -11.65417       0.21030
     -11.64217       0.21170
     -11.63017       0.21700
     -11.61917       0.22590
     -11.60717       0.23620
     -11.59517       0.24490
     -11.58317       0.24970
     -11.57117       0.25000
     -11.55917       0.24710
     -11.54717       0.24320
     -11.53517       0.24060
     -11.52317       0.24150
     -11.51117       0.24700
     -11.49917       0.25690
     -11.48717       0.26900
     -11.47517       0.28010
     -11.46317       0.28710
     -11.45117       0.28870
     -11.43917       0.28600
     -11.42717       0.28120
     -11.41517       0.27690
     -11.40317       0.27460
     -11.39117       0.27490
     -11.37917       0.27800
     -11.36717       0.28420
     -11.35517       0.29350
     -11.34317       0.30520
     -11.33117       0.31740
     -11.31917       0.32770
     -11.30717       0.33340
     -11.29517       0.33280
     -11.28317       0.32580
     -11.27117       0.31470
     -11.25917       0.30360
     -11.24717       0.29730
     -11.23517       0.29910
     -11.22317       0.30910
     -11.21117       0.32440
     -11.19917       0.34050
     -11.18717       0.35390
     -11.17517       0.36280
     -11.16317       0.36750
     -11.15117       0.36860
     -11.13917       0.36670
     -11.12717       0.36210
     -11.11517       0.35500
     -11.10317       0.34630
     -11.09117       0.33850
     -11.07917       0.33440
     -11.06717       0.33670
     -11.05517       0.34640
     -11.04317       0.36180
     -11.03117       0.37920
     -11.01917       0.39420
     -11.00717       0.40390
     -10.99517       0.40770
     -10.98317       0.40700
     -10.97117       0.40410
     -10.95917       0.40060
     -10.94717       0.39720
     -10.93517       0.39400
     -10.92317       0.39060
     -10.91117       0.38670
     -10.89917       0.38210
     -10.88717       0.37760
     -10.87517       0.37600
     -10.86317       0.38120
     -10.85117       0.39590
     -10.83917       0.41890
     -10.82717       0.44460
     -10.81517       0.46560
     -10.80317       0.47570
     -10.79117       0.47300
     -10.77917       0.46050
     -10.76717       0.44350
     -10.75517       0.42740
     -10.74317       0.41590
     -10.73117       0.41030
     -10.71917       0.41010
     -10.70717       0.41400
     -10.69517       0.42040
     -10.68317       0.42880
     -10.67117       0.43940
     -10.65917       0.45290
     -10.64717       0.46900
     -10.63517       0.48630
     -10.62317       0.50170
     -10.61117       0.51160
     -10.59917       0.51360
     -10.58717       0.50770
     -10.57517       0.49610
     -10.56317       0.48250
     -10.55117       0.47050
     -10.53917       0.46180
     -10.52717       0.45710
     -10.51517       0.45610
     -10.50317       0.45910
     -10.49117       0.46660
     -10.47917       0.47890
     -10.46717       0.49490
     -10.45517       0.51180
     -10.44317       0.52590
     -10.43117       0.53460
     -10.41917       0.53780
     -10.40717       0.53870
     -10.39517       0.54110
     -10.38317       0.54700
     -10.37217       0.55470
     -10.36017       0.56040
     -10.34817       0.56000
     -10.33617       0.55150
     -10.32417       0.53610
     -10.31217       0.51720
     -10.30017       0.50020
     -10.28817       0.49030
     -10.27617       0.49220
     -10.26417       0.50740
     -10.25217       0.53350
     -10.24017       0.56440
     -10.22817       0.59260
     -10.21617       0.61200
     -10.20417       0.62070
     -10.19217       0.62130
     -10.18017       0.61910
     -10.16817       0.61880
     -10.15617       0.62180
     -10.14417       0.62540
     -10.13217       0.62480
     -10.12017       0.61590
     -10.10817       0.59810
     -10.09617       0.57510
     -10.08417       0.55390
     -10.07217       0.54220
     -10.06017       0.54570
     -10.04817       0.56570
     -10.03617       0.59880
     -10.02417       0.63750
     -10.01217       0.67340
     -10.00017       0.69960
      -9.98817       0.71330
      -9.97617       0.71630
      -9.96417       0.71350
      -9.95217       0.71050
      -9.94017       0.71020
      -9.92817       0.71160
      -9.91617       0.71090
      -9.90417       0.70490
      -9.89217       0.69310
      -9.88017       0.67880
      -9.86817       0.66700
      -9.85617       0.66300
      -9.84417       0.67020
      -9.83217       0.68930
      -9.82017       0.71840
      -9.80817       0.75360
      -9.79617       0.79030
      -9.78417       0.82490
      -9.77217       0.85530
      -9.76017       0.88150
      -9.74817       0.90430
      -9.73617       0.92440
      -9.72417       0.94120
      -9.71217       0.95180
      -9.70017       0.95240
      -9.68817       0.93980
      -9.67617       0.91400
      -9.66417       0.87820
      -9.65217       0.83870
      -9.64017       0.80300
      -9.62817       0.77810
      -9.61617       0.76980
      -9.60417       0.78160
      -9.59217       0.81260
      -9.58017       0.85690
      -9.56817       0.90360
      -9.55617       0.94030
      -9.54417       0.95710
      -9.53217       0.95140
      -9.52017       0.92800
      -9.50817       0.89620
      -9.49617       0.86500
      -9.48417       0.83920
      -9.47217       0.81930
      -9.46017       0.80310
      -9.44817       0.78800
      -9.43617       0.77260
      -9.42417       0.75700
      -9.41217       0.74340
      -9.40017       0.73620
      -9.38817       0.74040
      -9.37617       0.75920
      -9.36417       0.78970
      -9.35217       0.82290
      -9.34017       0.84670
      -9.32817       0.85220
      -9.31617       0.83790
      -9.30417       0.81080
      -9.29217       0.78190
      -9.28017       0.76060
      -9.26817       0.75070
      -9.25617       0.74930
      -9.24417       0.75010
      -9.23217       0.74680
      -9.22017       0.73660
      -9.20817       0.72060
      -9.19617       0.70280
      -9.18417       0.68840
      -9.17217       0.68180
      -9.16017       0.68500
      -9.14817       0.69660
      -9.13617       0.71180
      -9.12517       0.72420
      -9.11317       0.72850
      -9.10117       0.72350
      -9.08917       0.71310
      -9.07717       0.70340
      -9.06517       0.69990
      -9.05317       0.70330
      -9.04117       0.70890
      -9.02917       0.70870
      -9.01717       0.69620
      -9.00517       0.66990
      -8.99317       0.63540
      -8.98117       0.60310
      -8.96917       0.58370
      -8.95717       0.58320
      -8.94517       0.60070
      -8.93317       0.62860
      -8.92117       0.65650
      -8.90917       0.67510
      -8.89717       0.67940
      -8.88517       0.66920
      -8.87317       0.64800
      -8.86117       0.62130
      -8.84917       0.59510
      -8.83717       0.57530
      -8.82517       0.56540
      -8.81317       0.56550
      -8.80117       0.57240
      -8.78917       0.58060
      -8.77717       0.58630
      -8.76517       0.58860
      -8.75317       0.58960
      -8.74117       0.59160
      -8.72917       0.59400
      -8.71717       0.59240
      -8.70517       0.58130
      -8.69317       0.55830
      -8.68117       0.52680
      -8.66917       0.49490
      -8.65717       0.47160
      -8.64517       0.46240
      -8.63317       0.46840
      -8.62117       0.48660
      -8.60917       0.51180
      -8.59717       0.53810
      -8.58517       0.55960
      -8.57317       0.57200
      -8.56117       0.57300
      -8.54917       0.56250
      -8.53717       0.54230
      -8.52517       0.51480
      -8.51317       0.48280
      -8.50117       0.44870
      -8.48917       0.41540
      -8.47717       0.38640
      -8.46517       0.36590
      -8.45317       0.35800
      -8.44117       0.36510
      -8.42917       0.38710
      -8.41717       0.42010
      -8.40517       0.45720
      -8.39317       0.49040
      -8.38117       0.51250
      -8.36917       0.51900
      -8.35717       0.50860
      -8.34517       0.48290
      -8.33317       0.44560
      -8.32117       0.40250
      -8.30917       0.35970
      -8.29717       0.32260
      -8.28517       0.29530
      -8.27317       0.27920
      -8.26117       0.27410
      -8.24917       0.27860
      -8.23717       0.29050
      -8.22517       0.30780
      -8.21317       0.32870
      -8.20117       0.35120
      -8.18917       0.37270
      -8.17717       0.38930
      -8.16517       0.39590
      -8.15317       0.38790
      -8.14117       0.36400
      -8.12917       0.32690
      -8.11717       0.28340
      -8.10517       0.24170
      -8.09317       0.20800
      -8.08117       0.18560
      -8.06917       0.17460
      -8.05717       0.17290
      -8.04517       0.17780
      -8.03317       0.18570
      -8.02117       0.19330
      -8.00917       0.19700
      -7.99717       0.19400
      -7.98517       0.18340
      -7.97317       0.16650
      -7.96117       0.14640
      -7.94917       0.12680
      -7.93717       0.11040
      -7.92517       0.09824
      -7.91317       0.09025
      -7.90117       0.08555
      -7.88917       0.08320
      -7.87817       0.08257
      -7.86617       0.08330
      -7.85417       0.08513
      -7.84217       0.08757
      -7.83017       0.08970
      -7.81817       0.09032
      -7.80617       0.08846
      -7.79417       0.08409
      -7.78217       0.07862
      -7.77017       0.07462
      -7.75817       0.07515
      -7.74617       0.08275
      -7.73417       0.09857
      -7.72217       0.12190
      -7.71017       0.15040
      -7.69817       0.18060
      -7.68617       0.20940
      -7.67417       0.23480
      -7.66217       0.25600
      -7.65017       0.27230
      -7.63817       0.28290
      -7.62617       0.28610
      -7.61417       0.28060
      -7.60217       0.26660
      -7.59017       0.24640
      -7.57817       0.22390
      -7.56617       0.20300
      -7.55417       0.18660
      -7.54217       0.17660
      -7.53017       0.17480
      -7.51817       0.18370
      -7.50617       0.20610
      -7.49417       0.24440
      -7.48217       0.29780
      -7.47017       0.36070
      -7.45817       0.42280
      -7.44617       0.47230
      -7.43417       0.50000
      -7.42217       0.50260
      -7.41017       0.48320
      -7.39817       0.44930
      -7.38617       0.40950
      -7.37417       0.37080
      -7.36217       0.33680
      -7.35017       0.30820
      -7.33817       0.28520
      -7.32617       0.26890
      -7.31417       0.26270
      -7.30217       0.27160
      -7.29017       0.30020
      -7.27817       0.35060
      -7.26617       0.42060
      -7.25417       0.50340
      -7.24217       0.58780
      -7.23017       0.65930
      -7.21817       0.70330
      -7.20617       0.71020
      -7.19417       0.67970
      -7.18217       0.62100
      -7.17017       0.54960
      -7.15817       0.48170
      -7.14617       0.43030
      -7.13417       0.40310
      -7.12217       0.40320
      -7.11017       0.43040
      -7.09817       0.48260
      -7.08617       0.55700
      -7.07417       0.64930
      -7.06217       0.75280
      -7.05017       0.85840
      -7.03817       0.95670
      -7.02617       1.04100
      -7.01417       1.11200
      -7.00217       1.17500
      -6.99017       1.23600
      -6.97817       1.30300
      -6.96617       1.37700
      -6.95417       1.45900
      -6.94217       1.54400
      -6.93017       1.62400
      -6.91817       1.68800
      -6.90617       1.72300
      -6.89417       1.72000
      -6.88217       1.67600
      -6.87017       1.59700
      -6.85817       1.49500
      -6.84617       1.38900
      -6.83417       1.29200
      -6.82217       1.21700
      -6.81017       1.16700
      -6.79817       1.13800
      -6.78617       1.12100
      -6.77417       1.10800
      -6.76217       1.09200
      -6.75017       1.07200
      -6.73817       1.05100
      -6.72617       1.03000
      -6.71417       1.01000
      -6.70217       0.99190
      -6.69017       0.97270
      -6.67817       0.95030
      -6.66617       0.92180
      -6.65417       0.88460
      -6.64217       0.83920
      -6.63117       0.79000
      -6.61917       0.74570
      -6.60717       0.71660
      -6.59517       0.70980
      -6.58317       0.72510
      -6.57117       0.75430
      -6.55917       0.78470
      -6.54717       0.80410
      -6.53517       0.80600
      -6.52317       0.79180
      -6.51117       0.76890
      -6.49917       0.74710
      -6.48717       0.73440
      -6.47517       0.73260
      -6.46317       0.73770
      -6.45117       0.74120
      -6.43917       0.73560
      -6.42717       0.71750
      -6.41517       0.68960
      -6.40317       0.65820
      -6.39117       0.62990
      -6.37917       0.60870
      -6.36717       0.59480
      -6.35517       0.58530
      -6.34317       0.57680
      -6.33117       0.56720
      -6.31917       0.55830
      -6.30717       0.55520
      -6.29517       0.56400
      -6.28317       0.58790
      -6.27117       0.62350
      -6.25917       0.66160
      -6.24717       0.68940
      -6.23517       0.69630
      -6.22317       0.67840
      -6.21117       0.63940
      -6.19917       0.58970
      -6.18717       0.54220
      -6.17517       0.50810
      -6.16317       0.49260
      -6.15117       0.49390
      -6.13917       0.50440
      -6.12717       0.51440
      -6.11517       0.51700
      -6.10317       0.51090
      -6.09117       0.50000
      -6.07917       0.49010
      -6.06717       0.48570
      -6.05517       0.48810
      -6.04317       0.49610
      -6.03117       0.50730
      -6.01917       0.51890
      -6.00717       0.52780
      -5.99517       0.53090
      -5.98317       0.52620
      -5.97117       0.51450
      -5.95917       0.49930
      -5.94717       0.48560
      -5.93517       0.47690
      -5.92317       0.47430
      -5.91117       0.47630
      -5.89917       0.48070
      -5.88717       0.48450
      -5.87517       0.48390
      -5.86317       0.47470
      -5.85117       0.45360
      -5.83917       0.42120
      -5.82717       0.38290
      -5.81517       0.34780
      -5.80317       0.32580
      -5.79117       0.32420
      -5.77917       0.34560
      -5.76717       0.38690
      -5.75517       0.44010
      -5.74317       0.49370
      -5.73117       0.53570
      -5.71917       0.55560
      -5.70717       0.54810
      -5.69517       0.51380
      -5.68317       0.45970
      -5.67117       0.39800
      -5.65917       0.34270
      -5.64717       0.30650
      -5.63517       0.29670
      -5.62317       0.31380
      -5.61117       0.35010
      -5.59917       0.39230
      -5.58717       0.42530
      -5.57517       0.43740
      -5.56317       0.42470
      -5.55117       0.39220
      -5.53917       0.35170
      -5.52717       0.31650
      -5.51517       0.29600
      -5.50317       0.29390
      -5.49117       0.30860
      -5.47917       0.33510
      -5.46717       0.36770
      -5.45517       0.40000
      -5.44317       0.42520
      -5.43117       0.43740
      -5.41917       0.43310
      -5.40717       0.41300
      -5.39517       0.38200
      -5.38417       0.34760
      -5.37217       0.31710
      -5.36017       0.29540
      -5.34817       0.28470
      -5.33617       0.28570
      -5.32417       0.29790
      -5.31217       0.31940
      -5.30017       0.34520
      -5.28817       0.36650
      -5.27617       0.37420
      -5.26417       0.36230
      -5.25217       0.33180
      -5.24017       0.29070
      -5.22817       0.25000
      -5.21617       0.21990
      -5.20417       0.20720
      -5.19217       0.21440
      -5.18017       0.24090
      -5.16817       0.28280
      -5.15617       0.33370
      -5.14417       0.38460
      -5.13217       0.42500
      -5.12017       0.44500
      -5.10817       0.43830
      -5.09617       0.40450
      -5.08417       0.35010
      -5.07217       0.28660
      -5.06017       0.22690
      -5.04817       0.18220
      -5.03617       0.15950
      -5.02417       0.16130
      -5.01217       0.18590
      -5.00017       0.22720
      -4.98817       0.27550
      -4.97617       0.31910
      -4.96417       0.34690
      -4.95217       0.35250
      -4.94017       0.33590
      -4.92817       0.30420
      -4.91617       0.26750
      -4.90417       0.23530
      -4.89217       0.21300
      -4.88017       0.20190
      -4.86817       0.20090
      -4.85617       0.20860
      -4.84417       0.22430
      -4.83217       0.24670
      -4.82017       0.27330
      -4.80817       0.29920
      -4.79617       0.31820
      -4.78417       0.32510
      -4.77217       0.31780
      -4.76017       0.29840
      -4.74817       0.27200
      -4.73617       0.24430
      -4.72417       0.21920
      -4.71217       0.19920
      -4.70017       0.18570
      -4.68817       0.18090
      -4.67617       0.18680
      -4.66417       0.20330
      -4.65217       0.22700
      -4.64017       0.25060
      -4.62817       0.26600
      -4.61617       0.26730
      -4.60417       0.25460
      -4.59217       0.23280
      -4.58017       0.21010
      -4.56817       0.19400
      -4.55617       0.19020
      -4.54417       0.20150
      -4.53217       0.22880
      -4.52017       0.27120
      -4.50817       0.32660
      -4.49617       0.39180
      -4.48417       0.46290
      -4.47217       0.53460
      -4.46017       0.59960
      -4.44817       0.64950
      -4.43617       0.67800
      -4.42417       0.68520
      -4.41217       0.67890
      -4.40017       0.67150
      -4.38817       0.67480
      -4.37617       0.69420
      -4.36417       0.72780
      -4.35217       0.76920
      -4.34017       0.81210
      -4.32817       0.85460
      -4.31617       0.89960
      -4.30417       0.95170
      -4.29217       1.01300
      -4.28017       1.08100
      -4.26817       1.14500
      -4.25617       1.19600
      -4.24417       1.22500
      -4.23217       1.23300
      -4.22017       1.22400
      -4.20817       1.20600
      -4.19617       1.18600
      -4.18417       1.16900
      -4.17217       1.15700
      -4.16017       1.15600
      -4.14817       1.16900
      -4.13717       1.19700
      -4.12517       1.23400
      -4.11317       1.26700
      -4.10117       1.28300
      -4.08917       1.27500
      -4.07717       1.24700
      -4.06517       1.21000
      -4.05317       1.17600
      -4.04117       1.15000
      -4.02917       1.13000
      -4.01717       1.11200
      -4.00517       1.09400
      -3.99317       1.07700
      -3.98117       1.06700
      -3.96917       1.06200
      -3.95717       1.05900
      -3.94517       1.05100
      -3.93317       1.03200
      -3.92117       1.00400
      -3.90917       0.97450
      -3.89717       0.95380
      -3.88517       0.95120
      -3.87317       0.97030
      -3.86117       1.00800
      -3.84917       1.05500
      -3.83717       1.10000
      -3.82517       1.13400
      -3.81317       1.15000
      -3.80117       1.14800
      -3.78917       1.13400
      -3.77717       1.11100
      -3.76517       1.08600
      -3.75317       1.05900
      -3.74117       1.02800
      -3.72917       0.99400
      -3.71717       0.95920
      -3.70517       0.93090
      -3.69317       0.91780
      -3.68117       0.92530
      -3.66917       0.95280
      -3.65717       0.99380
      -3.64517       1.03900
      -3.63317       1.08200
      -3.62117       1.12000
      -3.60917       1.15000
      -3.59717       1.17400
      -3.58517       1.18900
      -3.57317       1.18900
      -3.56117       1.17200
      -3.54917       1.13800
      -3.53717       1.09000
      -3.52517       1.03800
      -3.51317       0.99130
      -3.50117       0.95840
      -3.48917       0.94390
      -3.47717       0.94710
      -3.46517       0.96290
      -3.45317       0.98480
      -3.44117       1.00800
      -3.42917       1.03500
      -3.41717       1.06800
      -3.40517       1.10900
      -3.39317       1.15800
      -3.38117       1.20500
      -3.36917       1.24200
      -3.35717       1.26400
      -3.34517       1.27000
      -3.33317       1.26300
      -3.32117       1.24800
      -3.30917       1.22600
      -3.29717       1.20000
      -3.28517       1.17300
      -3.27317       1.14600
      -3.26117       1.12300
      -3.24917       1.10400
      -3.23717       1.09200
      -3.22517       1.08900
      -3.21317       1.09900
      -3.20117       1.12500
      -3.18917       1.16600
      -3.17717       1.21600
      -3.16517       1.26600
      -3.15317       1.30700
      -3.14117       1.33200
      -3.12917       1.33700
      -3.11717       1.32600
      -3.10517       1.30600
      -3.09317       1.28400
      -3.08117       1.26900
      -3.06917       1.26600
      -3.05717       1.27700
      -3.04517       1.30200
      -3.03317       1.34000
      -3.02117       1.38800
      -3.00917       1.44200
      -2.99717       1.49900
      -2.98517       1.55200
      -2.97317       1.59800
      -2.96117       1.63100
      -2.94917       1.65100
      -2.93717       1.65600
      -2.92517       1.64800
      -2.91317       1.62900
      -2.90217       1.60300
      -2.89017       1.57600
      -2.87817       1.55000
      -2.86617       1.52500
      -2.85417       1.50100
      -2.84217       1.47700
      -2.83017       1.45100
      -2.81817       1.42700
      -2.80617       1.40700
      -2.79417       1.39500
      -2.78217       1.39700
      -2.77017       1.41600
      -2.75817       1.45000
      -2.74617       1.49100
      -2.73417       1.52400
      -2.72217       1.53800
      -2.71017       1.52800
      -2.69817       1.50100
      -2.68617       1.47300
      -2.67417       1.46400
      -2.66217       1.48000
      -2.65017       1.51700
      -2.63817       1.55600
      -2.62617       1.57700
      -2.61417       1.56600
      -2.60217       1.52200
      -2.59017       1.45800
      -2.57817       1.39600
      -2.56617       1.35700
      -2.55417       1.35200
      -2.54217       1.38200
      -2.53017       1.43600
      -2.51817       1.49300
      -2.50617       1.53300
      -2.49417       1.54200
      -2.48217       1.51900
      -2.47017       1.46900
      -2.45817       1.40800
      -2.44617       1.35000
      -2.43417       1.30300
      -2.42217       1.27300
      -2.41017       1.25900
      -2.39817       1.25800
      -2.38617       1.26800
      -2.37417       1.28800
      -2.36217       1.31900
      -2.35017       1.36200
      -2.33817       1.41200
      -2.32617       1.46500
      -2.31417       1.50800
      -2.30217       1.53100
      -2.29017       1.52900
      -2.27817       1.50200
      -2.26617       1.46000
      -2.25417       1.41100
      -2.24217       1.36400
      -2.23017       1.32400
      -2.21817       1.29300
      -2.20617       1.27100
      -2.19417       1.26000
      -2.18217       1.25600
      -2.17017       1.25800
      -2.15817       1.26300
      -2.14617       1.27200
      -2.13417       1.28900
      -2.12217       1.31500
      -2.11017       1.34500
      -2.09817       1.36800
      -2.08617       1.37500
      -2.07417       1.35700
      -2.06217       1.31900
      -2.05017       1.27500
      -2.03817       1.24400
      -2.02617       1.24000
      -2.01417       1.26300
      -2.00217       1.30300
      -1.99017       1.34400
      -1.97817       1.37100
      -1.96617       1.37600
      -1.95417       1.36100
      -1.94217       1.33300
      -1.93017       1.29700
      -1.91817       1.25700
      -1.90617       1.21600
      -1.89417       1.18000
      -1.88217       1.15400
      -1.87017       1.14800
      -1.85817       1.16100
      -1.84617       1.19000
      -1.83417       1.22100
      -1.82217       1.24400
      -1.81017       1.25400
      -1.79817       1.25400
      -1.78617       1.25400
      -1.77417       1.25800
      -1.76217       1.26600
      -1.75017       1.27100
      -1.73817       1.26500
      -1.72617       1.24600
      -1.71417       1.22100
      -1.70217       1.20000
      -1.69017       1.19500
      -1.67817       1.20800
      -1.66617       1.23200
      -1.65517       1.25800
      -1.64317       1.27200
      -1.63117       1.26400
      -1.61917       1.23100
      -1.60717       1.17800
      -1.59517       1.11700
      -1.58317       1.06800
      -1.57117       1.04600
      -1.55917       1.06000
      -1.54717       1.10300
      -1.53517       1.15900
      -1.52317       1.20700
      -1.51117       1.23300
      -1.49917       1.23100
      -1.48717       1.20500
      -1.47517       1.16800
      -1.46317       1.13200
      -1.45117       1.11200
      -1.43917       1.11300
      -1.42717       1.13000
      -1.41517       1.15100
      -1.40317       1.16000
      -1.39117       1.14800
      -1.37917       1.11400
      -1.36717       1.06600
      -1.35517       1.01600
      -1.34317       0.97110
      -1.33117       0.93250
      -1.31917       0.90000
      -1.30717       0.87410
      -1.29517       0.85710
      -1.28317       0.85110
      -1.27117       0.85430
      -1.25917       0.86080
      -1.24717       0.86290
      -1.23517       0.85430
      -1.22317       0.83260
      -1.21117       0.79910
      -1.19917       0.75750
      -1.18717       0.71300
      -1.17517       0.67200
      -1.16317       0.64130
      -1.15117       0.62620
      -1.13917       0.62750
      -1.12717       0.64080
      -1.11517       0.65700
      -1.10317       0.66600
      -1.09117       0.66020
      -1.07917       0.63760
      -1.06717       0.60160
      -1.05517       0.56060
      -1.04317       0.52520
      -1.03117       0.50520
      -1.01917       0.50590
      -1.00717       0.52550
      -0.99517       0.55430
      -0.98317       0.57890
      -0.97117       0.58750
      -0.95917       0.57550
      -0.94717       0.54730
      -0.93517       0.51300
      -0.92317       0.48400
      -0.91117       0.46790
      -0.89917       0.46620
      -0.88717       0.47440
      -0.87517       0.48460
      -0.86317       0.48840
      -0.85117       0.48020
      -0.83917       0.45940
      -0.82717       0.42980
      -0.81517       0.39870
      -0.80317       0.37430
      -0.79117       0.36170
      -0.77917       0.36180
      -0.76717       0.36990
      -0.75517       0.37840
      -0.74317       0.38040
      -0.73117       0.37320
      -0.71917       0.35890
      -0.70717       0.34260
      -0.69517       0.32960
      -0.68317       0.32270
      -0.67117       0.32180
      -0.65917       0.32480
      -0.64717       0.32830
      -0.63517       0.32930
      -0.62317       0.32560
      -0.61117       0.31690
      -0.59917       0.30480
      -0.58717       0.29210
      -0.57517       0.28150
      -0.56317       0.27510
      -0.55117       0.27340
      -0.53917       0.27470
      -0.52717       0.27550
      -0.51517       0.27220
      -0.50317       0.26250
      -0.49117       0.24670
      -0.47917       0.22810
      -0.46717       0.21110
      -0.45517       0.19920
      -0.44317       0.19290
      -0.43117       0.19020
      -0.41917       0.18780
      -0.40817       0.18340
      -0.39617       0.17650
      -0.38417       0.16920
      -0.37217       0.16420
      -0.36017       0.16290
      -0.34817       0.16450
      -0.33617       0.16630
      -0.32417       0.16520
      -0.31217       0.15940
      -0.30017       0.14890
      -0.28817       0.13510
      -0.27617       0.12000
      -0.26417       0.10530
      -0.25217       0.09165
      -0.24017       0.07935
      -0.22817       0.06809
      -0.21617       0.05749
      -0.20417       0.04728
      -0.19217       0.03744
      -0.18017       0.02818
      -0.16817       0.01992
      -0.15617       0.01308
      -0.14417       0.00790
      -0.13217       0.00437
      -0.12017       0.00219
      -0.10817       0.00100
      -0.09617       0.00041
      -0.08417       0.00015
      -0.07217       0.00005
      -0.06017       0.00002
      -0.04817       0.00000
      -0.03617       0.00000
      -0.02417       0.00000
      -0.01217       0.00000
      -0.00017       0.00000
       0.01183       0.00000
       0.02383       0.00000
       0.03583       0.00000
       0.04783       0.00000
       0.05983       0.00000
       0.07183       0.00000
       0.08383       0.00000
       0.09583       0.00000
       0.10783       0.00000
       0.11983       0.00000
       0.13183       0.00000
       0.14383       0.00000
       0.15583       0.00000
       0.16783       0.00000
       0.17983       0.00000
       0.19183       0.00000
       0.20383       0.00000
       0.21583       0.00000
       0.22783       0.00000
       0.23983       0.00000
       0.25183       0.00000
       0.26383       0.00000
       0.27583       0.00000
       0.28783       0.00000
       0.29983       0.00001
       0.31183       0.00002
       0.32383       0.00005
       0.33583       0.00015
       0.34783       0.00039
       0.35983       0.00090
       0.37183       0.00187
       0.38383       0.00359
       0.39583       0.00638
       0.40783       0.01058
       0.41983       0.01654
       0.43183       0.02453
       0.44383       0.03455
       0.45583       0.04625
       0.46783       0.05886
       0.47983       0.07150
       0.49183       0.08358
       0.50383       0.09513
       0.51583       0.10670
       0.52783       0.11870
       0.53983       0.13080
       0.55183       0.14200
       0.56383       0.15110
       0.57583       0.15790
       0.58783       0.16420
       0.59983       0.17300
       0.61183       0.18770
       0.62383       0.20940
       0.63583       0.23540
       0.64783       0.26060
       0.65983       0.27920
       0.67183       0.28860
       0.68383       0.28990
       0.69583       0.28750
       0.70783       0.28610
       0.71983       0.28830
       0.73183       0.29410
       0.74383       0.30180
       0.75583       0.30990
       0.76783       0.31780
       0.77983       0.32630
       0.79183       0.33650
       0.80383       0.34850
       0.81583       0.36070
       0.82783       0.37040
       0.83883       0.37440
       0.85083       0.37110
       0.86283       0.36270
       0.87483       0.35490
       0.88683       0.35580
       0.89883       0.37130
       0.91083       0.40190
       0.92283       0.44160
       0.93483       0.47980
       0.94683       0.50620
       0.95883       0.51490
       0.97083       0.50710
       0.98283       0.49020
       0.99483       0.47460
       1.00683       0.46840
       1.01883       0.47440
       1.03083       0.48930
       1.04283       0.50610
       1.05483       0.51800
       1.06683       0.52130
       1.07883       0.51620
       1.09083       0.50540
       1.10283       0.49250
       1.11483       0.48130
       1.12683       0.47560
       1.13883       0.47850
       1.15083       0.49090
       1.16283       0.51020
       1.17483       0.53110
       1.18683       0.54790
       1.19883       0.55830
       1.21083       0.56440
       1.22283       0.57130
       1.23483       0.58410
       1.24683       0.60530
       1.25883       0.63320
       1.27083       0.66310
       1.28283       0.68880
       1.29483       0.70480
       1.30683       0.70860
       1.31883       0.70240
       1.33083       0.69240
       1.34283       0.68680
       1.35483       0.69170
       1.36683       0.70850
       1.37883       0.73390
       1.39083       0.76210
       1.40283       0.78790
       1.41483       0.80800
       1.42683       0.82060
       1.43883       0.82540
       1.45083       0.82280
       1.46283       0.81540
       1.47483       0.80720
       1.48683       0.80260
       1.49883       0.80440
       1.51083       0.81270
       1.52283       0.82520
       1.53483       0.83850
       1.54683       0.85050
       1.55883       0.86130
       1.57083       0.87290
       1.58283       0.88680
       1.59483       0.90230
       1.60683       0.91580
       1.61883       0.92290
       1.63083       0.92230
       1.64283       0.91800
       1.65483       0.91780
       1.66683       0.92950
       1.67883       0.95630
       1.69083       0.99530
       1.70283       1.04000
       1.71483       1.08400
       1.72683       1.12200
       1.73883       1.15100
       1.75083       1.17000
       1.76283       1.17700
       1.77483       1.17500
       1.78683       1.16800
       1.79883       1.16600
       1.81083       1.17400
       1.82283       1.19700
       1.83483       1.23300
       1.84683       1.27700
       1.85883       1.32000
       1.87083       1.35400
       1.88283       1.37100
       1.89483       1.37200
       1.90683       1.36000
       1.91883       1.34300
       1.93083       1.32900
       1.94283       1.32600
       1.95483       1.33800
       1.96683       1.36500
       1.97883       1.40700
       1.99083       1.46500
       2.00283       1.53700
       2.01483       1.61800
       2.02683       1.69600
       2.03883       1.75100
       2.05083       1.76900
       2.06283       1.74400
       2.07483       1.68200
       2.08583       1.60200
       2.09783       1.52800
       2.10983       1.48000
       2.12183       1.46600
       2.13383       1.48100
       2.14583       1.51100
       2.15783       1.54100
       2.16983       1.55900
       2.18183       1.56400
       2.19383       1.56500
       2.20583       1.57200
       2.21783       1.59300
       2.22983       1.62600
       2.24183       1.66500
       2.25383       1.69600
       2.26583       1.71000
       2.27783       1.69800
       2.28983       1.66000
       2.30183       1.60200
       2.31383       1.53600
       2.32583       1.47700
       2.33783       1.43100
       2.34983       1.39900
       2.36183       1.37600
       2.37383       1.35600
       2.38583       1.33900
       2.39783       1.32700
       2.40983       1.32400
       2.42183       1.33200
       2.43383       1.35100
       2.44583       1.37600
       2.45783       1.39600
       2.46983       1.40100
       2.48183       1.38200
       2.49383       1.34000
       2.50583       1.28200
       2.51783       1.22400
       2.52983       1.18100
       2.54183       1.15900
       2.55383       1.15400
       2.56583       1.15200
       2.57783       1.14100
       2.58983       1.11700
       2.60183       1.08200
       2.61383       1.04700
       2.62583       1.01800
       2.63783       0.99850
       2.64983       0.98640
       2.66183       0.97890
       2.67383       0.97680
       2.68583       0.98520
       2.69783       1.01100
       2.70983       1.05700
       2.72183       1.12000
       2.73383       1.18800
       2.74583       1.24800
       2.75783       1.28300
       2.76983       1.28800
       2.78183       1.26400
       2.79383       1.21900
       2.80583       1.16600
       2.81783       1.11600
       2.82983       1.07600
       2.84183       1.05000
       2.85383       1.03700
       2.86583       1.03400
       2.87783       1.03800
       2.88983       1.04200
       2.90183       1.04400
       2.91383       1.04200
       2.92583       1.03600
       2.93783       1.02900
       2.94983       1.02700
       2.96183       1.04000
       2.97383       1.07900
       2.98583       1.15200
       2.99783       1.25800
       3.00983       1.38800
       3.02183       1.52600
       3.03383       1.66200
       3.04583       1.79100
       3.05783       1.91700
       3.06983       2.04400
       3.08183       2.16800
       3.09383       2.27900
       3.10583       2.36100
       3.11783       2.40300
       3.12983       2.40300
       3.14183       2.37200
       3.15383       2.32600
       3.16583       2.28000
       3.17783       2.24300
       3.18983       2.21100
       3.20183       2.17500
       3.21383       2.12600
       3.22583       2.06100
       3.23783       1.98500
       3.24983       1.90600
       3.26183       1.83800
       3.27383       1.78900
       3.28583       1.76500
       3.29783       1.76500
       3.30983       1.78500
       3.32183       1.81700
       3.33283       1.84900
       3.34483       1.87200
       3.35683       1.87800
       3.36883       1.86000
       3.38083       1.81900
       3.39283       1.76100
       3.40483       1.69500
       3.41683       1.63600
       3.42883       1.59500
       3.44083       1.57900
       3.45283       1.59100
       3.46483       1.62100
       3.47683       1.65800
       3.48883       1.68100
       3.50083       1.67600
       3.51283       1.64200
       3.52483       1.59100
       3.53683       1.54500
       3.54883       1.52500
       3.56083       1.54300
       3.57283       1.59300
       3.58483       1.65800
       3.59683       1.71700
       3.60883       1.75600
       3.62083       1.77000
       3.63283       1.76800
       3.64483       1.76000
       3.65683       1.75800
       3.66883       1.76300
       3.68083       1.76900
       3.69283       1.76700
       3.70483       1.74600
       3.71683       1.70400
       3.72883       1.64200
       3.74083       1.56700
       3.75283       1.48400
       3.76483       1.40000
       3.77683       1.32100
       3.78883       1.25300
       3.80083       1.20000
       3.81283       1.16400
       3.82483       1.14200
       3.83683       1.12600
       3.84883       1.11000
       3.86083       1.08600
       3.87283       1.05600
       3.88483       1.02700
       3.89683       1.00800
       3.90883       1.00800
       3.92083       1.02800
       3.93283       1.06400
       3.94483       1.10900
       3.95683       1.15700
       3.96883       1.20200
       3.98083       1.23900
       3.99283       1.26900
       4.00483       1.28900
       4.01683       1.30200
       4.02883       1.30800
       4.04083       1.31000
       4.05283       1.31000
       4.06483       1.31200
       4.07683       1.32000
       4.08883       1.33400
       4.10083       1.35500
       4.11283       1.38000
       4.12483       1.41000
       4.13683       1.44000
       4.14883       1.46400
       4.16083       1.47400
       4.17283       1.46300
       4.18483       1.42800
       4.19683       1.37200
       4.20883       1.30300
       4.22083       1.23200
       4.23283       1.17000
       4.24483       1.12100
       4.25683       1.08500
       4.26883       1.06200
       4.28083       1.05000
       4.29283       1.04900
       4.30483       1.06300
       4.31683       1.09200
       4.32883       1.13500
       4.34083       1.18400
       4.35283       1.23500
       4.36483       1.28100
       4.37683       1.31700
       4.38883       1.34200
       4.40083       1.35200
       4.41283       1.34700
       4.42483       1.33200
       4.43683       1.31400
       4.44883       1.29900
       4.46083       1.29300
       4.47283       1.29300
       4.48483       1.29600
       4.49683       1.29600
       4.50883       1.29300
       4.52083       1.29100
       4.53283       1.29800
       4.54483       1.32000
       4.55683       1.36000
       4.56883       1.41500
       4.57983       1.48000
       4.59183       1.54200
       4.60383       1.58900
       4.61583       1.60900
       4.62783       1.59600
       4.63983       1.55400
       4.65183       1.49000
       4.66383       1.41700
       4.67583       1.34700
       4.68783       1.28800
       4.69983       1.24700
       4.71183       1.22300
       4.72383       1.21300
       4.73583       1.20700
       4.74783       1.19600
       4.75983       1.17800
       4.77183       1.15400
       4.78383       1.12900
       4.79583       1.10700
       4.80783       1.08700
       4.81983       1.06700
       4.83183       1.04400
       4.84383       1.02100
       4.85583       1.00700
       4.86783       1.00700
       4.87983       1.02500
       4.89183       1.05900
       4.90383       1.10100
       4.91583       1.14500
       4.92783       1.18600
       4.93983       1.22100
       4.95183       1.25200
       4.96383       1.27700
       4.97583       1.29400
       4.98783       1.30100
       4.99983       1.29400
       5.01183       1.27400
       5.02383       1.24100
       5.03583       1.20300
       5.04783       1.16700
       5.05983       1.14200
       5.07183       1.13600
       5.08383       1.15400
       5.09583       1.19300
       5.10783       1.24500
       5.11983       1.29600
       5.13183       1.33600
       5.14383       1.35700
       5.15583       1.35600
       5.16783       1.33700
       5.17983       1.30400
       5.19183       1.26600
       5.20383       1.23100
       5.21583       1.20500
       5.22783       1.19400
       5.23983       1.19600
       5.25183       1.20200
       5.26383       1.20200
       5.27583       1.18600
       5.28783       1.15200
       5.29983       1.10600
       5.31183       1.06000
       5.32383       1.02700
       5.33583       1.01400
       5.34783       1.02200
       5.35983       1.04600
       5.37183       1.07400
       5.38383       1.09900
       5.39583       1.11500
       5.40783       1.12200
       5.41983       1.12600
       5.43183       1.13100
       5.44383       1.13600
       5.45583       1.13700
       5.46783       1.12600
       5.47983       1.09800
       5.49183       1.05500
       5.50383       1.00500
       5.51583       0.96180
       5.52783       0.93420
       5.53983       0.92700
       5.55183       0.93840
       5.56383       0.96360
       5.57583       0.99810
       5.58783       1.03900
       5.59983       1.08400
       5.61183       1.13300
       5.62383       1.18200
       5.63583       1.22500
       5.64783       1.25700
       5.65983       1.27400
       5.67183       1.27300
       5.68383       1.25600
       5.69583       1.23000
       5.70783       1.20300
       5.71983       1.18000
       5.73183       1.16600
       5.74383       1.15900
       5.75583       1.15800
       5.76783       1.15900
       5.77983       1.15400
       5.79183       1.13800
       5.80383       1.10600
       5.81583       1.06300
       5.82683       1.01700
       5.83883       0.97990
       5.85083       0.96120
       5.86283       0.96140
       5.87483       0.97270
       5.88683       0.98230
       5.89883       0.97840
       5.91083       0.95360
       5.92283       0.90750
       5.93483       0.84720
       5.94683       0.78570
       5.95883       0.73900
       5.97083       0.72090
       5.98283       0.73750
       5.99483       0.78420
       6.00683       0.84640
       6.01883       0.90490
       6.03083       0.94170
       6.04283       0.94660
       6.05483       0.91970
       6.06683       0.87160
       6.07883       0.82030
       6.09083       0.78550
       6.10283       0.78210
       6.11483       0.81450
       6.12683       0.87530
       6.13883       0.94740
       6.15083       1.01200
       6.16283       1.05500
       6.17483       1.07600
       6.18683       1.08300
       6.19883       1.08800
       6.21083       1.10100
       6.22283       1.12700
       6.23483       1.16200
       6.24683       1.20000
       6.25883       1.23200
       6.27083       1.24900
       6.28283       1.24500
       6.29483       1.21600
       6.30683       1.16400
       6.31883       1.09700
       6.33083       1.02900
       6.34283       0.97140
       6.35483       0.93080
       6.36683       0.90730
       6.37883       0.89670
       6.39083       0.89420
       6.40283       0.89560
       6.41483       0.89750
       6.42683       0.89720
       6.43883       0.89150
       6.45083       0.87850
       6.46283       0.85690
       6.47483       0.82800
       6.48683       0.79510
       6.49883       0.76380
       6.51083       0.74090
       6.52283       0.73110
       6.53483       0.73550
       6.54683       0.74940
       6.55883       0.76410
       6.57083       0.77060
       6.58283       0.76440
       6.59483       0.74760
       6.60683       0.72820
       6.61883       0.71410
       6.63083       0.70900
       6.64283       0.70980
       6.65483       0.71000
       6.66683       0.70380
       6.67883       0.69030
       6.69083       0.67290
       6.70283       0.65800
       6.71483       0.65210
       6.72683       0.66010
       6.73883       0.68410
       6.75083       0.72230
       6.76283       0.76830
       6.77483       0.81260
       6.78683       0.84550
       6.79883       0.86190
       6.81083       0.86390
       6.82283       0.85940
       6.83483       0.85900
       6.84683       0.87070
       6.85883       0.89860
       6.87083       0.94180
       6.88283       0.99510
       6.89483       1.04900
       6.90683       1.09300
       6.91883       1.11400
       6.93083       1.10500
       6.94283       1.06300
       6.95483       0.99410
       6.96683       0.90870
       6.97883       0.81880
       6.99083       0.73470
       7.00283       0.66280
       7.01483       0.60560
       7.02683       0.56210
       7.03883       0.52900
       7.05083       0.50200
       7.06283       0.47760
       7.07383       0.45450
       7.08583       0.43490
       7.09783       0.42270
       7.10983       0.42240
       7.12183       0.43630
       7.13383       0.46370
       7.14583       0.50020
       7.15783       0.53790
       7.16983       0.56680
       7.18183       0.57750
       7.19383       0.56570
       7.20583       0.53400
       7.21783       0.49220
       7.22983       0.45270
       7.24183       0.42570
       7.25383       0.41570
       7.26583       0.42070
       7.27783       0.43470
       7.28983       0.45100
       7.30183       0.46500
       7.31383       0.47540
       7.32583       0.48440
       7.33783       0.49570
       7.34983       0.51220
       7.36183       0.53500
       7.37383       0.56250
       7.38583       0.59110
       7.39783       0.61570
       7.40983       0.63180
       7.42183       0.63760
       7.43383       0.63610
       7.44583       0.63560
       7.45783       0.64720
       7.46983       0.67970
       7.48183       0.73500
       7.49383       0.80450
       7.50583       0.87090
       7.51783       0.91320
       7.52983       0.91580
       7.54183       0.87520
       7.55383       0.80200
       7.56583       0.71580
       7.57783       0.63690
       7.58983       0.57880
       7.60183       0.54470
       7.61383       0.53000
       7.62583       0.52660
       7.63783       0.52730
       7.64983       0.52710
       7.66183       0.52360
       7.67383       0.51560
       7.68583       0.50260
       7.69783       0.48470
       7.70983       0.46220
       7.72183       0.43620
       7.73383       0.40860
       7.74583       0.38240
       7.75783       0.36090
       7.76983       0.34720
       7.78183       0.34260
       7.79383       0.34590
       7.80583       0.35410
       7.81783       0.36230
       7.82983       0.36610
       7.84183       0.36300
       7.85383       0.35380
       7.86583       0.34190
       7.87783       0.33220
       7.88983       0.32860
       7.90183       0.33330
       7.91383       0.34590
       7.92583       0.36400
       7.93783       0.38330
       7.94983       0.39900
       7.96183       0.40790
       7.97383       0.40900
       7.98583       0.40480
       7.99783       0.39960
       8.00983       0.39770
       8.02183       0.40210
       8.03383       0.41330
       8.04583       0.43000
       8.05783       0.44850
       8.06983       0.46330
       8.08183       0.46740
       8.09383       0.45430
       8.10583       0.42110
       8.11783       0.37040
       8.12983       0.31030
       8.14183       0.25010
       8.15383       0.19680
       8.16583       0.15330
       8.17783       0.11880
       8.18983       0.09208
       8.20183       0.07247
       8.21383       0.06067
       8.22583       0.05788
       8.23783       0.06487
       8.24983       0.08092
       8.26183       0.10310
       8.27383       0.12660
       8.28583       0.14590
       8.29783       0.15690
       8.30983       0.15840
       8.32083       0.15250
       8.33283       0.14250
       8.34483       0.13110
       8.35683       0.11910
       8.36883       0.10630
       8.38083       0.09281
       8.39283       0.08013
       8.40483       0.07124
       8.41683       0.06920
       8.42883       0.07550
       8.44083       0.08924
       8.45283       0.10740
       8.46483       0.12630
       8.47683       0.14340
       8.48883       0.15850
       8.50083       0.17340
       8.51283       0.19100
       8.52483       0.21310
       8.53683       0.23900
       8.54883       0.26520
       8.56083       0.28640
       8.57283       0.29810
       8.58483       0.29910
       8.59683       0.29230
       8.60883       0.28290
       8.62083       0.27570
       8.63283       0.27130
       8.64483       0.26610
       8.65683       0.25420
       8.66883       0.23150
       8.68083       0.19860
       8.69283       0.16020
       8.70483       0.12340
       8.71683       0.09359
       8.72883       0.07321
       8.74083       0.06099
       8.75283       0.05369
       8.76483       0.04803
       8.77683       0.04236
       8.78883       0.03694
       8.80083       0.03331
       8.81283       0.03294
       8.82483       0.03629
       8.83683       0.04262
       8.84883       0.05046
       8.86083       0.05849
       8.87283       0.06612
       8.88483       0.07349
       8.89683       0.08091
       8.90883       0.08825
       8.92083       0.09451
       8.93283       0.09823
       8.94483       0.09838
       8.95683       0.09514
       8.96883       0.08992
       8.98083       0.08451
       8.99283       0.08008
       9.00483       0.07677
       9.01683       0.07425
       9.02883       0.07243
       9.04083       0.07176
       9.05283       0.07297
       9.06483       0.07676
       9.07683       0.08363
       9.08883       0.09396
       9.10083       0.10780
       9.11283       0.12420
       9.12483       0.14120
       9.13683       0.15570
       9.14883       0.16450
       9.16083       0.16540
       9.17283       0.15830
       9.18483       0.14480
       9.19683       0.12780
       9.20883       0.10980
       9.22083       0.09245
       9.23283       0.07618
       9.24483       0.06091
       9.25683       0.04673
       9.26883       0.03432
       9.28083       0.02463
       9.29283       0.01840
       9.30483       0.01559
       9.31683       0.01536
       9.32883       0.01631
       9.34083       0.01702
       9.35283       0.01662
       9.36483       0.01508
       9.37683       0.01320
       9.38883       0.01229
       9.40083       0.01373
       9.41283       0.01853
       9.42483       0.02685
       9.43683       0.03777
       9.44883       0.04921
       9.46083       0.05837
       9.47283       0.06270
       9.48483       0.06092
       9.49683       0.05365
       9.50883       0.04324
       9.52083       0.03282
       9.53283       0.02518
       9.54483       0.02201
       9.55683       0.02360
       9.56783       0.02907
       9.57983       0.03668
       9.59183       0.04426
       9.60383       0.04965
       9.61583       0.05125
       9.62783       0.04844
       9.63983       0.04181
       9.65183       0.03286
       9.66383       0.02347
       9.67583       0.01522
       9.68783       0.00901
       9.69983       0.00501
       9.71183       0.00291
       9.72383       0.00218
       9.73583       0.00234
       9.74783       0.00293
       9.75983       0.00360
       9.77183       0.00404
       9.78383       0.00408
       9.79583       0.00367
       9.80783       0.00296
       9.81983       0.00212
       9.83183       0.00136
       9.84383       0.00078
       9.85583       0.00040
       9.86783       0.00018
       9.87983       0.00007
       9.89183       0.00003
       9.90383       0.00001
       9.91583       0.00000
       9.92783       0.00000
       9.93983       0.00000
       9.95183       0.00000
       9.96383       0.00000
       9.97583       0.00000
       9.98783       0.00000
       9.99983       0.00000
      10.01183       0.00000
      10.02383       0.00000
      10.03583       0.00000
      10.04783       0.00000
      10.05983       0.00000
      10.07183       0.00000
      10.08383       0.00000
      10.09583       0.00000
      10.10783       0.00000
      10.11983       0.00000
      10.13183       0.00000
      10.14383       0.00000
      10.15583       0.00000
      10.16783       0.00000
      10.17983       0.00000
      10.19183       0.00000
      10.20383       0.00000
      10.21583       0.00000
      10.22783       0.00000
      10.23983       0.00000
      10.25183       0.00000
      10.26383       0.00000
      10.27583       0.00000
      10.28783       0.00000
      10.29983       0.00000
      10.31183       0.00000
      10.32383       0.00000
      10.33583       0.00000
      10.34783       0.00000
      10.35983       0.00000
      10.37183       0.00000
      10.38383       0.00000
      10.39583       0.00000
      10.40783       0.00000
      10.41983       0.00000
      10.43183       0.00000
      10.44383       0.00000
      10.45583       0.00000
      10.46783       0.00000
      10.47983       0.00000
      10.49183       0.00000
      10.50383       0.00000
      10.51583       0.00000
      10.52783       0.00000
      10.53983       0.00000
      10.55183       0.00000
      10.56383       0.00000
      10.57583       0.00000
      10.58783       0.00000
      10.59983       0.00000
      10.61183       0.00000
      10.62383       0.00000
      10.63583       0.00000
      10.64783       0.00000
      10.65983       0.00000
      10.67183       0.00000
      10.68383       0.00000
      10.69583       0.00000
      10.70783       0.00000
      10.71983       0.00000
      10.73183       0.00000
      10.74383       0.00000
      10.75583       0.00000
      10.76783       0.00000
      10.77983       0.00000
      10.79183       0.00000
      10.80383       0.00000
      10.81483       0.00000
      10.82683       0.00000
      10.83883       0.00000
      10.85083       0.00000
      10.86283       0.00000
